# k_h
1.028183669404824687e-05
1.101947232901361776e-05
1.181002714040256616e-05
1.265729763573263175e-05
1.356535269012615611e-05
1.453855308640386053e-05
1.558157245701641334e-05
1.669941972838412281e-05
1.789746317542995063e-05
1.918145620182372843e-05
2.055756496974288071e-05
2.203239801183700137e-05
2.361303796760275806e-05
2.530707559657779539e-05
2.712264623169639220e-05
2.906846884786763765e-05
3.115388793339734586e-05
3.338891836533310016e-05
3.578429350423956368e-05
3.835151673937093030e-05
4.110291673177759379e-05
4.405170662064287373e-05
4.721204747717832478e-05
5.059911631080438638e-05
5.422917895420467074e-05
5.811966817727224347e-05
6.228926740507705745e-05
6.675800044189611298e-05
7.154732763219094713e-05
7.668024892032970611e-05
8.218141430398062663e-05
8.807724221161112330e-05
9.439604637258057560e-05
1.011681717890992941e-04
1.084261404630362710e-04
1.162048075774043640e-04
1.245415288825585832e-04
1.334763400909511359e-04
1.430521491419580729e-04
1.533149422600952965e-04
1.643140047961855698e-04
1.761021579120289142e-04
1.887360122452150181e-04
2.022762397722597855e-04
2.167878651756459114e-04
2.323405781140054941e-04
2.490090678950727704e-04
2.668733821586168086e-04
2.860193112918697636e-04
3.065388004235404616e-04
3.285303909749474590e-04
3.520996938887454306e-04
3.773598968078483774e-04
4.044323076401904284e-04
4.334469371197045189e-04
4.645431231611697265e-04
4.978702000072880501e-04
5.335882153814572315e-04
5.718686990902458779e-04
6.128954867666573832e-04
6.568656027100697528e-04
7.039902060625459739e-04
7.544956048653634088e-04
8.086243428656083839e-04
8.666363642920332268e-04
9.288102621938232589e-04
9.954446163372111453e-04
1.066859427084964262e-03
1.143397652144709101e-03
1.225426853566075188e-03
1.313340962896081309e-03
1.407562172969635365e-03
1.508542965420142353e-03
1.616768283647026854e-03
1.732757861675453129e-03
1.857068720092225778e-03
1.990297841044176390e-03
2.133085035145271084e-03
2.286116014060284550e-03
2.450125683520606047e-03
2.625901672586339851e-03
2.814288116103389782e-03
3.016189708520149951e-03
3.232576048531575486e-03
3.464486295415067103e-03
3.713034159419424749e-03
3.979413250172429868e-03
4.264902808791826150e-03
4.570873851227251483e-03
4.898795752335476962e-03
5.250243302307882644e-03
5.626904269337475346e-03
6.030587504843901506e-03
6.463231630180452797e-03
6.926914346539500382e-03
7.423862412765654811e-03
7.956462338993419356e-03
8.527271847463709781e-03
9.139032155558007506e-03
9.794681140037233072e-03
1.049736744570447904e-02
1.125046560624609442e-02
1.205759224986641294e-02
1.292262346754099317e-02
1.384971342729651202e-02
1.484331432390926728e-02
1.590819775982741519e-02
1.704947765999521164e-02
1.827263483062391627e-02
1.958354327984875368e-02
2.098849842667237231e-02
2.249424733366386236e-02
2.410802110860039982e-02
2.583756963065530002e-02
2.769119876789910908e-02
2.967781026484452717e-02
3.180694449158851661e-02
3.408882625984713255e-02
3.653441392590704023e-02
3.915545201630229316e-02
4.196452762894260780e-02
4.497513088054990588e-02
4.820171969069210471e-02
5.165978921352823439e-02
5.536594625070002940e-02
5.933798900272450882e-02
6.359499254188102912e-02
6.815740041706180863e-02
7.304712283050286692e-02
7.828764185787290275e-02
8.390412421702196644e-02
8.992354212694290971e-02
9.637480283735071207e-02
1.032888874509239330e-01
1.106989997048787172e-01
1.186407254263742439e-01
1.271522034275074375e-01
1.362743086605917031e-01
1.460508485132923362e-01
1.565287731862931853e-01
1.677584011637981709e-01
1.797936608596527319e-01
1.926923495995476188e-01
2.065164111830299631e-01
2.213322333582590229e-01
2.372109666380852744e-01
2.542288659885116320e-01
2.724676570304384593e-01
2.920149285133160633e-01
3.129645529454930242e-01
3.354171374012677731e-01
3.594805066695688778e-01
3.852702210645051473e-01
4.129101313844843468e-01
4.425329736849982210e-01
4.742810067213723002e-01
5.083066951226914432e-01
5.447734415777305550e-01
5.838563715490916461e-01
6.257431742840049438e-01
6.706350041606079504e-01
7.187474466982691768e-01
7.703115538710579857e-01
8.255749536962810886e-01
8.848030394267005772e-01
9.482802440573289138e-01
1.016311406267408346e+00
1.089223234357284964e+00
1.167365875210475634e+00
1.251114595815641106e+00
1.340871585423647927e+00
1.437067886994312982e+00
1.540165467208264971e+00
1.650659434984813601e+00
1.769080419159889450e+00
1.895997116742451416e+00
2.032019023986941786e+00
2.177799363397308507e+00
2.334038220719040879e+00
2.501485906984096896e+00
2.680946561754391055e+00
2.873282014867807987e+00
3.079415925232135365e+00
3.300338216542787695e+00
3.537109831226108003e+00
3.790867825438272831e+00
4.062830829587678494e+00
4.354304900604053508e+00
4.666689794058851426e+00
5.001485686257725938e+00
5.360300378586821957e+00
5.744857018710544772e+00
6.157002375700598051e+00
6.598715708836123461e+00
7.072118272666073402e+00
7.579483503980041448e+00
8.123247939608960522e+00
8.706022917486516022e+00
9.330607117163660646e+00
1.000000000000000000e+01
