# d_a
0.000000000000000000e+00
3.709083288932534970e+02
6.654771345152780668e+02
9.008139515694529109e+02
1.089439551623089983e+03
1.240777176352818742e+03
1.362074874167816006e+03
1.459001431873219190e+03
1.536047263124196206e+03
1.596804288390532292e+03
1.644167779081621575e+03
1.680485899238873571e+03
1.707672896871895546e+03
1.727296210686532277e+03
1.740644355110759079e+03
1.748780339697081217e+03
1.752584024654311179e+03
1.752785909760129016e+03
1.749994227826254246e+03
1.744716766860741927e+03
1.737378517703330317e+03
1.728335999392049416e+03
1.717888929133048350e+03
1.706289761605520880e+03
1.693751512423740678e+03
1.680454195031420340e+03
1.666550133368723209e+03
1.652168360049279045e+03
1.637418268285560771e+03
1.622392652947389934e+03
1.607170250043620172e+03
