# d_l
0.000000000000000000e+00
4.487990779608368257e+02
9.582870737020002707e+02
1.522375578152375510e+03
2.135301521181256248e+03
2.791748646793842454e+03
3.486911677869609775e+03
4.216514138113604531e+03
4.976793132522395354e+03
5.764463481089820561e+03
6.576671116326486299e+03
7.410942815643433278e+03
8.265136820859976069e+03
9.137396954531754091e+03
1.002611148543797390e+04
1.092987712310675852e+04
1.184746800666314448e+04
1.277780928215134190e+04
1.371995474615783132e+04
1.467306800929884230e+04
1.563640665932997217e+04
1.660930895415759369e+04
1.759118263432241656e+04
1.858149550388412536e+04
1.957976748361844511e+04
2.058556388913490082e+04
2.159848972845865137e+04
2.261818484907463062e+04
2.364431979404349840e+04
2.467659225132980646e+04
2.571472400069792275e+04
