# d_m
0.000000000000000000e+00
4.079991617825788808e+02
7.985725614183336347e+02
1.171058137040288784e+03
1.525215372272326022e+03
1.861165764529228227e+03
2.179319798668505882e+03
2.480302434184472986e+03
2.764885073623553126e+03
3.033928147942011037e+03
3.288335558163243149e+03
3.529020388401634591e+03
3.756880373118170610e+03
3.972781284579024032e+03
4.177546452265822154e+03
4.371950849242703043e+03
4.556718464101209065e+03
4.732521956352348752e+03
4.899983837913511707e+03
5.059678623896152203e+03
5.212135553109990724e+03
5.357841598115353008e+03
5.497244573225754721e+03
5.630756213298219336e+03
5.758755142240718669e+03
5.881589682609971533e+03
5.999580480127403462e+03
6.113022932182332625e+03
6.222189419485131111e+03
6.327331346494821446e+03
6.428681000174480687e+03
