# d_v
0.000000000000000000e+00
4.051238704162726094e+02
7.866053172524481170e+02
1.143385682165868047e+03
1.475197138569838216e+03
1.782432667958036291e+03
2.065988142772716401e+03
2.327105700470070587e+03
2.567236433759603187e+03
2.787930376592478297e+03
2.990754693589696217e+03
3.177236983417851206e+03
3.348828957196664760e+03
3.506885568407535629e+03
3.652655233446828333e+03
3.787277618818332485e+03
3.911786317972788311e+03
4.027114476784833187e+03
4.134102014068428616e+03
4.233503527113736709e+03
4.325996294065116672e+03
4.412188011191520673e+03
4.492624057799077491e+03
4.567794184512842548e+03
4.638138587203426141e+03
4.704053370279373667e+03
4.765895427553949048e+03
4.823986782157920970e+03
4.878618432971624316e+03
4.930053756488365252e+03
4.978531511707080426e+03
