# f_ap
0.000000000000000000e+00
1.021443415471514488e-01
2.092678508183083985e-01
3.223134096285004691e-01
4.420825052605698580e-01
5.692273654007876660e-01
7.042561844235972757e-01
8.475466828320418200e-01
9.993638511612121800e-01
1.159878802717717816e+00
1.329186761713265552e+00
1.507323118049059829e+00
1.694277121257658836e+00
1.890003187652837813e+00
2.094430014256940975e+00
2.307467790215212311e+00
2.529013819360875104e+00
2.758956850363603053e+00
2.997180375247630035e+00
3.243565115798203280e+00
3.497990877322797232e+00
3.760337913568922996e+00
4.030487916398579173e+00
4.308324716480012917e+00
4.593734778249719319e+00
4.886607509003691341e+00
5.186835464750648939e+00
5.494314454719936514e+00
5.808943579623385034e+00
6.130625220178874457e+00
6.459264989788507272e+00
