# h
2.401661485426282209e-04
2.503542926433357748e-04
2.620523931433739527e-04
2.752326288796468545e-04
2.898492326378390694e-04
3.058445283323654273e-04
3.231541258212195758e-04
3.417110232812001235e-04
3.614486043904124456e-04
3.823026604977736078e-04
4.042126292167120302e-04
4.271222470120925236e-04
4.509797898737180340e-04
4.757380415005192935e-04
5.013540934025635405e-04
5.277890510940955052e-04
5.550076966950631251e-04
5.829781405386840441e-04
6.116714818002691066e-04
6.410614895536001934e-04
6.711243099685748354e-04
7.018382017316608743e-04
7.331832995507282878e-04
7.651414043284887655e-04
7.976957979244159516e-04
8.308310801480796618e-04
8.645330255860228953e-04
8.987884579602808911e-04
9.335851398854010195e-04
9.689116760921565779e-04
1.004757428395542784e-03
