# mu
-inf
3.826025978004476258e+01
3.990747815002979593e+01
4.091260904205846316e+01
4.164729604724843171e+01
4.222938157150269944e+01
4.271220473501631432e+01
4.312476780434778334e+01
4.348474794526002540e+01
4.380379446097649065e+01
4.409003062184311972e+01
4.434936731087146455e+01
4.458625023633265982e+01
4.480411246155019001e+01
4.500566264722665011e+01
4.519307639755425043e+01
4.536812772294142349e+01
4.553228200845963158e+01
4.568676339448983725e+01
4.583260465244770643e+01
4.597068478347694054e+01
4.610175781799468098e+01
4.622647518770663311e+01
4.634540332303172505e+01
4.645903765051714629e+01
4.656781383944273500e+01
4.667211692114169352e+01
4.677228874528547919e+01
4.686863412317134703e+01
4.696142592497710666e+01
4.705090933672961739e+01
