# rs_dv
inf
3.667274267373161756e-01
1.888749430611087465e-01
1.299386872032466944e-01
1.007119866377018391e-01
8.335239651875558931e-02
7.191233649009673434e-02
6.384326869106507485e-02
5.787158227964141893e-02
5.329043930041588856e-02
4.967643612696354127e-02
4.676076581091929973e-02
4.436477240435581643e-02
4.236523593616438321e-02
4.067452989966704319e-02
3.922871504499220868e-02
3.798009973617914870e-02
3.689242889846693074e-02
3.593767981333505918e-02
3.509387285041860871e-02
3.434354178467139557e-02
3.367264361799009870e-02
3.306976781339380361e-02
3.252555358365752380e-02
3.203225425763207151e-02
3.158340750256699581e-02
3.117358254406894097e-02
3.079818440975450045e-02
3.045330077524541212e-02
3.013558103929069726e-02
2.984214002805096397e-02
