# z
0.000000000000000000e+00
1.000000000000000056e-01
2.000000000000000111e-01
3.000000000000000444e-01
4.000000000000000222e-01
5.000000000000000000e-01
6.000000000000000888e-01
7.000000000000000666e-01
8.000000000000000444e-01
9.000000000000000222e-01
1.000000000000000000e+00
1.100000000000000089e+00
1.200000000000000178e+00
1.300000000000000044e+00
1.400000000000000133e+00
1.500000000000000000e+00
1.600000000000000089e+00
1.700000000000000178e+00
1.800000000000000044e+00
1.900000000000000133e+00
2.000000000000000000e+00
2.100000000000000089e+00
2.200000000000000178e+00
2.300000000000000266e+00
2.400000000000000355e+00
2.500000000000000000e+00
2.600000000000000089e+00
2.700000000000000178e+00
2.800000000000000266e+00
2.900000000000000355e+00
3.000000000000000000e+00
