# te
2.464472541836158825e+00
3.103278686374951523e+00
3.214057465182209583e+00
3.006764780754864308e+00
2.647072110547118218e+00
2.240478416292203789e+00
1.851649980907916326e+00
1.513356170692990776e+00
1.243893961699325201e+00
1.050826813855823882e+00
9.356711144429938898e-01
8.852079989431236307e-01
8.806766393503457913e-01
9.080147452603165581e-01
9.581962885261636753e-01
1.018904673319121823e+00
1.079857767366104282e+00
1.137979120362382357e+00
1.185331850618798644e+00
1.226189994262015359e+00
1.262931812228852868e+00
1.297626080809764382e+00
1.332163572651766437e+00
1.364341112616178853e+00
1.400362670236555251e+00
1.440294545001172599e+00
1.478727839745825223e+00
1.518706241892217479e+00
1.553018283642903397e+00
1.586256828185999224e+00
1.610242662739202135e+00
1.623794784437125438e+00
1.629101534390257511e+00
1.620772270018585814e+00
1.608733302178181779e+00
1.585680027067083664e+00
1.551025519273907971e+00
1.507199000844534176e+00
1.456537780763292877e+00
1.400894423265501176e+00
1.340127142322545373e+00
1.273264874823353932e+00
1.198007647227862238e+00
1.111803239109019792e+00
1.012987582764683259e+00
9.019111306180407350e-01
7.794125842158687867e-01
6.463921687359159840e-01
5.038651585458492344e-01
3.527186537692580393e-01
1.931597132771811220e-01
2.505151984639313392e-02
-1.524543260621532004e-01
-3.405123655752216316e-01
-5.405539991994502413e-01
-7.529937770307750800e-01
-9.774294644808486643e-01
-1.213220730509462220e+00
-1.459382711742963634e+00
-1.715117218849771419e+00
-1.980668072095250531e+00
-2.256551898870195139e+00
-2.543279174202304205e+00
-2.841409592024053410e+00
-3.151365153394229068e+00
-3.472321870846880376e+00
-3.803139645512547684e+00
-4.142702987974161921e+00
-4.490056370255178564e+00
-4.844650875036180082e+00
-5.207422523275015536e+00
-5.579498613878255853e+00
-5.961120505466476871e+00
-6.352252700320879519e+00
-6.752742356710105476e+00
-7.161524286709560982e+00
-7.578320355757381499e+00
-8.003098523815591392e+00
-8.435949798108154596e+00
-8.876710460693006510e+00
-9.324813129273664458e+00
-9.779743314542470145e+00
-1.024074043266787903e+01
-1.070735151797321016e+01
-1.117886029920247992e+01
-1.165491232629490170e+01
-1.213519746176524627e+01
-1.261946709175926173e+01
-1.310759564968463664e+01
-1.359925338564796959e+01
-1.409427819464701237e+01
-1.459224226474746189e+01
-1.509296387853889954e+01
-1.559601522408700802e+01
-1.610103001308846160e+01
-1.660764195723991676e+01
-1.711548476823804421e+01
-1.762413063414852488e+01
-1.813315174303705746e+01
-1.864212028296932999e+01
-1.915079301290395719e+01
-1.965849602638273197e+01
-2.016492455873330059e+01
-2.066958927439037197e+01
-2.117193931415770436e+01
-2.167160838973194714e+01
-2.216810716554784122e+01
-2.266088478240911996e+01
-2.314957495201244342e+01
-2.363375209401745281e+01
-2.411281498356664699e+01
-2.458647224555133803e+01
-2.505418641033892513e+01
-2.551554305555877988e+01
-2.597012775884026325e+01
-2.641746457418174998e+01
-2.685707755558163257e+01
-2.728861380430025463e+01
-2.771159737433597670e+01
-2.812555231968722325e+01
-2.853012574161429882e+01
-2.892484169411559236e+01
-2.930922423118949993e+01
-2.968292045409635449e+01
-3.004551594046550278e+01
-3.039653474429534796e+01
-3.073562396684621234e+01
-3.106236918574745687e+01
-3.137629445499746694e+01
-3.167704951473429276e+01
-3.196423313697585300e+01
-3.223750825624876626e+01
-3.249641475981770355e+01
-3.274073862947120972e+01
-3.296995822884297667e+01
-3.318373649245963009e+01
-3.338179787847874280e+01
-3.356380532142693340e+01
-3.372942175583079916e+01
-3.387837163984794842e+01
-3.401025638437400289e+01
-3.412486197119750386e+01
-3.422185133484509834e+01
-3.430082588621240092e+01
-3.436163313071894976e+01
-3.440381295562939812e+01
-3.442715134273232280e+01
-3.443131122655430687e+01
-3.441595554162199022e+01
-3.438087279038219179e+01
-3.432586155791489801e+01
-3.425072294995835165e+01
-3.415538111951276079e+01
-3.403957564868541397e+01
-3.390323069047649795e+01
-3.374614735062427684e+01
-3.356818825849798316e+01
-3.336921604346683523e+01
-3.314915485853104116e+01
-3.290780580942885081e+01
-3.264515457279143362e+01
-3.236094073072608523e+01
-3.205521148349494354e+01
-3.172776793683626195e+01
-3.137859576738120992e+01
-3.100761912812999554e+01
-3.061494674297572871e+01
-3.020050276491861752e+01
-2.976427287058982429e+01
-2.930624273662052914e+01
-2.882645956327286640e+01
-2.832490902717801262e+01
-2.780163832859810924e+01
-2.725681771505725592e+01
-2.669043460351528552e+01
-2.610254489587765647e+01
-2.549326775800950884e+01
-2.486266083214496447e+01
-2.421090480778012122e+01
-2.353818037441106625e+01
-2.284460669790290765e+01
-2.213036446775173616e+01
-2.139569589708460384e+01
-2.064059710450468899e+01
-1.986543335040098412e+01
-1.907032380063861510e+01
-1.825557219197559888e+01
-1.742135921390803333e+01
-1.656798860319393540e+01
-1.569576409659135585e+01
-1.480480485996539208e+01
-1.389541463007407529e+01
-1.296802019093738600e+01
-1.202286375568237808e+01
-1.106037210832902495e+01
-1.008084898563535958e+01
-9.084659647990385167e+00
-8.072107832152127571e+00
-7.043681845771537553e+00
-5.999617083576514354e+00
-4.940429284853198766e+00
-3.866319752333727156e+00
-2.777735883274113249e+00
-1.675063551299402986e+00
-5.586271064036650857e-01
5.712429490559272072e-01
1.714031541829289296e+00
2.869278969934209389e+00
4.036507074299183984e+00
5.215245078688429459e+00
6.405011132612584035e+00
7.605330768417998932e+00
8.815724596560558624e+00
1.003568984851636792e+01
1.126471760339843975e+01
1.250228048323049101e+01
1.374794339548270372e+01
1.500112359091092173e+01
1.626137367225912200e+01
1.752806167137837789e+01
1.880080171464364724e+01
2.007890031027502076e+01
2.136191006101648071e+01
2.264913747508812847e+01
2.394013515523394275e+01
2.523427113330498983e+01
2.653097496478330797e+01
2.782967620515094609e+01
2.912980440988993536e+01
3.043072761085134204e+01
3.173187536351721505e+01
3.303261569973860645e+01
3.433231665136660382e+01
3.563046929751418901e+01
3.692638014640149180e+01
3.821941722987956069e+01
3.950901010343043396e+01
4.079452679890518141e+01
4.207521230089292175e+01
4.335061921213765146e+01
4.461999251722848925e+01
4.588270024801649782e+01
4.713823348361468391e+01
4.838589873224316307e+01
4.962512554938394516e+01
5.085528196688812841e+01
5.207567449297577866e+01
5.328579420675993106e+01
5.448494761646067985e+01
5.567239467968524735e+01
5.684763981700636748e+01
5.801007937475289111e+01
5.915904817562271489e+01
6.029406561320666924e+01
6.141452803383362635e+01
6.252001635472535668e+01
6.360974235131784127e+01
6.468414827166648706e+01
6.574146151311168751e+01
6.678237041823271625e+01
6.780571762067971520e+01
6.881157622672223795e+01
6.979878887001042642e+01
7.076804389312356136e+01
7.171756869340205753e+01
7.264682114080572717e+01
7.355648957791392206e+01
7.444480140206698593e+01
7.531244495584421372e+01
7.615764763658603442e+01
7.698109778687174298e+01
7.778163804035142448e+01
7.855995673960438808e+01
7.931428128197106275e+01
8.004530001003070083e+01
8.075185555743344423e+01
8.143340579413913360e+01
8.209063906272707811e+01
8.272239799684734862e+01
8.332875570276955557e+01
8.390917005045353960e+01
8.446309890985914137e+01
8.499000015094621574e+01
8.548994687998433051e+01
8.596301220324302506e+01
8.640865399068218267e+01
8.682571487595190263e+01
8.721549843794117862e+01
8.757623207399048226e+01
8.790860412667902324e+01
8.821207246596668483e+01
8.848671019812303484e+01
8.873135995679818677e+01
8.894671008457143557e+01
8.913221845140263611e+01
8.928672769094191608e+01
8.941092614576851361e+01
8.950488692215205333e+01
8.956806789005236169e+01
8.960054777008180338e+01
8.960242774022417223e+01
8.957381459280595948e+01
8.951481512015371322e+01
8.942492087828428282e+01
8.930423865952421636e+01
8.915287525620007614e+01
8.897093746063841024e+01
8.875853206516572413e+01
8.851576586210862274e+01
8.824151517117422827e+01
8.793711725730847206e+01
8.760206367652821768e+01
8.723646122115999901e+01
8.684041668353039256e+01
8.641403685596594642e+01
8.595804376710290740e+01
8.547192897295809644e+01
8.495579926585810426e+01
8.441037667443920611e+01
8.383576799102789323e+01
8.323146477164104340e+01
8.259818904491491764e+01
8.193666283948579121e+01
8.124637771137047082e+01
8.052805568920524593e+01
7.978118832900693747e+01
7.900649765941183489e+01
7.820532094536592638e+01
7.737653450657629151e+01
7.652086037167923394e+01
7.563840533300127333e+01
7.473050665548842630e+01
7.379665589515751378e+01
7.283757508064481101e+01
7.185337100427685186e+01
7.084538093099963874e+01
6.981309641683002098e+01
6.875785472671394416e+01
6.767976265297799898e+01
6.657892698794870512e+01
6.545545452395263908e+01
6.431068252593577483e+01
6.314410254991495464e+01
6.195643662452643952e+01
6.074779154209677046e+01
5.951888933126224401e+01
5.826983678434937985e+01
5.700258640261391463e+01
5.571662974207266217e+01
5.441328916686790507e+01
5.309321220161729826e+01
5.175641623382512790e+01
5.040476435992476212e+01
4.903765873111073148e+01
4.765573197119699245e+01
4.625961670399752990e+01
4.484994555332628607e+01
4.342673590668750450e+01
4.199123562420486877e+01
4.054260076254902145e+01
3.908238679999848841e+01
3.761110331310531052e+01
3.612932140205246156e+01
3.463773521428488777e+01
3.313703889724749985e+01
3.162780355112332131e+01
3.011078484698822777e+01
2.858661540865620410e+01
2.705586633631022053e+01
2.551929330102619886e+01
2.397746740298712709e+01
2.243108278963794078e+01
2.088083360842356129e+01
1.932722943589601883e+01
1.777102594313122097e+01
1.621279423031214861e+01
1.465316692125276887e+01
1.309283816339801909e+01
1.153244058056185217e+01
9.972545272927272109e+00
8.413846387939200255e+00
6.857038073042571291e+00
5.302875999313302557e+00
3.751992790565357616e+00
2.205205641505596059e+00
6.631471759479953265e-01
-8.734269350315406744e-01
-2.403822543988087812e+00
-3.927345503476698418e+00
-5.443301666052442478e+00
-6.950996884270389309e+00
-8.449798534316574461e+00
-9.939073992377034372e+00
-1.141806758737586414e+01
-1.288615284786220094e+01
-1.434264793111729830e+01
-1.578691406096410432e+01
-1.721828169941007403e+01
-1.863609730460670377e+01
-2.003973444815761695e+01
-2.142864562413196339e+01
-2.280232889714029909e+01
-2.416024295666935373e+01
-2.550188340638443307e+01
-2.682680122121874078e+01
-2.813438126230183656e+01
-2.942413143802521347e+01
-3.069555965678039655e+01
-3.194811230332792107e+01
-3.318148185695220320e+01
-3.439511470241377111e+01
-3.558870331899706230e+01
-3.676175561509358403e+01
-3.791390254635679469e+01
-3.904477506844012424e+01
-4.015381956610413283e+01
-4.124072851863321887e+01
-4.230500983441891805e+01
-4.334629446911466033e+01
-4.436415185474293565e+01
-4.535808989969525129e+01
-4.632773955962506562e+01
-4.727273179018581573e+01
-4.819269754703095288e+01
-4.908751388033783059e+01
-4.995687326939086859e+01
-5.080052971710546217e+01
-5.161829875002796797e+01
-5.240981132381185859e+01
-5.317494448863446621e+01
-5.391345224741117903e+01
-5.462496555579544122e+01
-5.530936146396461339e+01
-5.596627092757214683e+01
-5.659550947316438396e+01
-5.719683110365675560e+01
-5.776998982196464283e+01
-5.831473963100342672e+01
-5.883101910458142925e+01
-5.931864376924501414e+01
-5.977749067517154202e+01
-6.020731382527637976e+01
-6.060805179336784931e+01
-6.097958162962330420e+01
-6.132178038422006949e+01
-6.163477120185937963e+01
-6.191849265634954236e+01
-6.217294484512984809e+01
-6.239818938927053438e+01
-6.259422978058260867e+01
-6.276102156473278626e+01
-6.289858520539052478e+01
-6.300687964259429918e+01
-6.308592534001351027e+01
-6.313568123768662588e+01
-6.315616779928306102e+01
-6.314728244121030798e+01
-6.310923019803069423e+01
-6.304221610430659695e+01
-6.294576843465964799e+01
-6.282187640895038072e+01
-6.266945306549071404e+01
-6.248925715152174831e+01
-6.228143217797487097e+01
-6.204673689209114684e+01
-6.178469956849226463e+01
-6.149607895441926075e+01
-6.118101856080355105e+01
-6.083966189857649454e+01
-6.047153724235975147e+01
-6.007801857570409254e+01
-5.965801893692150060e+01
-5.921352754587249478e+01
-5.874345744086897980e+01
-5.824856736915209154e+01
-5.772961607796287353e+01
-5.718674707823272740e+01
-5.662096521172662733e+01
-5.603192180032816339e+01
-5.542037559127842883e+01
-5.478671619003267068e+01
-5.413139472567715416e+01
-5.345486232729807341e+01
-5.275750860035072520e+01
-5.203984619755226504e+01
-5.130226472435801099e+01
-5.054533835711608702e+01
-4.976964127217467393e+01
-4.897568612225101248e+01
-4.816410860732422350e+01
-4.733535985648052957e+01
-4.649013709333007682e+01
-4.562882992332810517e+01
-4.475219709371570076e+01
-4.386068973357911460e+01
-4.295494354289747463e+01
-4.203559422164995141e+01
-4.110321594618469021e+01
-4.015832136921892470e+01
-3.920158408640989478e+01
-3.823358318160340019e+01
-3.725475106343048282e+01
-3.626582775867698416e+01
-3.526730719960488614e+01
-3.425974484210715332e+01
-3.324369614207671475e+01
-3.221977807903750346e+01
-3.118854610888248402e+01
-3.015061721113555038e+01
-2.910648531805871642e+01
-2.805676740917587608e+01
-2.700208046401095885e+01
-2.594291841482595373e+01
-2.487989824114477244e+01
-2.381369844612231645e+01
-2.274481296202055347e+01
-2.167392029199439918e+01
-2.060163741556776174e+01
-1.952851978863359506e+01
-1.845524591434679351e+01
-1.738237124860030036e+01
-1.631051277091805929e+01
-1.524034898445493980e+01
-1.417243534510390646e+01
-1.310738883238888164e+01
-1.204582642583379126e+01
-1.098842662859352259e+01
-9.935683372930059321e+00
-8.888398209260234495e+00
-7.847126593477004697e+00
-6.812670075997207420e+00
-5.785522589082818357e+00
-4.766485683150680330e+00
-3.756114814093743703e+00
-2.755211532328842416e+00
-1.764269770117963931e+00
-7.839680306159932943e-01
1.850151830221652138e-01
1.142124414903568308e+00
2.086742685504289874e+00
3.018191491669434789e+00
3.935896920416762867e+00
4.839248144585444500e+00
5.727677403556341140e+00
6.600610784347205495e+00
7.457462069249599423e+00
8.297669650007478026e+00
9.120639310840376268e+00
9.925802675892839488e+00
1.071258896969692032e+01
1.148053717417878516e+01
1.222921155728603537e+01
1.295818869169248266e+01
1.366702669298263473e+01
1.435528982910409468e+01
1.502260389163545362e+01
1.566850853907191876e+01
1.629273415316473361e+01
1.689488806840318347e+01
1.747457761927655540e+01
1.803159471116705603e+01
1.856542363130202489e+01
1.907579476143270725e+01
1.956243848331032353e+01
2.002508517868611193e+01
2.046334218204936306e+01
2.087700139878227290e+01
2.126579321063608319e+01
2.162944799936202500e+01
2.196763462308035386e+01
2.228026803443522752e+01
2.256701709154689794e+01
2.282779674705952289e+01
2.306246042998627033e+01
2.327080004570934690e+01
2.345260749961095925e+01
2.360767469707331045e+01
2.373597811437153027e+01
2.383730965688780401e+01
2.391146123000435608e+01
2.395828626273435447e+01
2.397769970772194625e+01
2.396949347034934164e+01
2.393358250326068415e+01
2.386982023546914533e+01
2.377824466688083760e+01
2.365877075013988318e+01
2.351137496152142958e+01
2.333597225366960259e+01
2.313260062649051108e+01
2.290111350899732656e+01
2.264161042472710506e+01
2.235412937358594476e+01
2.203870835547994389e+01
2.169538537031518644e+01
2.132413689436680215e+01
2.092512397480281905e+01
2.049832308789836333e+01
2.004389528082147010e+01
1.956200127647731435e+01
1.905286202435059906e+01
1.851651357877026172e+01
1.795317656495813452e+01
1.736301008450509187e+01
1.674623476263298372e+01
1.610294817730170891e+01
1.543343247736408230e+01
1.473796981167292053e+01
1.401671928181909443e+01
1.326990151302444865e+01
1.249773713051082957e+01
1.170050828313105207e+01
1.087855864336890122e+01
1.003223188370817454e+01
9.161994723894594017e+00
8.268129312780983398e+00
7.351102370113067330e+00
6.411257568374638005e+00
5.449000103680457840e+00
4.464673648514311033e+00
3.458744922621931561e+00
2.431619122118077403e+00
1.383639919486541414e+00
3.152125108420790189e-01
-7.731963840695708079e-01
-1.881243092764632197e+00
-3.008460895497365062e+00
-4.154260025260087197e+00
-5.318173762307080388e+00
-6.499735386892600886e+00
-7.698355132008980917e+00
-8.913627801541458950e+00
-1.014496362848234945e+01
-1.139179745527637699e+01
-1.265358258145753823e+01
-1.392973539238126079e+01
-1.521967227340295814e+01
-1.652282806696735307e+01
-1.783862038890248058e+01
-1.916646193314590008e+01
-2.050571125283992302e+01
-2.185572197923637816e+01
-2.321583666933352674e+01
-2.458541018485580310e+01
-2.596379738752766642e+01
-2.735028546307950137e+01
-2.874433386340840002e+01
-3.014510672698280658e+01
-3.155201428679503550e+01
-3.296431233838014663e+01
-3.438143873464672140e+01
-3.580292298556998531e+01
-3.722823307749418120e+01
-3.865683699676350926e+01
-4.008807968246029674e+01
-4.152155216819072336e+01
-4.295653786940609109e+01
-4.439256629608161830e+01
-4.582904391093056518e+01
-4.726537717666622029e+01
-4.870103407963279096e+01
-5.013535955891258311e+01
-5.156776007721886401e+01
-5.299770362089584808e+01
-5.442459665265685231e+01
-5.584778411158411870e+01
-5.726667246039094294e+01
-5.868072968542153234e+01
-6.008930072575820702e+01
-6.149179204411423427e+01
-6.288767162683382139e+01
-6.427622288936829875e+01
-6.565697534169289895e+01
-6.702921239925895236e+01
-6.839234052477965520e+01
-6.974582770459933556e+01
-7.108889583053826300e+01
-7.242095136530973321e+01
-7.374140077162704188e+01
-7.504946594131050119e+01
-7.634461486070433978e+01
-7.762613094525991642e+01
-7.889354370495240687e+01
-8.014625960249510683e+01
-8.138337748244639158e+01
-8.260504209109120666e+01
-8.381065989114280512e+01
-8.499902210900475552e+01
-8.616953520739029670e+01
-8.732222088532242310e+01
-8.845648560551441619e+01
-8.957173583067951483e+01
-9.066676278722127336e+01
-9.174158817416267198e+01
-9.279500321790729345e+01
-9.382702961747806114e+01
-9.483645859927857202e+01
-9.582331186233176368e+01
-9.678699586935096022e+01
-9.772694584847012322e+01
-9.864271208950638936e+01
-9.953448888400727412e+01
-1.004006248145911968e+02
-1.012419294091154285e+02
-1.020573664865081156e+02
-1.028471303383167594e+02
-1.036114152560889465e+02
-1.043485698224430820e+02
-1.050594035652364511e+02
-1.057434955397068421e+02
-1.063998095647824584e+02
-1.070285399320107871e+02
-1.076292656966296875e+02
-1.082021811501867177e+02
-1.087468653479197229e+02
-1.092622821087568070e+02
-1.097486257242455423e+02
-1.102054752496237739e+02
-1.106336402127487730e+02
-1.110320844325486291e+02
-1.114010022005709430e+02
-1.117405878083632444e+02
-1.120504203111633927e+02
-1.123300787642092047e+02
-1.125803726953579655e+02
-1.128002659235377791e+02
-1.129905679766059734e+02
-1.131496274371808965e+02
-1.132788690694295326e+02
-1.133778719285897836e+02
-1.134455998335897391e+02
-1.134828623122866418e+02
-1.134886231836086665e+02
-1.134643072117227689e+02
-1.134088782155571238e+02
-1.133225304866591898e+02
-1.132054583165765962e+02
-1.130572407605472023e+02
-1.128774568738087822e+02
-1.126675314205283485e+02
-1.124270434559438030e+02
-1.121555720352929058e+02
-1.118533114501232433e+02
-1.115204559919823453e+02
-1.111578151887275823e+02
-1.107643528592869586e+02
-1.103408785315177880e+02
-1.098875864969676854e+02
-1.094046710471841379e+02
-1.088917072166178173e+02
-1.083488691928804144e+02
-1.077775576154157164e+02
-1.071767121784287866e+02
-1.065471182850537843e+02
-1.058889461021151419e+02
-1.052023657964373342e+02
-1.044887780074641768e+02
-1.037471224294007612e+02
-1.029781844653812328e+02
-1.021821342822300096e+02
-1.013591420467715523e+02
-1.005099931621400202e+02
-9.963362732254041987e+01
-9.873144516741665200e+01
-9.780300162728342173e+01
-9.684846686896517554e+01
-9.586801105928638833e+01
-9.486303483769093248e+01
-9.383370837100319761e+01
-9.278020182604774391e+01
-9.170268536964888995e+01
-9.060255964125063599e+01
-8.947999480767734326e+01
-8.833516103575350087e+01
-8.716945896492299539e+01
-8.598244352570051774e+01
-8.477551535752998291e+01
-8.354822939092611023e+01
-8.230260150164251343e+01
-8.103818662019389762e+01
-7.975577014971442225e+01
-7.845490702071886346e+01
-7.713699787265105101e+01
-7.580159763602576106e+01
-7.444887647766738326e+01
-7.308023503701983259e+01
-7.169461300828812966e+01
-7.029402626722585978e+01
-6.887802974434775649e+01
-6.744925455171714646e+01
-6.600725561984874901e+01
-6.455343358818645072e+01
-6.308857385986441102e+01
-6.161407707432652359e+01
-6.012949816208750065e+01
-5.863623776259125719e+01
-5.713446604266221840e+01
-5.562496840543454368e+01
-5.410729978142297369e+01
-5.258344213603893991e+01
-5.105278084808637118e+01
-4.951589785864641868e+01
-4.797399034510999627e+01
-4.642640977593882212e+01
-4.487496856483355856e+01
-4.331840294394619661e+01
-4.175914056328709734e+01
-4.019653289131799312e+01
-3.863116186912006356e+01
-3.706434772134614519e+01
-3.549661086544647048e+01
-3.392871781339511728e+01
-3.236137355353521627e+01
-3.079528307420988043e+01
-2.923115136376225465e+01
-2.766937579238059541e+01
-2.611010763572928184e+01
-2.455368274036561616e+01
-2.300043695284686862e+01
-2.145064459609937302e+01
-1.990451846941848402e+01
-1.836245594299246520e+01
-1.682528505242637706e+01
-1.529395688058724012e+01
-1.376942251034207310e+01
-1.225263302455786807e+01
-1.074441645883971930e+01
-9.245785419685587314e+00
-7.757567942700562824e+00
-6.280038350810957404e+00
-4.813594014205028415e+00
-3.358386208547168739e+00
-1.914689256763693281e+00
-4.828390054118931185e-01
9.370132698438525809e-01
2.344408675184307622e+00
3.738765269528288471e+00
5.119193493639755843e+00
6.484988359175587469e+00
7.835260306899734850e+00
9.169304348469081489e+00
1.048629244827855089e+01
1.178545809435405012e+01
1.306640391650731559e+01
1.432856643074645575e+01
1.557159133342487678e+01
1.679500742599716290e+01
1.799838534598693585e+01
1.918128219571901028e+01
2.034330134572812199e+01
2.148419186426483662e+01
2.260373678306347855e+01
2.370171913385834372e+01
2.477792194838371387e+01
2.583215902018939403e+01
2.686420722864658828e+01
2.787378192949552513e+01
2.886041390758352421e+01
2.982363394775789800e+01
3.076291131123500122e+01
3.167771525923116371e+01
3.256757657659370864e+01
3.343190300090802225e+01
3.427034836428334330e+01
3.508281259335283409e+01
3.586950323290449205e+01
3.663032020957147239e+01
3.736547106814178676e+01
3.807491725887955880e+01
3.875880480294181041e+01
3.941715667422364078e+01
4.004968822846529264e+01
4.065623786866891720e+01
4.123645942694379585e+01
4.179019130629211531e+01
4.231702581519213169e+01
4.281686288027702147e+01
4.328935633365603053e+01
4.373434457833133848e+01
4.415160449367415652e+01
4.454097448268665715e+01
4.490216990110906892e+01
4.523509067557453989e+01
4.553945216182329858e+01
4.581515428648851440e+01
4.606228154709622657e+01
4.628097996480349252e+01
4.647151860802927814e+01
4.663392045066868263e+01
4.676845456114067900e+01
4.687520543697134201e+01
4.695438062294866910e+01
4.700606461659872792e+01
4.703028039181662479e+01
4.702723549339035003e+01
4.699695289521500285e+01
4.693951709481665091e+01
4.685507411335230898e+01
4.674364692471709759e+01
4.660537625701420694e+01
4.644038166613147212e+01
4.624865436764092408e+01
4.603037014800753468e+01
4.578558174643433887e+01
4.551434190212434316e+01
4.521676487791156518e+01
4.489308798389190969e+01
4.454348700653036985e+01
4.416819925592285045e+01
4.376746204216532732e+01
4.334151267535371232e+01
4.289058846558394578e+01
4.241486519932100663e+01
4.191464171029178942e+01
4.139021683222320291e+01
4.084176635158021895e+01
4.026971214935169030e+01
3.967423001200257460e+01
3.905561877325980191e+01
3.841417726685027390e+01
3.775038889739378334e+01
3.706461402224825008e+01
3.635733604603348823e+01
3.562897684973835055e+01
3.488008136161361961e+01
3.411100993901718681e+01
3.332224598656891601e+01
3.251421138525759602e+01
3.168726649244113602e+01
3.084183318910839589e+01
2.997827183261724571e+01
2.909706582758752091e+01
2.819851400774611960e+01
2.728309977771287009e+01
2.635124501847664646e+01
2.540349465828820996e+01
2.444027057813643822e+01
2.346211770627211735e+01
2.246951944731507567e+01
2.146289768225416594e+01
2.044279733934018850e+01
1.940976334682393656e+01
1.836440215658718245e+01
1.730719717324975093e+01
1.623875484869340724e+01
1.515968163479992370e+01
1.407052245982010241e+01
1.297176072837375216e+01
1.186412593960460171e+01
1.074800597304194838e+01
9.623898796900789421e+00
8.492083807043663057e+00
7.353024970226005763e+00
6.207063205941323325e+00
5.054600957314099752e+00
3.896040667468798624e+00
2.731969350422822629e+00
1.562912496562589126e+00
3.893340726435418619e-01
-7.883019545788750859e-01
-1.969408571087267301e+00
-3.153460286495208376e+00
-4.340116181309205068e+00
-5.528912288773802253e+00
-6.719384642133555019e+00
-7.911069274633016235e+00
-9.103563743147708109e+00
-1.029640408092219062e+01
-1.148918784483198152e+01
-1.268138954449065814e+01
-1.387248368951181376e+01
-1.506206783677095906e+01
-1.624961649588168555e+01
-1.743454265282659321e+01
-1.861650538811217359e+01
-1.979485616409008486e+01
-2.096925406126680258e+01
-2.213914897980352592e+01
-2.330410156239720010e+01
-2.446364784229236378e+01
-2.561731770037049571e+01
-2.676464101751303559e+01
-2.790516674692704058e+01
-2.903846599032670994e+01
-3.016411969320722264e+01
-3.128171864484469467e+01
-3.239084809738844228e+01
-3.349109330298779952e+01
-3.458199029488733345e+01
-3.566321045831971048e+01
-3.673416677926756080e+01
-3.779439529097543016e+01
-3.884330897942591321e+01
-3.988050540149456680e+01
-4.090539754316395715e+01
-4.191752143767867267e+01
-4.291635159465228355e+01
-4.390123947643641600e+01
-4.487172111627562998e+01
-4.582723713548718791e+01
-4.676733869672692379e+01
-4.769160459798532514e+01
-4.859967516088388351e+01
-4.949119070704406198e+01
-5.036597612898020770e+01
-5.122397936646867578e+01
-5.206520988291676133e+01
-5.288949257083882571e+01
-5.369677537001123113e+01
-5.448694469657929318e+01
-5.526001001395032830e+01
-5.601579621463870495e+01
-5.675400514389688311e+01
-5.747452321787019258e+01
-5.817717532907304445e+01
-5.886178637001979297e+01
-5.952811970959384524e+01
-6.017600024030960526e+01
-6.080500676015756056e+01
-6.141477959075913873e+01
-6.200495905373586680e+01
-6.257506242344722835e+01
-6.312479154514566915e+01
-6.365366369319071538e+01
-6.416138071283479860e+01
-6.464819816200909486e+01
-6.511424855138287171e+01
-6.555978743888728388e+01
-6.598507038245354295e+01
-6.639041446364377919e+01
-6.677595219312725305e+01
-6.714193912883516191e+01
-6.748807711601992310e+01
-6.781400647630297840e+01
-6.811942905493681621e+01
-6.840398517354287833e+01
-6.866737667737361051e+01
-6.890930541168143009e+01
-6.912941169808782149e+01
-6.932782804726201675e+01
-6.950468696987324790e+01
-6.965993640569787715e+01
-6.979426257808384548e+01
-6.990724428502167598e+01
-6.999969079712130338e+01
-7.007118091237320812e+01
-7.012190866507761200e+01
-7.015145285322499547e+01
-7.016123798373502041e+01
-7.015083802254217460e+01
-7.011980760735687568e+01
-7.006831178014324735e+01
-6.999651558286545594e+01
-6.990519929379732389e+01
-6.979391271859329038e+01
-6.966220566290773775e+01
-6.951147364132427242e+01
-6.934065122318757801e+01
-6.914990345046177822e+01
-6.894062583773046526e+01
-6.871113771802859560e+01
-6.846344984224947439e+01
-6.819649677973777102e+01
-6.791044357245766605e+01
-6.760668573499269485e+01
-6.728415783668758365e+01
-6.694364015581615490e+01
-6.658529773434254651e+01
-6.620929561423092480e+01
-6.581579883744537085e+01
-6.540558768225979236e+01
-6.497821195432858588e+01
-6.453445193192558804e+01
-6.407447265701492256e+01
-6.359782393525107125e+01
-6.310590128121753395e+01
-6.259886973687848410e+01
-6.207627910788830405e+01
-6.153952490883060733e+01
-6.098754170905005623e+01
-6.042172502313025007e+01
-5.984223989303530544e+01
-5.924925136072936738e+01
-5.864353970448627251e+01
-5.802403949365073998e+01
-5.739276147911603942e+01
-5.674925546653661002e+01
-5.609368649787655414e+01
-5.542683485140975108e+01
-5.474948080541004458e+01
-5.406117416553185251e+01
-5.336331044635874576e+01
-5.265543945354514932e+01
-5.193895670167460565e+01
-5.121341199640156816e+01
-5.047958561599987348e+01
-4.973825783874337247e+01
-4.898959370659620305e+01
-4.823437349783220895e+01
-4.747211617488119373e+01
-4.670406303620357136e+01
-4.592957882810596715e+01
-4.514975095856224385e+01
-4.436468245745069794e+01
-4.357459940191156988e+01
-4.277985091634705839e+01
-4.198078612515931951e+01
-4.117769262911958350e+01
-4.037091955263004905e+01
-3.956081602009288645e+01
-3.874760810864834326e+01
-3.793182951359151645e+01
-3.711364478843168513e+01
-3.629346458120199514e+01
-3.547169953993562075e+01
-3.464857574177278821e+01
-3.382444231111571042e+01
-3.299977141962848037e+01
-3.217472762082039850e+01
-3.134978308635557553e+01
-3.052522541700523462e+01
-2.970140373717155313e+01
-2.887866717125674398e+01
-2.805736484366296324e+01
-2.723796892605433229e+01
-2.642082854283308535e+01
-2.560641586566330830e+01
-2.479501849531624202e+01
-2.398710860345599727e+01
-2.318309683811574828e+01
-2.238327080006669334e+01
-2.158804113734200314e+01
-2.079775697434385862e+01
-2.001276743547444781e+01
-1.923336012150498320e+01
-1.846000720409959328e+01
-1.769299628402949409e+01
-1.693267648569687722e+01
-1.617945845713489561e+01
-1.543375284637670752e+01
-1.469590877782449390e+01
-1.396627537588045165e+01
-1.324526328857773372e+01
-1.253322164031852282e+01
-1.183056107913598076e+01
-1.113756920580132359e+01
-1.045459514471673579e+01
-9.782049543915377399e+00
-9.120220004168453798e+00
-8.469430646469978896e+00
-7.829967101812198571e+00
-7.201966950517237009e+00
-6.585629296538181521e+00
-5.981153243828137178e+00
-5.388799419971164184e+00
-4.808643881658412056e+00
-4.241008780104923659e+00
-3.686031695632822291e+00
-3.143850208564220594e+00
-2.614663422852223640e+00
-2.098547395187984499e+00
-1.595701229524587150e+00
-1.106324029815133336e+00
-6.304918527507700210e-01
-1.684038022845948668e-01
2.798640648922427476e-01
7.141126448266502669e-01
1.134265880827470818e+00
1.540186192572588375e+00
1.931674476108904193e+00
2.308716198376243867e+00
2.671112255421510095e+00
3.018755828738063141e+00
3.351601623450243483e+00
3.669542821051411163e+00
3.972509517213514751e+00
4.260401045793012820e+00
4.533141350098758515e+00
4.790642068713400370e+00
5.032839449671986820e+00
5.259688198098853462e+00
5.471117794429633641e+00
5.667079252370807119e+00
5.847511280902655706e+00
6.012358741368560189e+00
6.161575723656542714e+00
6.295159999432622833e+00
6.413103187999716681e+00
6.515415365750036436e+00
6.602100456712692633e+00
6.673156232553703049e+00
6.728598922028372620e+00
6.768426296802719122e+00
6.792679195084437183e+00
6.801404607444321293e+00
6.794643372090066080e+00
6.772454784318660437e+00
6.734812006343728896e+00
6.681885075998012624e+00
6.613593712346398590e+00
6.530148355632804602e+00
6.431509127333298714e+00
6.317820719816866770e+00
6.189104778190549716e+00
6.045505994823332507e+00
5.887107538453224542e+00
5.713931054187273872e+00
5.526182758025433017e+00
5.323884295074743811e+00
5.107303404966135219e+00
4.876523256437621079e+00
4.631627018227213455e+00
4.372759382703897302e+00
4.100126565867629580e+00
3.813811736456425461e+00
3.514021110470238796e+00
3.200899380278056316e+00
2.874529714617891418e+00
2.535241376751643738e+00
2.182994488155384438e+00
1.818118312091011379e+00
1.440819064558482410e+00
1.051241437926784705e+00
6.497762190887907963e-01
2.365681004134839172e-01
-1.881767020991801653e-01
-6.240674015563263399e-01
-1.070959305588966570e+00
-1.528584674566178414e+00
-1.996737292487998694e+00
-2.475026372461558655e+00
-2.963368745748848454e+00
-3.461373625456986680e+00
-3.968896319216992374e+00
-4.485607563766966344e+00
-5.011239619475978735e+00
-5.545463223082125026e+00
-6.088010634954481581e+00
-6.638552591831143879e+00
-7.196759830450216278e+00
-7.762303087549789815e+00
-8.334914623498940855e+00
-8.914326698666737769e+00
-9.500099307255533532e+00
-1.009194625254510846e+01
-1.068953211891045463e+01
-1.129252764308968260e+01
-1.190060356182088341e+01
-1.251340600238977707e+01
-1.313058315499389117e+01
-1.375186528983522116e+01
-1.437700934947999443e+01
-1.500578458122061143e+01
-1.563793562289708383e+01
-1.627323172180183519e+01
-1.691143412715522842e+01
-1.755229965847623674e+01
-1.819558931889069697e+01
-1.884106091229567070e+01
-1.948847950237664861e+01
-2.013760326217247965e+01
-2.078819528661245997e+01
-2.144000021353661012e+01
-2.209276268078495775e+01
-2.274619656438203208e+01
-2.340004034980475467e+01
-2.405401406544075371e+01
-2.470783773967765740e+01
-2.536126831508168777e+01
-2.601396429640950103e+01
-2.666575645458446431e+01
-2.731622946600609225e+01
-2.796521410159774490e+01
-2.861235656138989114e+01
-2.925742609267494743e+01
-2.990013041911434755e+01
-3.054011574073853907e+01
-3.117721282847092823e+01
-3.181106788234195548e+01
-3.244145014964404794e+01
-3.306800583040764963e+01
-3.369050417192518410e+01
-3.430859137422712024e+01
-3.492203668460584964e+01
-3.553054782672280965e+01
-3.613383252423945180e+01
-3.673153697718621657e+01
-3.732336890922456263e+01
-3.790909756764688865e+01
-3.848836915248366353e+01
-3.906095291102727884e+01
-3.962643351967724925e+01
-4.018470327298791034e+01
-4.073534684735876255e+01
-4.127813349008221167e+01
-4.181277092481968083e+01
-4.233896687523262869e+01
-4.285649058861345395e+01
-4.336498826499261128e+01
-4.386431233270803176e+01
-4.435415575523189347e+01
-4.483454077160576645e+01
-4.530518200271639273e+01
-4.576604016397435259e+01
-4.621689139989736361e+01
-4.665763490226504473e+01
-4.708816986285704331e+01
-4.750833394982201696e+01
-4.791790330767765482e+01
-4.831690017546554827e+01
-4.870510069770337935e+01
-4.908234254253981277e+01
-4.944864794901643279e+01
-4.980373153801995301e+01
-5.014761554859197190e+01
-5.048019917251210131e+01
-5.080132007792901305e+01
-5.111087745662234738e+01
-5.140883202400271301e+01
-5.169502144821876755e+01
-5.196940644468113391e+01
-5.223188620516942393e+01
-5.248235992146329920e+01
-5.272072678534237866e+01
-5.294694751221727103e+01
-5.316098281749859922e+01
-5.336267036933499952e+01
-5.355197088313711618e+01
-5.372890659794649793e+01
-5.389337670554280635e+01
-5.404534192133662174e+01
-5.418476296073856702e+01
-5.431153901552828955e+01
-5.442563080111636964e+01
-5.452712208017538842e+01
-5.461591204448495773e+01
-5.469202293308668317e+01
-5.475535393776016946e+01
-5.480598882117799064e+01
-5.484388829875074833e+01
-5.486895156225808279e+01
-5.488132389800351518e+01
-5.488090449776667867e+01
-5.486771560058916464e+01
-5.484177944551252182e+01
-5.480311827157837712e+01
-5.475169279419728952e+01
-5.468752525241087170e+01
-5.461082245615362751e+01
-5.452160355614893206e+01
-5.441987534984752273e+01
-5.430576459364389308e+01
-5.417933652030155400e+01
-5.404059483895306215e+01
-5.388966630599291818e+01
-5.372661615418462588e+01
-5.355144809266072770e+01
-5.336435040144669983e+01
-5.316526526604410918e+01
-5.295431944284747061e+01
-5.273163968825124925e+01
-5.249722971138800176e+01
-5.225127779228319724e+01
-5.199391068733132926e+01
-5.172519362929590159e+01
-5.144525337457142200e+01
-5.115421667955237695e+01
-5.085221030063326708e+01
-5.053942251783952599e+01
-5.021598008756567566e+01
-4.988200976620620963e+01
-4.953769983378656150e+01
-4.918323857033223589e+01
-4.881875273223769085e+01
-4.844436907589742702e+01
-4.806033740496789619e+01
-4.766678447584357059e+01
-4.726389856854991223e+01
-4.685174491585046752e+01
-4.643063484503261407e+01
-4.600063358885989118e+01
-4.556192942735775375e+01
-4.511477216418263225e+01
-4.465941160299097135e+01
-4.419615907107019126e+01
-4.372514132481475002e+01
-4.324673121514306473e+01
-4.276111702208057608e+01
-4.226854854928370742e+01
-4.176933712403990029e+01
-4.126360950274362693e+01
-4.075167701268230047e+01
-4.023372793388138291e+01
-3.971007359362827316e+01
-3.918084074831747898e+01
-3.864640224886738196e+01
-3.810688485167246142e+01
-3.756272293128205320e+01
-3.701416629135262326e+01
-3.646150399556139377e+01
-3.590481300588293578e+01
-3.534439411520556718e+01
-3.478036354552462939e+01
-3.421283751883552071e+01
-3.364199378076458657e+01
-3.306807160056914796e+01
-3.249112567661361339e+01
-3.191139527815529320e+01
-3.132905815082053635e+01
-3.074423051660473050e+01
-3.015721316839616151e+01
-2.956806080455922014e+01
-2.897719726524417894e+01
-2.838467724881541443e+01
-2.779080154816121606e+01
-2.719574790890794347e+01
-2.659981712394389675e+01
-2.600306389163345955e+01
-2.540585052849591818e+01
-2.480835478015760742e+01
-2.421069286861390069e+01
-2.361316558675310517e+01
-2.301588915657058010e+01
-2.241916437095463976e+01
-2.182323049916259095e+01
-2.122820376318980351e+01
-2.063432343229361265e+01
-2.004195182299327271e+01
-1.945114363365318866e+01
-1.886226118079263969e+01
-1.827542068640697792e+01
-1.769092294338451765e+01
-1.710894569735159720e+01
-1.652978974119650957e+01
-1.595363282054560905e+01
-1.538077572828717798e+01
-1.481133468641659690e+01
-1.424567201145313611e+01
-1.368390392539216727e+01
-1.312633122112198691e+01
-1.257313164426892982e+01
-1.202454446409033650e+01
-1.148087047347448397e+01
-1.094222589441676163e+01
-1.040884999617447448e+01
-9.881105095266905280e+00
-9.359045890058450112e+00
-8.843096220699335319e+00
-8.333372309184948534e+00
-7.830156323793513451e+00
-7.333594410731998359e+00
-6.843814091597291593e+00
-6.360942887986302807e+00
-5.885046797864957213e+00
-5.416191819199177360e+00
-4.954566997216843127e+00
-4.500238329883868182e+00
-4.053271815166187508e+00
-3.613856498291669439e+00
-3.181996853595268959e+00
-2.757881926304859732e+00
-2.341577714386362530e+00
-1.933150215805710115e+00
-1.532665428528823925e+00
-1.140373921414547187e+00
-7.562186451668682086e-01
-3.803886450136546582e-01
-1.294991892083095265e-02
3.460930587766437028e-01
6.965512428509031961e-01
1.038420158966992135e+00
1.371572285528010804e+00
1.695941624568030992e+00
2.011400654490154150e+00
2.318006424590399295e+00
2.615569889640895873e+00
2.904086575306686679e+00
3.183502788348039569e+00
3.453721768983546436e+00
3.714695976336567895e+00
3.966371717167371802e+00
4.208719907688614370e+00
4.441686854660566119e+00
4.665231169569687530e+00
4.879323768628634816e+00
5.083904806234575524e+00
5.278951350963265732e+00
5.464428166664268893e+00
5.640316628567501489e+00
5.806596881430264645e+00
5.963247839537246797e+00
6.110241034337407839e+00
6.247562147714842418e+00
6.375194400608398482e+00
6.493133318683122823e+00
6.601405189419545572e+00
6.700011690845808943e+00
6.788966805716253106e+00
6.868278364422112148e+00
6.937952678007351714e+00
6.998008437216115318e+00
7.048450508719079188e+00
7.089320673365492986e+00
7.120636102552227342e+00
7.142420120039247422e+00
7.154696049586517503e+00
7.157474910227805687e+00
7.150872311169535145e+00
7.134813138362115836e+00
7.109468372279843962e+00
7.074885946135072601e+00
7.031175316771127726e+00
6.978322893769388635e+00
6.916499657604155082e+00
6.845692017856809031e+00
6.766009431370670235e+00
6.677561354989069109e+00
6.580457245555328072e+00
6.474683512650826422e+00
6.360411136749869243e+00
6.237749574695774513e+00
6.106685236069923306e+00
5.967389101346616265e+00
5.819970627369176697e+00
5.664539270980928798e+00
5.501266012656171434e+00
5.330198785607255907e+00
5.151570093939453088e+00
4.965366347234144939e+00
4.771758525965623221e+00
4.570917610608193016e+00
4.362953058005172302e+00
4.148035848630863498e+00
3.926275439328590799e+00
3.697781286941674406e+00
3.462724371944415847e+00
3.221275674811110878e+00
2.973606176016056590e+00
2.719948379664523852e+00
2.460350218968863079e+00
2.195105721665318477e+00
1.924324344597210690e+00
1.648238591869813030e+00
1.367019443957419256e+00
1.080837881334329786e+00
7.898648844748396014e-01
4.943329574842183494e-01
1.944130808367610652e-01
-1.097237649932324283e-01
-4.178626902805884225e-01
-7.299207864514836164e-01
-1.045709712050242990e+00
-1.365225696514111187e+00
-1.688280398387413506e+00
-2.014808523476415925e+00
-2.344621730325451736e+00
-2.677654724740789582e+00
-3.013719165266755429e+00
-3.352811281340592142e+00
-3.694619684244679902e+00
-4.039140603416262465e+00
-4.386185697399667127e+00
-4.735628148370192747e+00
-5.087279614872160849e+00
-5.441074802711853842e+00
-5.796825370433587032e+00
-6.154466023843630396e+00
-6.513746897855345885e+00
-6.874541174644027031e+00
-7.236758950563555892e+00
-7.600230341247549148e+00
-7.964785462329633248e+00
-8.330242124717223362e+00
-8.696436596407032482e+00
-9.063180535943397231e+00
-9.430316363686120695e+00
-9.797649585816438744e+00
-1.016502262269415802e+01
-1.053226558995290496e+01
-1.089921475558938546e+01
-1.126570638760031784e+01
-1.163158290634552117e+01
-1.199667442745860413e+01
-1.236081721893628504e+01
-1.272385985350148019e+01
-1.308561398969849954e+01
-1.344590666697943604e+01
-1.380456677050526615e+01
-1.416141580260128841e+01
-1.451628018748325033e+01
-1.486897589034965428e+01
-1.521933917919721146e+01
-1.556718171257024963e+01
-1.591232745373929625e+01
-1.625459421361176382e+01
-1.659380595545817272e+01
-1.692978049018595499e+01
-1.726233562870253735e+01
-1.759129533427842773e+01
-1.791650531293579007e+01
-1.823787363225092406e+01
-1.855531779782556256e+01
-1.886876146762454809e+01
-1.917815290906510128e+01
-1.948337886593347434e+01
-1.978432608201592302e+01
-2.008102280544994045e+01
-2.037325118984911754e+01
-2.066103948335095097e+01
-2.094416983956903877e+01
-2.122267050664086341e+01
-2.149638516181100201e+01
-2.176521900595500725e+01
-2.202913876357937895e+01
-2.228811115919064889e+01
-2.254197987003338710e+01
-2.279071162061409694e+01
-2.303427313543930310e+01
-2.327250809175358981e+01
-2.350550626132540089e+01
-2.373304979776834855e+01
-2.395516694921990819e+01
-2.417170139292466757e+01
-2.438268137702010208e+01
-2.458801210238176793e+01
-2.478759876988520361e+01
-2.498134658040595113e+01
-2.516934530571247919e+01
-2.535137709941837869e+01
-2.552753173329210767e+01
-2.569765288457825392e+01
-2.586176880141429635e+01
-2.601978468467578054e+01
-2.617172878250019252e+01
-2.631744477213211297e+01
-2.645702242533999637e+01
-2.659030541936840564e+01
-2.671732200235484811e+01
-2.683810042243680627e+01
-2.695248435685884303e+01
-2.706050205375845152e+01
-2.716218176127313555e+01
-2.725742868027841936e+01
-2.734620953528082410e+01
-2.742861409804881134e+01
-2.750454756945793733e+01
-2.757397667401469832e+01
-2.763692965985659455e+01
-2.769337325149014362e+01
-2.774333562159241140e+01
-2.778684464099880458e+01
-2.782386658145331282e+01
-2.785436771469994355e+01
-2.787843735974465176e+01
-2.789610331196241688e+01
-2.790727031946626724e+01
-2.791202770126215782e+01
-2.791040325272506450e+01
-2.790242476922995252e+01
-2.788812004615182261e+01
-2.786745535523466444e+01
-2.784058153911540145e+01
-2.780746486953803753e+01
-2.776807161824657655e+01
-2.772255262787795260e+01
-2.767093569380713092e+01
-2.761318708777812247e+01
-2.754939612879687161e+01
-2.747959061223836130e+01
-2.740385985710854300e+01
-2.732223165878237481e+01
-2.723485685989680860e+01
-2.714170173219583404e+01
-2.704291711831637102e+01
-2.693859233726436386e+01
-2.682875518441480267e+01
-2.671349497877363177e+01
-2.659290103934679550e+01
-2.646700116150928039e+01
-2.633594618789799924e+01
-2.619982543751890702e+01
-2.605860518211601473e+01
-2.591249778795719649e+01
-2.576153105041744595e+01
-2.560579428850270745e+01
-2.544549986848087997e+01
-2.528067558572693230e+01
-2.511141075924683008e+01
-2.493785623167746479e+01
-2.476010132202481273e+01
-2.457823534929481468e+01
-2.439247067975535899e+01
-2.420277358515046373e+01
-2.400935643174800660e+01
-2.381230853855394614e+01
-2.361178074820519868e+01
-2.340780085607674721e+01
-2.320064275206745918e+01
-2.299033423155230693e+01
-2.277707445489945925e+01
-2.256088671161624859e+01
-2.234196565620320030e+01
-2.212032137226791662e+01
-2.189602546704897534e+01
-2.166921107141592984e+01
-2.143982674534541744e+01
-2.120806714333795995e+01
-2.097394234900115961e+01
-2.073752396957359778e+01
-2.049894513592483136e+01
-2.025827745529343460e+01
-2.001559253491797818e+01
-1.977090045840608212e+01
-1.952445740388923312e+01
-1.927627345497504052e+01
-1.902642021890207857e+01
-1.877509235017088329e+01
-1.852223840875807426e+01
-1.826811457279515238e+01
-1.801273092588973057e+01
-1.775622059891134441e+01
-1.749877824636053347e+01
-1.724035242821392444e+01
-1.698119932260301113e+01
-1.672132901313539932e+01
-1.646087463068064594e+01
-1.619996930610829367e+01
-1.593874617028790297e+01
-1.567721530682707254e+01
-1.541557137022633128e+01
-1.515388596772424457e+01
-1.489229223019037995e+01
-1.463086176486331169e+01
-1.436978922624356336e+01
-1.410920774520067766e+01
-1.384918892897323950e+01
-1.358998895569274445e+01
-1.333161790896679832e+01
-1.307427044329591936e+01
-1.281801816591869247e+01
-1.256311725496661147e+01
-1.230951627041630658e+01
-1.205740986676830495e+01
-1.180693117489215815e+01
-1.155821332565741244e+01
-1.131126640267167716e+01
-1.106640810769742167e+01
-1.082358700071127622e+01
-1.058305925984473994e+01
-1.034488398799871689e+01
-1.010919331798539389e+01
-9.875983831017334680e+00
-9.645313631938073229e+00
-9.417302349222133273e+00
-9.191885040451099442e+00
-8.969242857730462148e+00
-8.749372382272783355e+00
-8.532331718921600583e+00
-8.318117448889486454e+00
-8.106849200650950493e+00
-7.898523555418560882e+00
-7.693321665297795597e+00
-7.491178587870256145e+00
-7.292152427979480045e+00
-7.096424337730947052e+00
-6.903929374706259559e+00
-6.714787167379919985e+00
-6.528994296964504507e+00
-6.346670391934516431e+00
-6.167873557133497719e+00
-5.992538850143047213e+00
-5.820785899437669997e+00
-5.652672809860910697e+00
-5.488196162625332164e+00
-5.327475586205449254e+00
-5.170446138182854590e+00
-5.017227447032062138e+00
-4.867816093965639190e+00
-4.722331707458090833e+00
-4.580709345091019458e+00
-4.443130158969903043e+00
-4.309467683045369313e+00
-4.179841545791929569e+00
-4.054309852053116892e+00
-3.932807659410532342e+00
-3.815516119969657893e+00
-3.702308767681116830e+00
-3.593366754650392014e+00
-3.488563614828104065e+00
-3.388018976688770056e+00
-3.291729421444951509e+00
-3.199753053940190384e+00
-3.112086455387054418e+00
-3.028726206998109127e+00
-2.949668889985923581e+00
-2.875034132825007749e+00
-2.804818516727928479e+00
-2.738895575645310387e+00
-2.677446461682636780e+00
-2.620399248501305234e+00
-2.567770968980783497e+00
-2.519577824443436143e+00
-2.475811406759239830e+00
-2.436457155435078459e+00
-2.401512814704023668e+00
-2.370963824072958914e+00
-2.344801775411859524e+00
-2.323024412953801132e+00
-2.305617176205664531e+00
-2.292559352311232423e+00
-2.283824076051192531e+00
-2.279396786932422980e+00
-2.279256772098708250e+00
-2.283377166330735619e+00
-2.291731104409188813e+00
-2.304304025840950843e+00
-2.321056760680511033e+00
-2.341956291345460350e+00
-2.366969600253386652e+00
-2.396063669821879127e+00
-2.429199330105428878e+00
-2.466349715884722738e+00
-2.507475657214252696e+00
-2.552519527059217808e+00
-2.601442155474111839e+00
-2.654179763061035313e+00
-2.710680875148287150e+00
-2.770900169427260362e+00
-2.834786171226253870e+00
-2.902275101147370417e+00
-2.973309332155809059e+00
-3.047831237216771516e+00
-3.125770884569262442e+00
-3.207070647178480893e+00
-3.291660593283435077e+00
-3.379483095849323604e+00
-3.470468223115153350e+00
-3.564546043319927637e+00
-3.661634319976460716e+00
-3.761656968960659153e+00
-3.864531753785335866e+00
-3.970182590326397865e+00
-4.078533394459755712e+00
-4.189495777335119797e+00
-4.302993654828403791e+00
-4.418938638089317195e+00
-4.537236185904479413e+00
-4.657804061786702476e+00
-4.780547724522601349e+00
-4.905400696416194251e+00
-5.032310316031548325e+00
-5.161233528360836154e+00
-5.292121126033137557e+00
-5.424911596951334403e+00
-5.559568038470700913e+00
-5.696035090857214378e+00
-5.834257394376857420e+00
-5.974185741658707194e+00
-6.115764772968745433e+00
-6.258932976209854004e+00
-6.403628839284916552e+00
-6.549803154823010232e+00
-6.697394410727018688e+00
-6.846341094899826452e+00
-6.996581695244316279e+00
-7.148054699663370037e+00
-7.300680138970580657e+00
-7.454396501068830894e+00
-7.609129969134810878e+00
-7.764806726345208077e+00
-7.921359108239808933e+00
-8.078713297995303577e+00
-8.236795478788378588e+00
-8.395519529069529696e+00
-8.554811632015448808e+00
-8.714591818439723525e+00
-8.874780119155945002e+00
-9.035296564977707945e+00
-9.196061186718605285e+00
-9.356994015192222847e+00
-9.518008928849063466e+00
-9.679019806139613991e+00
-9.839952830240566328e+00
-1.000072803196551163e+01
-1.016124698503875123e+01
-1.032144202500007246e+01
-1.048120857321067412e+01
-1.064045435575795473e+01
-1.079908709872931460e+01
-1.095701452821215049e+01
-1.111413206556766298e+01
-1.127035358924634956e+01
-1.142558682533560344e+01
-1.157972719519662697e+01
-1.173268857727992120e+01
-1.188438485003597478e+01
-1.203472373955218977e+01
-1.218361297191595938e+01
-1.233095412085158671e+01
-1.247667086370459266e+01
-1.262071376867441153e+01
-1.276302474576622004e+01
-1.290365029515784556e+01
-1.304242158431870457e+01
-1.317938511342662444e+01
-1.331452585902846764e+01
-1.344770575040913130e+01
-1.357897128774644457e+01
-1.370830744758726816e+01
-1.383557615921650097e+01
-1.396076239918100370e+01
-1.408391266765860017e+01
-1.420488889393419818e+01
-1.432373757818562332e+01
-1.444038217332875895e+01
-1.455474613227948133e+01
-1.466687595521562848e+01
-1.477663357142209222e+01
-1.488406548107671057e+01
-1.498909513709536334e+01
-1.509170751602489879e+01
-1.519182607078120562e+01
-1.528943577791112851e+01
-1.538452161396152817e+01
-1.547706855547925642e+01
-1.556693853174921749e+01
-1.565423956658021964e+01
-1.573883358925716180e+01
-1.582070557632690466e+01
-1.589984050433629648e+01
-1.597622334983218906e+01
-1.604983908936144132e+01
-1.612061117583993664e+01
-1.618852458581451970e+01
-1.625356429583204942e+01
-1.631565375880841273e+01
-1.637483947492142633e+01
-1.643104489708697002e+01
-1.648431652548287474e+01
-1.653457781302502738e+01
-1.658175221262929711e+01
-1.662594774810448328e+01
-1.666702634873550437e+01
-1.670503451470017708e+01
-1.673989569891439189e+01
-1.677165640155596549e+01
-1.680024007554078125e+01
-1.682563169741569453e+01
-1.684787776735853271e+01
-1.686690307794421173e+01
-1.688269930401479968e+01
-1.689532098370236568e+01
-1.690476113150801396e+01
-1.691095123830188030e+01
-1.691400736584700581e+01
-1.691392252864449475e+01
-1.691056669393350731e+01
-1.690411744710805309e+01
-1.689444475540730295e+01
-1.688166468059429803e+01
-1.686570871353916701e+01
-1.684663139237398610e+01
-1.682442573159985955e+01
-1.679908474571789156e+01
-1.677066297286014773e+01
-1.673915342752774293e+01
-1.670461064785274274e+01
-1.666702764833625139e+01
-1.662645896711034155e+01
-1.658283609504515610e+01
-1.653633661753469752e+01
-1.648683050181813314e+01
-1.643437228602753564e+01
-1.637907803192594614e+01
-1.632087923038350397e+01
-1.625983041953228181e+01
-1.619598613750434879e+01
-1.612933939880081624e+01
-1.605994474155375684e+01
-1.598785670389523439e+01
-1.591312982395733222e+01
-1.583581863987212657e+01
-1.575591616614071633e+01
-1.567347694089517418e+01
-1.558855550226758169e+01
-1.550120638839000797e+01
-1.541148413739452927e+01
-1.531938176378224092e+01
-1.522501532931620361e+01
-1.512837784849750911e+01
-1.502952385945823899e+01
-1.492856942396143083e+01
-1.482544603287722573e+01
-1.472033127159963328e+01
-1.461321815462976303e+01
-1.450416122009968412e+01
-1.439327652977244298e+01
-1.428055709814914565e+01
-1.416611898699283856e+01
-1.404994840882861062e+01
-1.393218893917041967e+01
-1.381279278066329752e+01
-1.369177365958324266e+01
-1.356920682583723448e+01
-1.344510600570127323e+01
-1.331954644908232943e+01
-1.319248035862543311e+01
-1.306398298423756366e+01
-1.293406805219472311e+01
-1.280274928877291174e+01
-1.267010194387909827e+01
-1.253613974378928653e+01
-1.240093793841046121e+01
-1.226451025401861195e+01
-1.212693194052071632e+01
-1.198827824782375195e+01
-1.184856290220371733e+01
-1.170786115356758472e+01
-1.156624825182233529e+01
-1.142367639961299197e+01
-1.128028237047750437e+01
-1.113614141432284477e+01
-1.099120573379404675e+01
-1.084555057879808082e+01
-1.069931272287289126e+01
-1.055244436866351698e+01
-1.040502076607691961e+01
-1.025711716502008386e+01
-1.010880881539997844e+01
-9.960109443492605408e+00
-9.811155822835910811e+00
-9.661961679705900252e+00
-9.512602264009542452e+00
-9.363091302022844786e+00
-9.213565567283751534e+00
-9.063977262437290960e+00
-8.914524684652382902e+00
-8.765160036574053848e+00
-8.616020091740255182e+00
-8.467118576426988952e+00
-8.318530740541222102e+00
-8.170331833989935788e+00
-8.022597106680100509e+00
-7.875401808518692981e+00
-7.728759665781709032e+00
-7.582868975638077380e+00
-7.437743464363790302e+00
-7.293458381865824514e+00
-7.150027454420186501e+00
-7.007579863481190330e+00
-6.866091374906698519e+00
-6.725591686101921596e+00
-6.586172018103031434e+00
-6.447739021053299879e+00
-6.310445439619871699e+00
-6.174197923946012523e+00
-6.039149218698874222e+00
-5.905267497652687325e+00
-5.772520934581692131e+00
-5.641062274153036959e+00
-5.510798166509984775e+00
-5.381881356319686560e+00
-5.254280017356379950e+00
-5.127962323394297250e+00
-5.003081019100588556e+00
-4.879542754618519496e+00
-4.757500274615238389e+00
-4.636860229234011754e+00
-4.517713839511015017e+00
-4.400090802851458704e+00
-4.284020816660545350e+00
-4.169533578343485480e+00
-4.056597261674514066e+00
-3.945303087689809196e+00
-3.835619230163604954e+00
-3.727636910132081205e+00
-3.621385825000444925e+00
-3.516834148542931082e+00
-3.414073101795719989e+00
-3.313070858533043950e+00
-3.213918639791082832e+00
-3.116646142975045830e+00
-3.021221541859166582e+00
-2.927736057479623621e+00
-2.836157863610650587e+00
-2.746516657657457117e+00
-2.658842137025249741e+00
-2.573163999119233658e+00
-2.489511941344619395e+00
-2.407854137475636147e+00
-2.328281808548470888e+00
-2.250824651968321710e+00
-2.175389317878459128e+00
-2.102128550946029684e+00
-2.031010524945271012e+00
-1.962028023102804664e+00
-1.895235352276228857e+00
-1.830637600418359767e+00
-1.768246007845112544e+00
-1.708076297271587496e+00
-1.650137511557228542e+00
-1.594430871234466363e+00
-1.540969901561929367e+00
-1.489749670708953033e+00
-1.440765246844873504e+00
-1.394030155228315415e+00
-1.349539464028615576e+00
-1.307300546141303865e+00
-1.267302317372619225e+00
-1.229552150618089312e+00
-1.194051266410149692e+00
-1.160776275828841797e+00
-1.129740704132793594e+00
-1.100921162402048736e+00
-1.074318871169040346e+00
-1.049922746240006255e+00
-1.027734008147378697e+00
-1.007735420334299858e+00
-9.899097462439087058e-01
-9.742520540455430478e-01
-9.607451071823422950e-01
-9.493778214605453902e-01
-9.401391126863908321e-01
-9.330117443030189195e-01
-9.279784797535716168e-01
-9.250282348442856462e-01
-9.241376206552065486e-01
-9.252832482663772007e-01
-9.284601858471330793e-01
-9.336450444775182822e-01
-9.408205876006735524e-01
-9.499511215704489198e-01
-9.610194098299846832e-01
-9.740020634593252735e-01
-9.888633888123196103e-01
-1.005579996969012235e+00
-1.024122346646349602e+00
-1.044467048924375030e+00
-1.066584562520035639e+00
-1.090439193787180239e+00
-1.115995249079658969e+00
-1.143229339477515705e+00
-1.172101464680431748e+00
-1.202585159586901709e+00
-1.234645345787085846e+00
-1.268245099162213174e+00
-1.303345034648275558e+00
-1.339906382417573205e+00
-1.377890987878717333e+00
-1.417264660088029427e+00
-1.458010908401606187e+00
-1.500117205823255251e+00
-1.543566103466306849e+00
-1.588337753022482923e+00
-1.634412429230768016e+00
-1.681770837495562665e+00
-1.730393375603112460e+00
-1.780260748957819494e+00
-1.831352063349678705e+00
-1.883644763430649682e+00
-1.937112787005725867e+00
-1.991733148061450853e+00
-2.047480399639128201e+00
-2.104330325252679934e+00
-2.162258708416030295e+00
-2.221238256461552485e+00
-2.281236139594836398e+00
-2.342215836603607659e+00
-2.404142056748216127e+00
-2.466979509289008998e+00
-2.530691057777406883e+00
-2.595242641946377216e+00
-2.660597125347337055e+00
-2.726719832476946159e+00
-2.793574242122933260e+00
-2.861125063545645553e+00
-2.929336390769122112e+00
-2.998172933053710576e+00
-3.067598169187141455e+00
-3.137575762528034051e+00
-3.208063285595545100e+00
-3.279017388054365156e+00
-3.350394534998292428e+00
-3.422151622186541342e+00
-3.494244253382078114e+00
-3.566629939580424402e+00
-3.639265391969903174e+00
-3.712105476029907702e+00
-3.785105672476139382e+00
-3.858223307733230634e+00
-3.931412016807953602e+00
-4.004628510888633031e+00
-4.077828885927276659e+00
-4.150966776930661517e+00
-4.223991512251389580e+00
-4.296853650714687944e+00
-4.369494522601135245e+00
-4.441872069571672910e+00
-4.513928852379496703e+00
-4.585625448122324421e+00
-4.656926823281863470e+00
-4.727828265410534136e+00
-4.798306604971463329e+00
-4.868344824790878711e+00
-4.937938212421196127e+00
-5.007063598325547815e+00
-5.075703965330157885e+00
-5.143842296261251334e+00
-5.211461573945053161e+00
-5.278538628844692049e+00
-5.345056443786392109e+00
-5.410985696870187489e+00
-5.476315523285396836e+00
-5.541022753495149722e+00
-5.605078065599477632e+00
-5.668470594787703654e+00
-5.731171019159857494e+00
-5.793162321542163262e+00
-5.854427484760850398e+00
-5.914943339279042256e+00
-5.974680563196773875e+00
-6.033628291703364788e+00
-6.091757202898847368e+00
-6.149056431972542924e+00
-6.205496657024483831e+00
-6.261060860880897749e+00
-6.315732026368002572e+00
-6.369480831585836000e+00
-6.422290259360622144e+00
-6.474137140155487025e+00
-6.525004456796656527e+00
-6.574869039747261112e+00
-6.623707719470426802e+00
-6.671497326429279617e+00
-6.718214691086955348e+00
-6.763848948632767311e+00
-6.808370777166753207e+00
-6.851763159515132706e+00
-6.894015230867232447e+00
-6.935097669323083913e+00
-6.974999610072004863e+00
-7.013691731214032110e+00
-7.051169320301583276e+00
-7.087403055434685406e+00
-7.122388224165764115e+00
-7.156095504594845558e+00
-7.188507879548159174e+00
-7.219620636578120809e+00
-7.249404453784763724e+00
-7.277850244177258787e+00
-7.304949879681068126e+00
-7.330697010041501649e+00
-7.355097589730068997e+00
-7.378139116128979325e+00
-7.399827543709741384e+00
-7.420150369854567884e+00
-7.439113549034963135e+00
-7.456710730996241487e+00
-7.472941717846810050e+00
-7.487806311695075934e+00
-7.501310467012541672e+00
-7.513447833544527832e+00
-7.524218213399434418e+00
-7.533621408685670318e+00
-7.541694135690232059e+00
-7.548362368164358571e+00
-7.553687431847429856e+00
-7.557638367032367910e+00
-7.560307261274038737e+00
-7.561601631234396770e+00
-7.561552040837330679e+00
-7.560189054006738019e+00
-7.557481711035542560e+00
-7.553460575847634750e+00
-7.548156212366910367e+00
-7.541537660886294070e+00
-7.533635485329675419e+00
-7.524480249620954631e+00
-7.514040994053048372e+00
-7.502286758918883081e+00
-7.489309631773322984e+00
-7.475140176540263859e+00
-7.459685909881655697e+00
-7.443038919352361837e+00
-7.425168245245309606e+00
-7.406165975115360567e+00
-7.385939625624470928e+00
-7.364581284327501365e+00
-7.342059991517375650e+00
-7.318467834748961565e+00
-7.293773854315181993e+00
-7.267947090508953600e+00
-7.241141154516124168e+00
-7.213202039367662799e+00
-7.184283356249414609e+00
-7.154354145454298930e+00
-7.123506494537180878e+00
-7.091647920160011331e+00
-7.058808986246687844e+00
-7.025140320542226924e+00
-6.990472998873501709e+00
-6.955004255412402081e+00
-6.918562182544983230e+00
-6.881282490812160368e+00
-6.843116319861933583e+00
-6.804076332973274965e+00
-6.764175193425153942e+00
-6.723425564496544382e+00
-6.681901633097388604e+00
-6.639554538875686696e+00
-6.596335421479438743e+00
-6.552379991449558183e+00
-6.507700912065019772e+00
-6.462187799342848038e+00
-6.415976363823961748e+00
-6.369017745156355659e+00
-6.321324606619006303e+00
-6.272971135121853337e+00
-6.223969993943870627e+00
-6.174272322733058260e+00
-6.123952308399359445e+00
-6.073022614221742721e+00
-6.021495903479181955e+00
-5.969446363081622131e+00
-5.916825132677059784e+00
-5.863644875544468782e+00
-5.810041302224764337e+00
-5.755965552365945648e+00
-5.701430289246983030e+00
-5.646509699777822355e+00
-5.591154923606461935e+00
-5.535440147642844977e+00
-5.479378035165944461e+00
-5.422981249454729813e+00
-5.366323977419146019e+00
-5.309418882338164281e+00
-5.252217103859784686e+00
-5.194854352524920671e+00
-5.137343291612546992e+00
-5.079635060770662847e+00
-5.021803846909207891e+00
-4.963923836938129774e+00
-4.906007694136398811e+00
-4.848006558152014200e+00
-4.790056139525891155e+00
-4.732107577906028872e+00
-4.674235060202373226e+00
-4.616451249693893644e+00
-4.558830333290534220e+00
-4.501319657384394546e+00
-4.444035966236879354e+00
-4.386907639960584859e+00
-4.330047629561014411e+00
-4.273322791519789554e+00
-4.216846076842416302e+00
-4.160668912903431327e+00
-4.104719679815423738e+00
-4.049049804952931986e+00
-3.993587668428543846e+00
-3.938507744878741779e+00
-3.883676890785142444e+00
-3.829208057153254519e+00
-3.775029624095669334e+00
-3.721254542617893346e+00
-3.667811192832516998e+00
-3.614751002114078293e+00
-3.562063874206138347e+00
-3.509862760114206282e+00
-3.458014516319899201e+00
-3.406632093828725782e+00
-3.355705396384248917e+00
-3.305285851361003946e+00
-3.255363362502552427e+00
-3.205927833552461248e+00
-3.157030691885262197e+00
-3.108661841244521273e+00
-3.060848099552383683e+00
-3.013616284730995520e+00
-2.966980909976308034e+00
-2.920950336121179713e+00
-2.875539076361558699e+00
-2.830767796256496105e+00
-2.786644856638845535e+00
-2.743190923067658993e+00
-2.700420508738885950e+00
-2.658360431574673388e+00
-2.617025204770973890e+00
-2.576429341523739591e+00
-2.536587355028922186e+00
-2.497526063208668212e+00
-2.459259979258929807e+00
-2.421797464012561907e+00
-2.385153030665516205e+00
-2.349347344776843372e+00
-2.314394919542492435e+00
-2.280304115795322328e+00
-2.247095599094378837e+00
-2.214777730272519118e+00
-2.183371174888790733e+00
-2.152887548233364257e+00
-2.123320721610178374e+00
-2.094680125506682700e+00
-2.066950580957934935e+00
-2.040135366088288826e+00
-2.014225454295900164e+00
-1.989224123705119807e+00
-1.965116195351008788e+00
-1.941898794994819433e+00
-1.919575200760905043e+00
-1.898130233684323542e+00
-1.877561019526329478e+00
-1.857864684048177617e+00
-1.839032200648023530e+00
-1.821060695087122649e+00
-1.803941140763631212e+00
-1.787670663438803986e+00
-1.772246388873894185e+00
-1.757653138103961732e+00
-1.743888036890261395e+00
-1.730935906267852875e+00
-1.718800024361085921e+00
-1.707459059841923921e+00
-1.696910138471622087e+00
-1.687144233648335767e+00
-1.678146166407125106e+00
-1.669906910146146783e+00
-1.662417438263559033e+00
-1.655668724157516980e+00
-1.649639436499984457e+00
-1.644332853415312101e+00
-1.639727643575462634e+00
-1.635814780378592292e+00
-1.632579084859761664e+00
-1.630005378054030230e+00
-1.628084633359554445e+00
-1.626801671811394678e+00
-1.626135162081512542e+00
-1.626076077568065825e+00
-1.626609239306114008e+00
-1.627719468330716568e+00
-1.629385433313836007e+00
-1.631591955290532248e+00
-1.634323855295864991e+00
-1.637565954364893717e+00
-1.641290768806483724e+00
-1.645495424381889560e+00
-1.650146285036878435e+00
-1.655234324169607918e+00
-1.660732058088943086e+00
-1.666630875160589831e+00
-1.672936128346641960e+00
-1.679678195029129739e+00
-1.686875147863891033e+00
-1.694532754780568640e+00
-1.702675240798095402e+00
-1.711314526209211984e+00
-1.720474836032851895e+00
-1.730168090561754912e+00
-1.740406210088660810e+00
-1.751207267269406342e+00
-1.762589334759828485e+00
-1.774558180489569592e+00
-1.787131877114466638e+00
-1.800322344927259177e+00
-1.814141504220686762e+00
-1.828601275287489614e+00
-1.843713578420406396e+00
-1.859490333912177773e+00
-1.875943462055543076e+00
-1.893078730780143992e+00
-1.910908060378721851e+00
-1.929443371144014652e+00
-1.948690431005665413e+00
-1.968667312619511556e+00
-1.989373631552097788e+00
-2.010815155733066462e+00
-2.033003805455158020e+00
-2.055939196284916726e+00
-2.079639400878180222e+00
-2.104091730075298816e+00
-2.129320408895206906e+00
-2.155325052904449645e+00
-2.182105277669572629e+00
-2.209673003483314968e+00
-2.238027845912221370e+00
-2.267175572885936408e+00
-2.297128104697197859e+00
-2.327878904549454564e+00
-2.359433740372348431e+00
-2.391798380095522258e+00
-2.424972439285521641e+00
-2.458961685871989378e+00
-2.493759583058372087e+00
-2.529371898774313454e+00
-2.565804400949455388e+00
-2.603050552787246286e+00
-2.641116122217328055e+00
-2.680000724806246737e+00
-2.719703976120547040e+00
