# tt
8.930939912280688304e+02
8.402366456306463078e+02
7.890601929814714595e+02
7.492089466070643766e+02
7.201197324841321006e+02
6.998632877743278868e+02
6.862528915187043594e+02
6.777637660131462098e+02
6.732797268671210986e+02
6.716407164629792987e+02
6.731923858628143762e+02
6.761108763799425105e+02
6.803254987817475694e+02
6.849128503715455736e+02
6.912565765625728318e+02
6.991514235795374361e+02
7.075856930496679524e+02
7.171822983118894399e+02
7.266104896547237786e+02
7.364290586415171447e+02
7.466416534848003721e+02
7.569255110237915005e+02
7.675424468642899001e+02
7.785827636639199909e+02
7.896209925598440122e+02
8.009979124135326174e+02
8.125800724134555821e+02
8.243086569100240695e+02
8.363499849018949135e+02
8.482012545861508670e+02
8.605284682851757907e+02
8.729004414613729068e+02
8.853056087470106377e+02
8.982193892416421477e+02
9.108892295178156928e+02
9.237528824498651829e+02
9.369013447408809725e+02
9.502477037151012382e+02
9.637174787107001066e+02
9.772336124270539131e+02
9.908010264548089481e+02
1.004434370472007458e+03
1.018179055972178730e+03
1.032092799175045684e+03
1.046151474173002271e+03
1.060341966519471498e+03
1.074643147997712049e+03
1.089046195117178968e+03
1.103597655655200697e+03
1.118346816086444960e+03
1.133249327502285041e+03
1.148245122602140782e+03
1.163317200627112697e+03
1.178460865544496301e+03
1.193767774996293610e+03
1.209321250085116162e+03
1.225085632879880677e+03
1.240988351270921157e+03
1.257012204416445684e+03
1.273163141460656561e+03
1.289447426045269822e+03
1.305882167071802314e+03
1.322472168715575208e+03
1.339240692241201259e+03
1.356220552450687137e+03
1.373396645212254271e+03
1.390738810479127778e+03
1.408210735841435735e+03
1.425788413615501668e+03
1.443453805478137383e+03
1.461298883631474382e+03
1.479415437275034947e+03
1.497809122524981376e+03
1.516479443134378926e+03
1.535388262647928059e+03
1.554433016860227553e+03
1.573602700982552278e+03
1.592935529130954592e+03
1.612451258332195493e+03
1.632171165688947440e+03
1.652104151518233721e+03
1.672229874397503181e+03
1.692546449993496253e+03
1.713045841609856552e+03
1.733724018158071658e+03
1.754556056802427065e+03
1.775527192678150413e+03
1.796647270372858202e+03
1.817919982111069203e+03
1.839354566599163945e+03
1.860951686655481808e+03
1.882723703943320743e+03
1.904664523036688252e+03
1.926786505598880467e+03
1.949083556203905800e+03
1.971555731788866979e+03
1.994209241653964227e+03
2.017025685647010732e+03
2.040017425431304446e+03
2.063178365580850823e+03
2.086508563032754410e+03
2.109995769997924072e+03
2.133640043413463445e+03
2.157435287853379577e+03
2.181375407891677696e+03
2.205454308102365303e+03
2.229659740696351946e+03
2.253997914973836941e+03
2.278456583145730747e+03
2.303029595854981835e+03
2.327716740383402339e+03
2.352511597718649682e+03
2.377407748848382653e+03
2.402398774760258220e+03
2.427484408805030853e+03
2.452658231970358429e+03
2.477907672880801329e+03
2.503232464887114475e+03
2.528626188976955746e+03
2.554082426137981656e+03
2.579588604994753041e+03
2.605144458898025732e+03
2.630743568835455335e+03
2.656373363431604503e+03
2.682033576037226339e+03
2.707711635276882134e+03
2.733401122138229312e+03
2.759101769972022794e+03
2.784801007402822052e+03
2.810486441302636649e+03
2.836164848622560385e+03
2.861818575108747154e+03
2.887448423596641533e+03
2.913042892195494005e+03
2.938602783740749601e+03
2.964116596341661079e+03
2.989578980470573697e+03
3.014978434236739758e+03
3.040321912838700428e+03
3.065591762022609601e+03
3.090782632260816627e+03
3.115895326388764261e+03
3.140912190152607764e+03
3.165834026387791255e+03
3.190637028477371132e+03
3.215315846893696289e+03
3.239858979746016303e+03
3.264254925143582568e+03
3.288492181195645571e+03
3.312552977952164383e+03
3.336443692130708314e+03
3.360152127663361171e+03
3.383678393208400394e+03
3.407016445061008653e+03
3.430172544242557706e+03
3.453128342322037952e+03
3.475890100320821603e+03
3.498445622170992010e+03
3.520788864167733664e+03
3.542901477880027414e+03
3.564777419603059116e+03
3.586410645632006435e+03
3.607782807535856136e+03
3.628894013972887024e+03
3.649732068875182449e+03
3.670290928537922809e+03
3.690564549256289411e+03
3.710546887325462649e+03
3.730231899040622920e+03
3.749607388333854033e+03
3.768679616226531834e+03
3.787430234287641269e+03
3.805853198812364099e+03
3.823948618458978672e+03
3.841704443808998349e+03
3.859115364404761749e+03
3.876170064074939091e+03
3.892869531374395137e+03
3.909208602494899424e+03
3.925175961265121714e+03
3.940772596239929044e+03
3.955993343611087766e+03
3.970826887207270374e+03
3.985274215583341174e+03
3.999324012567973568e+03
4.012977266716030044e+03
4.026228814219279684e+03
4.039067338906394525e+03
4.051493829332238874e+03
4.063503121688581814e+03
4.075083899804093562e+03
4.086230999870543656e+03
4.096951562805893445e+03
4.107234272438814514e+03
4.117080117324171624e+03
4.126490086016830901e+03
4.135465167071658470e+03
4.143987891954226143e+03
4.152071553945595042e+03
4.159704787214041971e+03
4.166882179649364843e+03
4.173585964754773158e+03
4.179822985485860954e+03
4.185569322982742960e+03
4.190831820201017763e+03
4.195598863006988722e+03
4.199864989630060336e+03
4.203655500115121868e+03
4.206958780328479406e+03
4.209781673225730628e+03
4.212137174125568890e+03
4.214025973620498917e+03
4.215454914666112927e+03
4.216424687854914737e+03
4.216923679053209526e+03
4.216952578853498380e+03
4.216512077848280569e+03
4.215596714266960589e+03
4.214201026338941119e+03
4.212331857019819836e+03
4.209977592175901918e+03
4.207145074762786862e+03
4.203841147736070525e+03
4.200066501688254903e+03
4.195815674848742674e+03
4.191095510173130606e+03
4.185906698253919785e+03
4.180256082046708798e+03
4.174138199780900322e+03
4.167559894412091126e+03
4.160528008895880703e+03
4.153037081461669914e+03
4.145087802701961664e+03
4.136693167935448400e+03
4.127841563028438031e+03
4.118552135662721412e+03
4.108819424067703039e+03
4.098650271198980590e+03
4.088045367649051968e+03
4.077005404010420989e+03
4.065543375601779644e+03
4.053659973015631294e+03
4.041355886844474753e+03
4.028644112407004286e+03
4.015531492658818479e+03
4.002012565829320920e+03
3.988106479600302464e+03
3.973807772201166244e+03
3.959129438950609256e+03
3.944065911163634610e+03
3.928623497223846243e+03
3.912802246237355121e+03
3.896614512036461292e+03
3.880048039001080724e+03
3.863115180963517105e+03
3.845822139392976169e+03
3.828181268121759786e+03
3.810198768619075508e+03
3.791893147080321341e+03
3.773264452611607794e+03
3.754331191408335144e+03
3.735099564939707307e+03
3.715575774674933655e+03
3.695759869720121515e+03
3.675658051544474802e+03
3.655282673980298114e+03
3.634633786133700596e+03
3.613711437110790939e+03
3.592521828380774423e+03
3.571083466139051779e+03
3.549390247128633746e+03
3.527466829908018553e+03
3.505307111220216939e+03
3.482923444897533500e+03
3.460334337135367605e+03
3.437539837039827489e+03
3.414546146080119797e+03
3.391365618088547308e+03
3.368010606897413254e+03
3.344481161612826327e+03
3.320789636067089305e+03
3.296948384092506330e+03
3.272957454795184276e+03
3.248829202007428194e+03
3.224569827198442908e+03
3.200197836563628698e+03
3.175713279209094708e+03
3.151122356604047127e+03
3.126443574943885324e+03
3.101683135697815487e+03
3.076841087971945853e+03
3.051929785598582384e+03
3.026961582410023311e+03
3.001936527512381872e+03
2.976866974737959026e+03
2.951752973192862555e+03
2.926613029072495465e+03
2.901453343846061216e+03
2.876280118982766908e+03
2.851105517682026857e+03
2.825940940611708356e+03
2.800791445443690009e+03
2.775668242212949735e+03
2.750582540954464548e+03
2.725533246977017825e+03
2.700537722678684077e+03
2.675601025731343725e+03
2.650728213806877648e+03
2.625918192214067403e+03
2.601194475714085911e+03
2.576549817252618141e+03
2.552001579227740422e+03
2.527554819311332267e+03
2.503208442812175235e+03
2.478979812128346111e+03
2.454873984931723953e+03
2.430902171257286227e+03
2.407063276413816766e+03
2.383362358073194628e+03
2.359822930996592731e+03
2.336431595766599912e+03
2.313211867144386360e+03
2.290156498075639774e+03
2.267282850958434210e+03
2.244589831101552136e+03
2.222088648539971018e+03
2.199784360945572644e+03
2.177682025990235616e+03
2.155792853708938310e+03
2.134115749410462286e+03
2.112661923129787283e+03
2.091430280175694406e+03
2.070432030583162486e+03
2.049678384387168535e+03
2.029168246896494793e+03
2.008906675783022592e+03
1.988898728718631446e+03
1.969155615738299502e+03
1.949682394513906502e+03
1.930477970354235595e+03
1.911547400931167431e+03
1.892895743916581523e+03
1.874521904619261932e+03
1.856430940711087715e+03
1.838627909863940204e+03
1.821111717386602095e+03
1.803887420950953128e+03
1.786966230591971680e+03
1.770347051618439536e+03
1.754041048268755958e+03
1.738053049231903742e+03
1.722381685037189754e+03
1.707031738577018132e+03
1.692014145106889600e+03
1.677321382793014436e+03
1.662958234527795412e+03
1.648929483203637574e+03
1.635233759349846878e+03
1.621869693495730871e+03
1.608842068533693009e+03
1.596149514993039929e+03
1.583802968129273040e+03
1.571788753745504891e+03
1.560123959460333481e+03
1.548801063439967720e+03
1.537824848576813110e+03
1.527193945400175153e+03
1.516906984439361167e+03
1.506974900949872108e+03
1.497384020734820524e+03
1.488145279049707142e+03
1.479251154060741783e+03
1.470706428660329038e+03
1.462503581014677366e+03
1.454647394016191356e+03
1.447142650557274237e+03
1.439975676441039468e+03
1.433157406922987548e+03
1.426686472532424887e+03
1.420555351435561988e+03
1.414768826524801852e+03
1.409325528329451799e+03
1.404217935015721423e+03
1.399444677112917589e+03
1.395010537513443296e+03
1.390914146746606093e+03
1.387141830615518529e+03
1.383698372012584059e+03
1.380582401467109321e+03
1.377792549508401635e+03
1.375315141939572868e+03
1.373161114016124429e+03
1.371316791541168641e+03
1.369780805044012595e+03
1.368551785053962249e+03
1.367622209737227649e+03
1.366996861986212707e+03
1.366668219967126788e+03
1.366634914209277213e+03
1.366895735639535587e+03
1.367443964411939987e+03
1.368279193441191183e+03
1.369401015641989034e+03
1.370796719202839995e+03
1.372465897038444382e+03
1.374408142063503192e+03
1.376616894829618786e+03
1.379079443525297847e+03
1.381807685791435460e+03
1.384776605090342855e+03
1.387998099062915344e+03
1.391465608260755971e+03
1.395172573235467780e+03
1.399106282175557226e+03
1.403278632721919166e+03
1.407670760699962329e+03
1.412288411387484530e+03
1.417118872972991767e+03
1.422167890734281855e+03
1.427422752859860793e+03
1.432876899901331626e+03
1.438536077136492622e+03
1.444387572753849327e+03
1.450424827305005465e+03
1.456647433704661353e+03
1.463036527778225491e+03
1.469604007166593419e+03
1.476324855332076368e+03
1.483198665189375106e+03
1.490225029653189949e+03
1.497391236912026670e+03
1.504703032243683992e+03
1.512141551473569734e+03
1.519712539879482165e+03
1.527409438013024328e+03
1.535225686425799267e+03
1.543154725669411391e+03
1.551196148658559423e+03
1.559337243581750954e+03
1.567571450990588573e+03
1.575886059073578508e+03
1.584280660745421301e+03
1.592742544194623406e+03
1.601265149972787185e+03
1.609841918631516819e+03
1.618466290722415124e+03
1.627144011523279687e+03
1.635862369222616735e+03
1.644614804372029994e+03
1.653401136630375049e+03
1.662222092633129250e+03
1.671060168670633857e+03
1.679916318122522398e+03
1.688779189642232950e+03
1.697643584246301316e+03
1.706504302951263526e+03
1.715349994410557656e+03
1.724169307277622465e+03
1.732975499658285344e+03
1.741744915479790279e+03
1.750496965211062388e+03
1.759207992779345204e+03
1.767897408653563161e+03
1.776541556760961157e+03
1.785153695207365899e+03
1.793722472646215920e+03
1.802236537730950204e+03
1.810696843841201371e+03
1.819092039630407953e+03
1.827410773752008254e+03
1.835653999585636029e+03
1.843810365784728901e+03
1.851880825728920399e+03
1.859860180434746781e+03
1.867749383281839528e+03
1.875537082923638309e+03
1.883230385102872788e+03
1.890830243199176039e+03
1.898319153502889549e+03
1.905710374119840480e+03
1.912980248977273050e+03
1.920135883817917147e+03
1.927165927295211986e+03
1.934059028062595644e+03
1.940822291862798011e+03
1.947444367349258300e+03
1.953920055538511633e+03
1.960256462173288355e+03
1.966442235907027225e+03
1.972478330119361317e+03
1.978365698189922568e+03
1.984105293498344736e+03
1.989691917061163849e+03
1.995120369894915257e+03
2.000391605379231578e+03
2.005494272167551799e+03
2.010429323639508766e+03
2.015191560811638055e+03
2.019775784700475697e+03
2.024176861180393871e+03
2.028396067920209589e+03
2.032428595083478967e+03
2.036275785196855395e+03
2.039945133150088850e+03
2.043425676743639542e+03
2.046724910867256767e+03
2.049838025684497552e+03
2.052760211358917786e+03
2.055505115143364947e+03
2.058055622475201744e+03
2.060425380607275201e+03
2.062603427340044618e+03
2.064591105200162474e+03
2.066389756714283521e+03
2.068000724409060695e+03
2.069419198448050338e+03
2.070640368994808341e+03
2.071671730939085592e+03
2.072502322081340481e+03
2.073139637311323895e+03
2.073578866792592635e+03
2.073815200688701680e+03
2.073862286252499871e+03
2.073709161284445599e+03
2.073369473037387252e+03
2.072838411674880263e+03
2.072117319723578476e+03
2.071207539710135734e+03
2.070116566524301561e+03
2.068833437966535712e+03
2.067371801289686118e+03
2.065726846657308215e+03
2.063893764232958347e+03
2.061886201269485355e+03
2.059693195567347175e+03
2.057328394379391739e+03
2.054786987869174936e+03
2.052076470926448110e+03
2.049185881351670105e+03
2.046135018760785442e+03
2.042919073317351149e+03
2.039533235184922205e+03
2.035991151616347452e+03
2.032294165138280050e+03
2.028437465914275663e+03
2.024428548834085177e+03
2.020268756424362664e+03
2.015959431211760148e+03
2.011501915722932381e+03
2.006909697796083492e+03
2.002171018158462857e+03
1.997298567575063544e+03
1.992298884447783166e+03
1.987166202452324342e+03
1.981900907627486276e+03
1.976521843101361583e+03
1.971017090186554924e+03
1.965393187284963460e+03
1.959650520435387534e+03
1.953801780402821123e+03
1.947835048499869572e+03
1.941763015491527312e+03
1.935592219779691277e+03
1.929310742676967266e+03
1.922931274948349028e+03
1.916460354995734178e+03
1.909892216494825107e+03
1.903233397847518972e+03
1.896484285092616119e+03
1.889651416632012342e+03
1.882741330867606393e+03
1.875754413838196569e+03
1.868691051582583668e+03
1.861570087228859165e+03
1.854379602089628406e+03
1.847138439292982412e+03
1.839840832514624481e+03
1.832493320156451091e+03
1.825102440620360085e+03
1.817674732308247712e+03
1.810210581258914544e+03
1.802710373511160242e+03
1.795186799829978554e+03
1.787640246254170506e+03
1.780071098822535077e+03
1.772485895936969200e+03
1.764897328362467761e+03
1.757293477411636104e+03
1.749693186212565479e+03
1.742096840804055773e+03
1.734504827224906876e+03
1.726923683877015947e+03
1.719353796799182874e+03
1.711807856756402316e+03
1.704286249787473480e+03
1.696789361931196481e+03
1.689323731589468480e+03
1.681895897164186408e+03
1.674506244694150155e+03
1.667167253007089812e+03
1.659865943729287665e+03
1.652626040728345515e+03
1.645434353693281309e+03
1.638296149402405490e+03
1.631222846997123725e+03
1.624207408529553277e+03
1.617261253141099587e+03
1.610389647610073325e+03
1.603579401625492437e+03
1.596854239054958953e+03
1.590200969587490135e+03
1.583624860001396428e+03
1.577143481801182361e+03
1.570737492312767927e+03
1.564430615403755382e+03
1.558215813126259945e+03
1.552098352258591603e+03
1.546077347215962845e+03
1.540158064776683432e+03
1.534351924082160167e+03
1.528651887184509178e+03
1.523057068498942726e+03
1.517578887166867617e+03
1.512216457603497247e+03
1.506975046587140469e+03
1.501847616169913181e+03
1.496851737856319687e+03
1.491974221335377933e+03
1.487226485748495179e+03
1.482607645510884367e+03
1.478116815037757533e+03
1.473765413470522162e+03
1.469546402861293245e+03
1.465465049988380997e+03
1.461526621630095406e+03
1.457730232201648505e+03
1.454074996118253239e+03
1.450566180158219595e+03
1.447202898736759835e+03
1.443990418632184173e+03
1.440921701896607829e+03
1.438014320034535331e+03
1.435248930371887354e+03
1.432643104413168658e+03
1.430195956573590593e+03
1.427900448905270423e+03
1.425761848186516545e+03
1.423779268832542357e+03
1.421964129984754663e+03
1.420303193051603557e+03
1.418801483408559989e+03
1.417463978150526827e+03
1.416289502009309217e+03
1.415283032079809800e+03
1.414431088367640541e+03
1.413744800330800444e+03
1.413222992701095563e+03
1.412864490210331496e+03
1.412668117590313614e+03
1.412632699572847059e+03
1.412763213252835158e+03
1.413052330998986008e+03
1.413505029906202481e+03
1.414120134706290173e+03
1.414890317767957185e+03
1.415820556186106614e+03
1.416915827055640193e+03
1.418162650382170568e+03
1.419572155623696744e+03
1.421137015148927276e+03
1.422856053689667306e+03
1.424728095977723115e+03
1.426751966744899619e+03
1.428932643086099915e+03
1.431262797370032786e+03
1.433741254328502691e+03
1.436360686330218414e+03
1.439132222833180094e+03
1.442048536206095832e+03
1.445102298817674864e+03
1.448292335399721196e+03
1.451623623047138835e+03
1.455094986491732698e+03
1.458692945739114066e+03
1.462422477884185810e+03
1.466282407658753073e+03
1.470271559794622135e+03
1.474388759023597231e+03
1.478626677714388052e+03
1.482984140598799968e+03
1.487459972408637668e+03
1.492052997875707661e+03
1.496755889368717817e+03
1.501573623982571007e+03
1.506486569359780788e+03
1.511512007321444798e+03
1.516630305510076369e+03
1.521852593383676549e+03
1.527165390947855030e+03
1.532567683116168837e+03
1.538052943166077512e+03
1.543627109282985657e+03
1.549289967289200376e+03
1.555022845917737868e+03
1.560843988080197050e+03
1.566734722509594121e+03
1.572694835028235957e+03
1.578730263821526933e+03
1.584828489985580745e+03
1.590989299342704726e+03
1.597218630078303477e+03
1.603497810925392514e+03
1.609832780069376668e+03
1.616223323332562813e+03
1.622656921811065104e+03
1.629133361327189959e+03
1.635652427703245394e+03
1.642207754398441239e+03
1.648799127235085507e+03
1.655420179672387349e+03
1.662070697532655458e+03
1.668750466638196258e+03
1.675453120448220488e+03
1.682178444785035026e+03
1.688920073107850840e+03
1.695677791238975033e+03
1.702451385000714936e+03
1.709222183126086293e+03
1.716002276163591205e+03
1.722785297572439504e+03
1.729558728448745342e+03
1.736328506977911502e+03
1.743088266619149636e+03
1.749825488468571848e+03
1.756552263074680468e+03
1.763249919170491694e+03
1.769924394941409446e+03
1.776569323846644238e+03
1.783178339345406130e+03
1.789745074896905635e+03
1.796269316323450312e+03
1.802750849447346354e+03
1.809177155364708597e+03
1.815548019897843005e+03
1.821857076505960777e+03
1.828104111011368559e+03
1.834282756873277549e+03
1.840392799913993940e+03
1.846427873592728702e+03
1.852381806112605773e+03
1.858249204652406661e+03
1.864037175861018341e+03
1.869740521661137336e+03
1.875354043975456761e+03
1.880872544726672004e+03
1.886309282926768901e+03
1.891652908135344660e+03
1.896904374638190575e+03
1.902058484358002488e+03
1.907116191580570785e+03
1.912072298228590398e+03
1.916927758587853532e+03
1.921671222217956938e+03
1.926303643404692366e+03
1.930825976433852020e+03
1.935226870865032424e+03
1.939513433347123510e+03
1.943668161076624756e+03
1.947704313065522456e+03
1.951610538873413589e+03
1.955381640422993769e+03
1.959024724363149971e+03
1.962528440253481222e+03
1.965893742379779269e+03
1.969127737390931770e+03
1.972225227209634113e+03
1.975187166121677819e+03
1.978014508412854184e+03
1.980702056005859276e+03
1.983256915549579844e+03
1.985667736603614912e+03
1.987941625816853048e+03
1.990067232748890547e+03
1.992045511685520296e+03
1.993865112186339275e+03
1.995533140900236049e+03
1.997044399749905779e+03
1.998387538294945216e+03
1.999575815547341108e+03
2.000597881066689752e+03
2.001460841501881305e+03
2.002159498775609336e+03
2.002694807173665595e+03
2.003061568618745923e+03
2.003266889759737296e+03
2.003311724882433282e+03
2.003190875909526767e+03
2.002911449489907454e+03
2.002468247546270049e+03
2.001862259752775572e+03
2.001100769700158025e+03
2.000172639278230463e+03
1.999085187466096386e+03
1.997827276153568619e+03
1.996393919593556348e+03
1.994786284402066485e+03
1.993005537195105944e+03
1.991046692225584138e+03
1.988910916109507980e+03
1.986599375462883927e+03
1.984125541627913663e+03
1.981484428857506146e+03
1.978683356130765333e+03
1.975729642426796090e+03
1.972624454361604194e+03
1.969362806188099967e+03
1.965945864522289185e+03
1.962368643617082853e+03
1.958626157725389476e+03
1.954713421100118239e+03
1.950631600357277421e+03
1.946375709749775751e+03
1.941953068256716506e+03
1.937370994857204550e+03
1.932630656167246798e+03
1.927739371165946750e+03
1.922698306469310637e+03
1.917520933419541052e+03
1.912208418632643543e+03
1.906761928724625250e+03
1.901176477948395814e+03
1.895447080556864648e+03
1.889581055529136393e+03
1.883567264755022279e+03
1.877400722487432631e+03
1.871088747705471633e+03
1.864638659388242559e+03
1.858039319425558460e+03
1.851316503885814200e+03
1.844465227021919645e+03
1.837492807812978754e+03
1.830400412874998437e+03
1.823207665913277197e+03
1.815897276454529447e+03
1.808482715840957326e+03
1.800952845962372749e+03
1.793314985797879444e+03
1.785564149600387282e+03
1.777695351622805674e+03
1.769721906461084700e+03
1.761638044636874838e+03
1.753450144651769733e+03
1.745158432644266441e+03
1.736781591842153375e+03
1.728307543657732595e+03
1.719754971318791604e+03
1.711124100963828823e+03
1.702415158731338806e+03
1.693628370759819745e+03
1.684770115550864830e+03
1.675834466879873617e+03
1.666833955611537249e+03
1.657762655521255056e+03
1.648620792747524092e+03
1.639420898155034365e+03
1.630150893156089069e+03
1.620817156252281848e+03
1.611426065945206119e+03
1.601971696010261894e+03
1.592460424949042817e+03
1.582898631263142988e+03
1.573280388727961054e+03
1.563618228208188839e+03
1.553912375842322945e+03
1.544169210131956561e+03
1.534388957215586970e+03
1.524590300321002360e+03
1.514761160860504788e+03
1.504914069698785170e+03
1.495043100611243062e+03
1.485160784462569609e+03
1.475261195028164366e+03
1.465344558446523706e+03
1.455417253219242184e+03
1.445479505484815263e+03
1.435531541381739999e+03
1.425585891774707989e+03
1.415630478076021291e+03
1.405683983513467410e+03
1.395740481862446586e+03
1.385806351624552917e+03
1.375881818938281867e+03
1.365979414668325262e+03
1.356087060226985614e+03
1.346223438842050427e+03
1.336382624288919715e+03
1.326570995069187575e+03
1.316794929684446743e+03
1.307054654273194956e+03
1.297350213082758501e+03
1.287693227521981044e+03
1.278082832382341621e+03
1.268518162455318816e+03
1.259004504895489617e+03
1.249540994494332836e+03
1.240139070769521823e+03
1.230791716149438571e+03
1.221504217788659844e+03
1.212275710478663996e+03
1.203111481374027790e+03
1.194016817629327761e+03
1.184990854036042492e+03
1.176032725385651702e+03
1.167141566469633744e+03
1.158328816805662427e+03
1.149587458822119743e+03
1.140916627310485183e+03
1.132327761788431644e+03
1.123819997047438392e+03
1.115386315515887645e+03
1.107038156711452302e+03
1.098780807788709581e+03
1.090601098812943064e+03
1.082516621664924742e+03
1.074520358773035241e+03
1.066617597291852007e+03
1.058813624375950667e+03
1.051107574816810256e+03
1.043498583405910495e+03
1.035985784934729736e+03
1.028580618920942015e+03
1.021276067792928984e+03
1.014077418705267405e+03
1.006983806449435860e+03
9.999943658169137279e+02
9.931143839622770884e+02
9.863429956770053195e+02
9.796854881156745023e+02
9.731348437066669703e+02
9.667025019676557349e+02
9.603814453270230160e+02
9.541769609393448945e+02
9.480881835961006345e+02
9.421204004518665442e+02
9.362665939350246163e+02
9.305382035632479756e+02
9.249282117649189559e+02
9.194357533315164801e+02
9.140722677807141281e+02
9.088307016420693571e+02
9.037100102129378456e+02
8.987152652549492586e+02
8.938392338035375815e+02
8.890931399834286140e+02
8.844697508300573645e+02
8.799741381050524751e+02
8.755990688438480447e+02
8.713496148080731700e+02
8.672308477593571752e+02
8.632355347331337043e+02
8.593687474910321953e+02
8.556294054315839048e+02
8.520164279533209992e+02
8.485287344547742805e+02
8.451652443344762560e+02
8.419310293540553403e+02
8.388188565489458597e+02
8.358337976807771383e+02
8.329747721480805467e+02
8.302345469862904110e+02
8.276181939570356008e+02
8.251246324588480547e+02
8.227589342533564150e+02
8.205077140128979636e+02
8.183760434991014563e+02
8.163689944735958761e+02
8.144793339718155494e+02
8.127059813922923013e+02
8.110540084966550012e+02
8.095161823203377480e+02
8.080914222618724807e+02
8.067786477197907971e+02
8.055829304557215664e+02
8.044970375050992288e+02
8.035198882664554958e+02
8.026565545014190093e+02
8.018998032454245504e+02
8.012485538970031484e+02
8.007017258546871972e+02
8.002582385170077259e+02
7.999231636455942862e+02
7.996831159127833644e+02
7.995493194433015560e+02
7.995083889094858023e+02
7.995653960729651999e+02
7.997192603322711193e+02
7.999689010859353857e+02
8.003070853693925528e+02
8.007388849442712626e+02
8.012510471425017613e+02
8.018554593867741005e+02
8.025395323069833466e+02
8.033091336223149028e+02
8.041516739626634944e+02
8.050791734103122508e+02
8.060790425951558973e+02
8.071571492363800644e+02
8.083132086900737932e+02
8.095346315861312405e+02
8.108334380068361043e+02
8.121970385820825413e+02
8.136251486679591380e+02
8.151297883467497059e+02
8.166922158852510165e+02
8.183244513657464267e+02
8.200262101443247502e+02
8.217849028508803713e+02
8.236063972045996024e+02
8.254904085615709164e+02
8.274304999147861963e+02
8.294263866203340285e+02
8.314654793081092521e+02
8.335597980603946553e+02
8.356906011439875783e+02
8.378699086411713779e+02
8.400851311818404383e+02
8.423359841220836870e+02
8.446344875441839122e+02
8.469618997149389088e+02
8.493302407166315788e+02
8.517269211791564203e+02
8.541639611847967899e+02
8.566287713634468446e+02
8.591272194342927833e+02
8.616467160272291039e+02
8.641808241352475761e+02
8.667415638406308744e+02
8.693163457732740653e+02
8.718987329261682362e+02
8.744945930184998133e+02
8.770974890432603388e+02
8.797009839934413549e+02
8.823170979513258771e+02
8.849332415468087447e+02
8.875491301359785439e+02
8.901644790749245431e+02
8.927790037197347601e+02
8.953862670634014194e+02
8.979859844620133345e+02
9.005718764074896399e+02
9.031444457505576793e+02
9.057043528408726161e+02
9.082522580280894999e+02
9.107765169356688375e+02
9.132839422763627226e+02
9.157690420367293882e+02
9.182324765664235429e+02
9.206687538520030785e+02
9.230846866062205436e+02
9.254747828156332616e+02
9.278397028298966234e+02
9.301739546355684070e+02
9.324781985823035484e+02
9.347469426566600532e+02
9.369869995713900153e+02
9.391867249499539412e+02
9.413590838682014237e+02
9.434862795864961527e+02
9.455812771806871524e+02
9.476324322742352706e+02
9.496465575798923737e+02
9.516120087211198779e+02
9.535355984106693086e+02
9.554118346350988986e+02
9.572475301071604008e+02
9.590310404503150039e+02
9.607691783773145744e+02
9.624502995116201873e+02
9.640873689290806396e+02
9.656687422531571201e+02
9.671950798335043373e+02
9.686670420197775684e+02
9.700852891616317493e+02
9.714443292456245445e+02
9.727448226214110036e+02
9.739874296386466312e+02
9.751666582838885233e+02
9.762831689067926391e+02
9.773376218570130050e+02
9.783306774842052391e+02
9.792568437749271197e+02
9.801167810788335828e+02
9.809111497455799054e+02
9.816406101248207960e+02
9.822996702031140330e+02
9.828951426932122786e+02
9.834215355816729698e+02
9.838733568550543396e+02
9.842635715892054122e+02
9.845744184911786760e+02
9.848190398702679431e+02
9.849860040300671926e+02
9.850884887265590351e+02
9.851150622633369949e+02
9.850665976701897080e+02
9.849501203400030818e+02
9.847541985763702996e+02
9.844920101352743131e+02
9.841521233203089878e+02
9.837415635243597762e+02
9.832550514141179292e+02
9.826996123824688993e+02
9.820699670961032552e+02
9.813669885848102012e+02
9.805915498783771227e+02
9.797445240065928829e+02
9.788267839992455492e+02
9.778330505230264862e+02
9.767641966077237612e+02
9.756272476462225995e+02
9.744169243052141383e+02
9.731340996144871269e+02
9.717857989669269045e+02
9.703605906661271092e+02
9.688593477418759221e+02
9.672952479501566359e+02
9.656630119576598190e+02
9.639573604310767223e+02
9.621914711263898425e+02
9.603539123471932726e+02
9.584517094863721240e+02
9.564857355737153739e+02
9.544507112759139318e+02
9.523536619858529093e+02
9.501954607333204876e+02
9.479708281850082585e+02
9.456867897338012199e+02
9.433442184094883487e+02
9.409316825156627146e+02
9.384685121714047682e+02
9.359432756803081475e+02
9.333629984352584188e+02
9.307224011029466055e+02
9.280285090762583877e+02
9.252821953849816055e+02
9.224843330589047810e+02
9.196296427647193923e+02
9.167251498953105511e+02
9.137717274804663248e+02
9.107701446520640047e+02
9.077207549503358450e+02
9.046299603806996856e+02
9.014857058592820067e+02
8.983005457545982608e+02
8.950685773458717449e+02
8.917962026385209811e+02
8.884836712748664240e+02
8.851312328972290970e+02
8.817391371479299096e+02
8.783076336692898849e+02
8.748431244667266355e+02
8.713397068194643680e+02
8.678037827329205811e+02
8.642356018494165255e+02
8.606292614481756118e+02
8.569911635346161347e+02
8.533215577510592311e+02
8.496268461029220589e+02
8.459011258694290518e+02
8.421507990559979362e+02
8.383761153049498489e+02
8.345773242586054721e+02
8.307546755592854879e+02
8.269084188493110332e+02
8.230449561341001754e+02
8.191645370559737103e+02
8.152612588941550484e+02
8.113476760171599835e+02
8.074178857042116988e+02
8.034721375976311037e+02
7.995168337028367205e+02
7.955522236621488901e+02
7.915785571178886357e+02
7.875960837123770943e+02
7.836050530879346070e+02
7.796118672499796958e+02
7.756167758408329291e+02
7.716200285028153303e+02
7.676157225151506509e+02
7.636225646094510466e+02
7.596284997018432250e+02
7.556399297977452534e+02
7.516632569025749717e+02
7.476925782955562454e+02
7.437281436190099839e+02
7.397763548783539136e+02
7.358436140790064428e+02
7.319240185001912096e+02
7.280178177842288960e+02
7.241312866051018773e+02
7.202640379479511239e+02
7.164155574664820278e+02
7.125914831774972527e+02
7.087851483716049188e+02
7.050021910656072350e+02
7.012420969132099344e+02
6.975105039312151121e+02
6.938068977733286147e+02
6.901246117301579943e+02
6.864692838185062556e+02
6.828465520551756072e+02
6.792497497307742833e+02
6.756845148621048338e+02
6.721564854659695811e+02
6.686528424698796016e+02
6.651853762537347166e+02
6.617535724712400906e+02
6.583569167761010021e+02
6.549887424589257989e+02
6.516669922627111191e+02
6.483726947518709949e+02
6.451237926694020643e+02
6.419074669428154039e+02
6.387355079520106074e+02
6.356012489875959091e+02
6.325103280663736314e+02
6.294622308420493937e+02
6.264625953314255185e+02
6.235047548251102398e+02
6.205881949768088361e+02
6.177185538033236298e+02
6.149014693214573981e+02
6.121241224587211036e+02
6.093983035950141129e+02
6.067173460209451150e+02
6.040868877533158638e+02
6.015064144458322062e+02
5.989754117521995340e+02
5.964933653261228983e+02
5.940659131844048488e+02
5.916925409807506639e+02
5.893665820057688052e+02
5.870936742762613676e+02
5.848733034459339706e+02
5.827111075315889366e+02
5.806004198238344998e+02
5.785468783394729826e+02
5.765438163691128466e+02
5.746030242926535720e+02
5.727116534066897202e+02
5.708751935734403560e+02
5.690991050242088249e+02
5.673765432641035886e+02
5.657129685244274242e+02
5.641076886733862921e+02
5.625600115791858116e+02
5.610692451100317157e+02
5.596285447710326935e+02
5.582556755196858376e+02
5.569314881349054076e+02
5.556675952110916796e+02
5.544633046164500456e+02
5.533117718560895355e+02
5.522184571613124717e+02
5.511765160372278842e+02
5.501975610782358217e+02
5.492747477894447456e+02
5.484073840390605028e+02
5.475947776952884851e+02
5.468362366263349941e+02
5.461372210635024658e+02
5.454908865118997028e+02
5.448959256034225973e+02
5.443577985693741539e+02
5.438739675690310378e+02
5.434437404705988683e+02
5.430664251422832649e+02
5.427413294522904152e+02
5.424683765051353248e+02
5.422468741690239540e+02
5.420761303121619221e+02
5.419554528027549622e+02
5.418841495090089211e+02
5.418621435354392588e+02
5.418881275139418676e+02
5.419620245490324351e+02
5.420825272726067396e+02
5.422489435528706281e+02
5.424618117306492877e+02
5.427192092015291109e+02
5.430204438337156034e+02
5.433648234954146119e+02
5.437522712911415965e+02
5.441802493801732226e+02
5.446492961033345637e+02
5.451574888562120123e+02
5.457047507433210285e+02
5.462891591602476637e+02
5.469100219751979921e+02
5.475667292489835063e+02
5.482583845765296928e+02
5.489841737453677979e+02
5.497432825430291814e+02
5.505367424659743847e+02
5.513618935928058136e+02
5.522191521836738275e+02
5.531077040261100137e+02
5.540267349076458459e+02
5.549748153795026155e+02
5.559523617018314781e+02
5.569579444258537251e+02
5.579907493391009439e+02
5.590499622291042670e+02
5.601347688833951679e+02
5.612443550895050066e+02
5.623779066349651430e+02
5.635346093073068232e+02
5.647136488940615209e+02
5.659135959464507550e+02
5.671342514883156127e+02
5.683748013071873402e+02
5.696332007179781840e+02
5.709092507445287765e+02
5.722015219380610915e+02
5.735092000861062616e+02
5.748314709761956465e+02
5.761669051595511064e+02
5.775140731873938194e+02
5.788727760835652134e+02
5.802415843992869213e+02
5.816184534494706213e+02
5.830037994942673549e+02
5.843955778485888004e+02
5.857923590636567042e+02
5.871939441633121533e+02
5.885982884624669396e+02
5.900051929849621501e+02
5.914126130457098043e+02
5.928191191959314210e+02
5.942245124594680874e+02
5.956267481512317090e+02
5.970250120587536458e+02
5.984172594969459169e+02
5.998032914896492684e+02
6.011810633517760607e+02
6.025497608708571988e+02
6.039073393618048158e+02
6.052535998484599986e+02
6.065864976457344255e+02
6.079053210778711218e+02
6.092091533796470912e+02
6.104990260314806392e+02
6.117679724417631633e+02
6.130250221629388534e+02
6.142644390760190163e+02
6.154866394251117754e+02
6.166920394543253678e+02
6.178749030446706456e+02
6.190356464402558458e+02
6.201746858851894331e+02
6.212985899866764612e+02
6.223954702626309654e+02
6.234718953202583407e+02
6.245282814036667105e+02
6.255527400307699963e+02
6.265579921718706373e+02
6.275383017079799401e+02
6.284879325201086431e+02
6.294196055785595263e+02
6.303152800381490124e+02
6.311876768691799953e+02
6.320310599526632132e+02
6.328458455327070169e+02
6.336262974903223721e+02
6.343789844327146739e+02
6.351043226039922729e+02
6.357965758851661349e+02
6.364561605203442696e+02
6.370773403905378700e+02
6.376728364660496027e+02
6.382307602647931617e+02
6.387515280308767842e+02
6.392355560084087074e+02
6.396894128045942125e+02
6.401073623004446063e+02
6.404836683769706269e+02
6.408248996413778968e+02
6.411253199746771543e+02
6.413914979840741353e+02
6.416176975505794644e+02
6.418043349183018336e+02
6.419579786944462967e+02
6.420667403969265479e+02
6.421310362698512790e+02
6.421574349204256578e+02
6.421463525927576939e+02
6.420859008047615362e+02
6.419888005267396238e+02
6.418431632766057646e+02
6.416617360789913391e+02
6.414327607234538391e+02
6.411629621431713986e+02
6.408529129082243116e+02
6.404970332255963967e+02
6.400958956653681753e+02
6.396500727976202825e+02
6.391662895555307387e+02
6.386328137829858633e+02
6.380625227762604936e+02
6.374436843792410627e+02
6.367830235251055910e+02
6.360749604208373285e+02
6.353262199996142954e+02
6.345312224684198554e+02
6.336966927604322564e+02
6.328170510826345208e+02
6.318990223682046690e+02
6.309370268241262920e+02
6.299316370204801387e+02
6.288834255273467306e+02
6.277929649148067028e+02
6.266669801160381894e+02
6.254937389749273962e+02
6.242799664246518887e+02
6.230262350352926433e+02
6.217269650138332509e+02
6.203888812934513908e+02
6.190125564442278119e+02
6.175985630362431493e+02
6.161413212764809941e+02
6.146475560981191393e+02
6.131116877081410621e+02
6.115404410397247830e+02
6.099282362998536655e+02
6.082817984217053890e+02
6.065955476122639993e+02
6.048700564416097905e+02
6.031120498429205554e+02
6.013221003862771568e+02
5.994946282786632992e+02
5.976302060901591631e+02
5.957294063908456110e+02
5.937989541139008907e+02
5.918332694663081384e+02
5.898329250181478756e+02
5.878046457025984637e+02
5.857428517266430390e+02
5.836481156603624640e+02
5.815271624369345318e+02
5.793805014509724742e+02
5.772022370321220706e+02
5.749925626976589683e+02
5.727578243279562002e+02
5.704982154402893002e+02
5.682139295519336883e+02
5.659051601801653533e+02
5.635659484791625573e+02
5.612026403292979921e+02
5.588154292478473053e+02
5.564045087520863717e+02
5.539700723592906115e+02
5.515123135867355586e+02
5.490314259516969742e+02
5.465276029714505057e+02
5.440071905263688450e+02
5.414642297706305953e+02
5.389050665846083348e+02
5.363237421224807804e+02
5.337204499015234660e+02
5.311076881652062411e+02
5.284733457046104377e+02
5.258176160370115895e+02
5.231529974058800008e+02
5.204673786022967761e+02
5.177732578697316512e+02
5.150646763623633433e+02
5.123418275974674998e+02
5.096110574554168124e+02
5.068664070903896572e+02
5.041142223827590101e+02
5.013485444867031333e+02
4.985757192825951165e+02
4.958020926508073671e+02
4.930155533824216150e+02
4.902285997209073685e+02
4.874291204573461869e+02
4.846296138352080334e+02
4.818302733717684418e+02
4.790220640396572662e+02
4.762144079007961750e+02
4.734062679998409067e+02
4.705984530903770633e+02
4.677911566896803492e+02
4.649858027876455822e+02
4.621832001378583641e+02
4.593847727302135695e+02
4.565907140819867891e+02
4.538024481830732384e+02
4.510207837870582921e+02
4.482464470747118526e+02
4.454810644081627515e+02
4.427237186314854398e+02
4.399753382976834359e+02
4.372368519597607133e+02
4.345079576981012224e+02
4.317889688293990957e+02
4.290808139066579088e+02
4.263838062465717940e+02
4.236982591658344859e+02
4.210244859811400033e+02
4.183646457181116034e+02
4.157178212208236232e+02
4.130855562785896495e+02
4.104687794444130873e+02
4.078671887986783418e+02
4.052817128943891589e+02
4.027132802845490573e+02
4.001615890495424424e+02
3.976275677423728325e+02
3.951115296797343035e+02
3.926137881783205899e+02
3.901346565548259946e+02
3.876750633622538658e+02
3.852353219172984495e+02
3.828163607729631508e+02
3.804178780096324317e+02
3.780408021803098109e+02
3.756860618379990342e+02
3.733533550630843365e+02
3.710436104085694637e+02
3.687565259548385370e+02
3.664936454912049157e+02
3.642546670980530052e+02
3.620399040920765970e+02
3.598502850262793800e+02
3.576848927447361461e+02
3.555458862730696410e+02
3.534329636916642698e+02
3.513464383172139947e+02
3.492866234664127774e+02
3.472550629285739205e+02
3.452508395477720455e+02
3.432754971133205117e+02
3.413281184692938837e+02
3.394102474050054639e+02
3.375221972371492711e+02
3.356630508097998131e+02
3.338343519122705061e+02
3.320357986249454711e+02
3.302676789115120641e+02
3.285301793236302501e+02
3.268240762962633994e+02
3.251483005554453030e+02
3.235036285361389332e+02
3.218902214369979333e+02
3.203082404566755486e+02
3.187578467938251379e+02
3.172392016471001170e+02
3.157518509788442316e+02
3.142959559877106699e+02
3.128722931086628023e+02
3.114797930677344198e+02
3.101198475361983355e+02
3.087913872400885111e+02
3.074951886143680895e+02
3.062301823850710321e+02
3.049971449871603681e+02
3.037962376192895704e+02
3.026263910074924297e+02
3.014889968230419868e+02
3.003823705556623622e+02
2.993072886403166422e+02
2.982639122756581855e+02
2.972517874240307378e+02
2.962704600477779309e+02
2.953207065818628507e+02
2.944020729886291292e+02
2.935147204667303527e+02
2.926575797422001983e+02
2.918314272500018660e+02
2.910358089524791581e+02
2.902702708119755926e+02
2.895343587908348582e+02
2.888276188514006435e+02
2.881508274286359779e+02
2.875029152485749933e+02
2.868834282735611509e+02
2.862925277022479236e+02
2.857297594969789998e+02
2.851946696200980682e+02
2.846874192702584310e+02
2.842069391734939927e+02
2.837533905284583966e+02
2.833263192974949334e+02
2.829246562066379056e+02
2.825491776908501720e+02
2.821988144761658077e+02
2.818724972886187174e+02
2.815716177994816576e+02
2.812939208926781021e+02
2.810397909194058457e+02
2.808090416250618091e+02
2.806014867550429130e+02
2.804169400547460782e+02
2.802546000332585550e+02
2.801148956722871048e+02
2.799970254809188077e+02
2.799008032045506411e+02
2.798260425885795826e+02
2.797725573784024959e+02
2.797401613194164156e+02
2.797280529207084783e+02
2.797360459276757751e+02
2.797639540857151133e+02
2.798115911402234701e+02
2.798781556002880961e+02
2.799634612113059120e+02
2.800667064823640544e+02
2.801877051588596146e+02
2.803262709861894564e+02
2.804816024734407733e+02
2.806535133660106567e+02
2.808412021729861294e+02
2.810444826397642260e+02
2.812631685117419238e+02
2.814958430616966325e+02
2.817429352713351705e+02
2.820036436497446175e+02
2.822771667060122809e+02
2.825633181855349676e+02
2.828612965974000417e+02
2.831703004506946968e+02
2.834907587271256375e+02
2.838212546994701029e+02
2.841609868768156844e+02
2.845103842408689161e+02
2.848680300644072076e+02
2.852337380928275365e+02
2.856067068352171532e+02
2.859861348006633079e+02
2.863718357345628647e+02
2.867630081460031874e+02
2.871594657803809696e+02
2.875597919104739617e+02
2.879638002816790276e+02
2.883706894030833610e+02
2.887796577837741552e+02
2.891905191691484447e+02
2.896018568319836390e+02
2.900135477137588396e+02
2.904257215402813586e+02
2.908367255245114507e+02
2.912479830609579494e+02
2.916578413625811095e+02
2.920658781149607535e+02
2.924729014762958172e+02
2.928778738958563963e+02
2.932809882955319836e+02
2.936812071245923903e+02
2.940787233049271663e+02
2.944724992858062933e+02
2.948633432254288209e+02
2.952502175730647309e+02
2.956327000142937891e+02
2.960103682346957044e+02
2.963834151561598560e+02
2.967514184642658961e+02
2.971133406082838633e+02
2.974693745101031936e+02
2.978190978553035393e+02
2.981620883294646660e+02
2.984979236181662259e+02
2.988267966432976550e+02
2.991476698541288783e+02
2.994607361725493320e+02
2.997655732841387248e+02
3.000623741107866067e+02
3.003494858654530049e+02
3.006271014700275259e+02
3.008960290827092194e+02
3.011540006801486697e+02
3.014018244205449264e+02
3.016390779894777552e+02
3.018653390725269219e+02
3.020801853552720218e+02
3.022831945232927637e+02
3.024745594984786408e+02
3.026538579664092481e+02
3.028200523763546244e+02
3.029733356502042625e+02
3.031139007098474849e+02
3.032400947682444894e+02
3.033533412199042232e+02
3.034513720414773275e+02
3.035356106274725221e+02
3.036050194271596752e+02
3.036585608898090527e+02
3.036970431736195906e+02
3.037200439641711114e+02
3.037271639449062377e+02
3.037180957907199854e+02
3.036931704106800680e+02
3.036521034775445855e+02
3.035952259003810809e+02
3.035216381156378702e+02
3.034316710323828374e+02
3.033250403233738552e+02
3.032026921339883643e+02
3.030631116643650103e+02
3.029072450598811201e+02
3.027341927569850100e+02
3.025442856647444501e+02
3.023378546922271539e+02
3.021146155121910510e+02
3.018748990337040254e+02
3.016178056932141089e+02
3.013436663997892992e+02
3.010534272988068096e+02
3.007455735904053427e+02
3.004216666562719524e+02
3.000808069328550687e+02
2.997227100929125641e+02
2.993489375181316063e+02
2.989579744086509550e+02
2.985501516735380392e+02
2.981264154581704133e+02
2.976858661989964503e+02
2.972288348050838636e+02
2.967556521855001961e+02
2.962660340130036047e+02
2.957603111966618030e+02
2.952381994092327204e+02
2.947000295597841273e+02
2.941455173210740668e+02
2.935762240747896499e+02
2.929912502573790789e+02
2.923909267779102947e+02
2.917755845454508403e+02
2.911455544690684860e+02
2.905011674578309453e+02
2.898421391844962045e+02
2.891688005581320340e+02
2.884808672514963632e+02
2.877799006462764737e+02
2.870643859426107838e+02
2.863352692858769046e+02
2.855934968214521064e+02
2.848375537494749778e+02
2.840696166879425846e+02
2.832887561411831712e+02
2.824957685939752423e+02
2.816908053626676747e+02
2.808734025272996746e+02
2.800437114042200619e+02
2.792024985460873836e+02
2.783493000329408460e+02
2.774842671811294395e+02
2.766075513070018701e+02
2.757199189632168554e+02
2.748209062298134882e+02
2.739106644231407586e+02
2.729899600958570431e+02
2.720583293280017187e+02
2.711171539085430595e+02
2.701659699175201581e+02
2.692049286712818343e+02
2.682347967224868626e+02
2.672557253874840626e+02
2.662678659826223111e+02
2.652713698242503710e+02
2.642663882287172328e+02
2.632536877486815001e+02
2.622328044641823794e+02
2.612051201641880880e+02
2.601695556924279913e+02
2.591274928378706477e+02
2.580790829168647065e+02
2.570238620094494877e+02
2.559632119045932654e+02
2.548966686823350756e+02
2.538249988953337208e+02
2.527483538599379358e+02
2.516675001288064095e+02
2.505819737819782915e+02
2.494931566084217991e+02
2.484011999244858657e+02
2.473056398102096693e+02
2.462078580545615978e+02
2.451080059738903572e+02
2.440056196482352391e+02
2.429020808665645745e+02
2.417975409452271265e+02
2.406915359642621581e+02
2.395854477126379720e+02
2.384788122703937461e+02
2.373730114264976407e+02
2.362675812609890613e+02
2.351639035628361967e+02
2.340615144120781395e+02
2.329617492523427700e+02
2.318645276732760863e+02
2.307697229191832946e+02
2.296778234706799537e+02
2.285893178083808834e+02
2.275040791765916595e+02
2.264219808196177155e+02
2.253435112180742124e+02
2.242685436162665837e+02
2.231975664948099052e+02
2.221304530980098093e+02
2.210676919064812580e+02
2.200091561645297986e+02
2.189553343527705067e+02
2.179067149518186000e+02
2.168631712059795404e+02
2.158251915958684037e+02
2.147926493657907088e+02
2.137660329963615879e+02
2.127452157318864465e+02
2.117306860529805306e+02
2.107229324402589157e+02
2.097212129017172515e+02
2.087260159179708978e+02
2.077384452059446289e+02
2.067577587736340661e+02
2.057844451016544838e+02
2.048189926706209576e+02
2.038618899611487905e+02
2.029123949812335752e+02
2.019722266841099270e+02
2.010406430777736375e+02
2.001181326428397824e+02
1.992045686236138522e+02
1.983004395007109224e+02
1.974062337547462391e+02
1.965212093937154521e+02
1.956464701345435344e+02
1.947812739852260790e+02
1.939267246626880876e+02
1.930826954112349085e+02
1.922490594751720323e+02
1.914269205714243469e+02
1.906155367079874736e+02
1.898153963654767153e+02
1.890269880245070908e+02
1.882508001656938461e+02
1.874854755607229606e+02
1.867327331628289926e+02
1.859918309800077623e+02
1.852632387376013696e+02
1.845473511398604671e+02
1.838433136631431921e+02
1.831521174927369202e+02
1.824735233413095727e+02
1.818079071578387698e+02
1.811544144186826770e+02
1.805140363091286702e+02
1.798859183055349149e+02
1.792716668294985141e+02
1.786691968847582075e+02
1.780801148929110695e+02
1.775041815666249647e+02
1.769411576185678712e+02
1.763908037614077102e+02
1.758528807078122895e+02
1.753283796430690415e+02
1.748170612798458592e+02
1.743180710945008798e+02
1.738324002723215926e+02
1.733598095259757770e+02
1.728994443318216554e+02
1.724522958751466319e+02
1.720175096323087871e+02
1.715960767885955818e+02
1.711871428203651817e+02
1.707910836765951217e+02
1.704076600699534652e+02
1.700366327131080482e+02
1.696777623187267068e+02
1.693320400720968735e+02
1.689986114495767993e+02
1.686772371638342634e+02
1.683676779275372439e+02
1.680703096896634179e+02
1.677855083991903200e+02
1.675118042961664457e+02
1.672501885658791991e+02
1.669998066846866891e+02
1.667610346015666494e+02
1.665336330291868592e+02
1.663179779165250523e+02
1.661132147399394228e+02
1.659191042120978068e+02
1.657360222819778528e+02
1.655637296622475390e+02
1.654019870655747297e+02
1.652505552046273465e+02
1.651091947920732821e+02
1.649782817768901850e+02
1.648563665669580018e+02
1.647445411867217331e+02
1.646420721195287342e+02
1.645494563213457582e+02
1.644659602755201888e+02
1.643920809380186938e+02
1.643270847921886855e+02
1.642708535576872464e+02
1.642244994267907998e+02
1.641866736465369456e+02
1.641572579365828801e+02
1.641367492528951857e+02
1.641244140788213315e+02
1.641201341340182864e+02
1.641244063744529171e+02
1.641364972834724938e+02
1.641562885807340422e+02
1.641836619858947017e+02
1.642191144549211685e+02
1.642612972348511562e+02
1.643107072816513323e+02
1.643672263149787796e+02
1.644301208181808533e+02
1.645005029835340338e+02
1.645764088217662220e+02
1.646583352888442278e+02
1.647467793407347756e+02
1.648403922244754654e+02
1.649396708960331068e+02
1.650444970750647542e+02
1.651541372449177345e+02
1.652678578889394032e+02
1.653867711994062120e+02
1.655095284233557607e+02
1.656366265167549159e+02
1.657673319629508910e+02
1.659015264816008823e+02
1.660390917923618304e+02
1.661792943785810621e+02
1.663220159599157171e+02
1.664671382560228494e+02
1.666145429865594281e+02
1.667641118711825357e+02
1.669144961569298005e+02
1.670661927997680323e+02
1.672190835193542000e+02
1.673724347990357160e+02
1.675261283584696343e+02
1.676794306810032253e+02
1.678322234862935716e+02
1.679850379196122390e+02
1.681366961745206652e+02
1.682872851065045552e+02
1.684368915710496140e+02
1.685856024236414328e+02
1.687328892834560463e+02
1.688788390059790743e+02
1.690235384466961932e+02
1.691664592247834378e+02
1.693076881957263709e+02
1.694473122150107827e+02
1.695841876655028386e+02
1.697196318753076696e+02
1.698525012272915262e+02
1.699822673406303579e+02
1.701102475434292387e+02
1.702352982185544761e+02
1.703568909851820479e+02
1.704763431714169428e+02
1.705918959238157697e+02
1.707042513341739323e+02
1.708134962579770786e+02
1.709184870780914309e+02
1.710199258863124498e+02
1.711178995381257550e+02
1.712112644163975972e+02
1.713001073766135960e+02
1.713845152742595985e+02
1.714639597285113837e+02
1.715391428311643836e+02
1.716089209650849341e+02
1.716739962220682969e+02
1.717338402212905351e+02
1.717879245819275695e+02
1.718369513957747756e+02
1.718797770456984324e+02
1.719171036234939152e+02
1.719484027483371449e+02
1.719731460394040994e+02
1.719920355884902676e+02
1.720045430147714285e+02
1.720101399374237019e+02
1.720082979756229520e+02
1.720003344574743380e+02
1.719844905295343551e+02
1.719620835199081341e+02
1.719319698114618973e+02
1.718936210233715940e+02
1.718483544837423835e+02
1.717944113391307610e+02
1.717331243399267464e+02
1.716634269804211499e+02
1.715854986498091534e+02
1.714995187372859675e+02
1.714056666320467173e+02
1.713035064869768860e+02
1.711926024549619854e+02
1.710737491615068393e+02
1.709465107594969027e+02
1.708110666381273575e+02
1.706669809502837154e+02
1.705144330851610448e+02
1.703529871956448858e+02
1.701834379072401475e+02
1.700053493728322280e+02
1.698182857453066390e+02
1.696236568864779315e+02
1.694197964766121345e+02
1.692081143775239127e+02
1.689875595057889939e+02
1.687589264869122303e+02
1.685223947100888608e+02
1.682769130918945280e+02
1.680232762578342260e+02
1.677616635971030803e+02
1.674910240262768184e+02
1.672121521708603495e+02
1.669252274200488841e+02
1.666298139267278486e+02
1.663260910800923966e+02
1.660148535056474088e+02
1.656950501199686983e+02
1.653668603122513900e+02
1.650310787080004218e+02
1.646872694601011631e+02
1.643356119577488528e+02
1.639756703538289742e+02
1.636082392738463511e+02
1.632328828706865522e+02
1.628497805335445889e+02
1.624584964153060298e+02
1.620598251414758124e+02
1.616539461012489483e+02
1.612404234475110343e+02
1.608200518057669512e+02
1.603923953289020972e+02
1.599570181698019553e+02
1.595153301902811904e+02
1.590668955432251437e+02
1.586118936178291392e+02
1.581498753676191598e+02
1.576815694213035499e+02
1.572064607356118131e+02
1.567246495035831799e+02
1.562362359182568525e+02
1.557419354089817887e+02
1.552406176961776794e+02
1.547336134455032948e+02
1.542197923773784112e+02
1.537004851574616282e+02
1.531745615061727506e+02
1.526433520891704632e+02
1.521057266268745423e+02
1.515624005486338319e+02
1.510140892837974320e+02
1.504596625527850620e+02
1.498998357849456227e+02
1.493353244096281003e+02
1.487649981472522143e+02
1.481901876634766779e+02
1.476103779150309947e+02
1.470250538586446396e+02
1.464355461599763260e+02
1.458413397757555288e+02
1.452431501353311205e+02
1.446398469591229343e+02
1.440327609127896835e+02
1.434213769530607863e+02
1.428064105092852571e+02
1.421879617745022415e+02
1.415661309417509983e+02
1.409410182040707866e+02
1.403127237545007517e+02
1.396813477860801811e+02
1.390482209644676743e+02
1.384115977737733658e+02
1.377728088796558268e+02
1.371325697114641002e+02
1.364897499896178203e+02
1.358450651434661154e+02
1.351986153660480738e+02
1.345505008504029263e+02
1.339014370258796873e+02
1.332515240855175307e+02
1.326002469860459883e+02
1.319489363931236312e+02
1.312970772634800767e+02
1.306447697901544416e+02
1.299927294024957405e+02
1.293404410572334200e+02
1.286885950579421092e+02
1.280371659687889689e+02
1.273861032281668599e+02
1.267353562744687139e+02
1.260854897823969907e+02
1.254358379540349091e+02
1.247875807003947273e+02
1.241394369872498800e+02
1.234932019619223382e+02
1.228475945901855511e+02
1.222037947830517624e+02
1.215611367426041625e+02
1.209201851435452539e+02
1.202802741879582982e+02
1.196425837868553970e+02
1.190064481423198686e+02
1.183724319290541445e+02
1.177398693491414576e+02
1.171099403135940236e+02
1.164813637881853055e+02
1.158559349202372744e+02
1.152323726755233508e+02
1.146112417287461511e+02
1.139937219909179476e+02
1.133779171915023767e+02
1.127656224778214948e+02
1.121561720519584640e+02
1.115501305886158150e+02
1.109474475261864086e+02
1.103474570667533499e+02
1.097513391213289964e+02
1.091584278919964248e+02
1.085692880534581946e+02
1.079838690441072373e+02
1.074027355386460414e+02
1.068258369754674959e+02
1.062525075566547486e+02
1.056839271932200148e+02
1.051200453235562549e+02
1.045608113860562582e+02
1.040061748191128572e+02
1.034567002974286680e+02
1.029117220230868242e+02
1.023724199070995979e+02
1.018381281515500802e+02
1.013087961948311886e+02
1.007849887116454823e+02
1.002666551403858222e+02
9.975436015575472481e+01
9.924743795983538064e+01
9.874644012993886122e+01
9.825125061750077293e+01
9.776235551287493308e+01
9.727901043379573309e+01
9.680231670692670320e+01
9.633091471369253611e+01
9.586590578075680469e+01
9.540716076216361330e+01
9.495393527564731073e+01
9.450733064787148408e+01
9.406660249657053896e+01
9.363223691209827848e+01
9.320410474849882121e+01
9.278207685981628572e+01
9.236602410009480479e+01
9.195643255968818153e+01
9.155317309264052028e+01
9.115611655299598226e+01
9.076513379479861499e+01
9.038071090840229260e+01
9.000210351154140653e+01
8.963041293087950123e+01
8.926489478415093970e+01
8.890603516170961029e+01
8.855370491759958895e+01
8.820777490586499425e+01
8.786811598054993055e+01
8.753459899569853064e+01
8.720771004166461182e+01
8.688731997249229266e+01
8.657268440591595038e+01
8.626490466859918627e+01
8.596323637827630648e+01
8.566816562530122781e+01
8.537894802740829903e+01
8.509606967495135166e+01
8.482001665828425985e+01
8.454942935883161681e+01
8.428540910325703805e+01
8.402782674560462794e+01
8.377593790360879211e+01
8.353022866762331944e+01
8.329056989169232850e+01
8.305621719355023913e+01
8.282827189986058158e+01
8.260660486466748864e+01
8.239047170570535172e+01
8.217974327701826098e+01
8.197490566896007635e+01
8.177582973557485957e+01
8.158239404126094030e+01
8.139450799183308050e+01
8.121208870346031006e+01
8.103566852862130077e+01
8.086454934717531273e+01
8.069864827529131901e+01
8.053849766544801980e+01
8.038339939750468943e+01
8.023388582393998547e+01
8.008987406092290939e+01
7.995066598831272131e+01
7.981679395858813564e+01
7.968817508791811122e+01
7.956472649247157847e+01
7.944575005210786856e+01
7.933239335561533778e+01
7.922395828285330310e+01
7.912036194999069494e+01
7.902090623688675919e+01
7.892673873232995163e+01
7.883716131617951817e+01
7.875209110460444606e+01
7.867206045008340709e+01
7.859575599616594843e+01
7.852432533164049744e+01
7.845645510005655865e+01
7.839329289020260205e+01
7.833414058193785934e+01
7.827830005512154798e+01
7.822691889854213798e+01
7.817929899205884681e+01
7.813535745184069015e+01
7.809439615774689969e+01
7.805756269856590279e+01
7.802354371784724663e+01
7.799348680437930170e+01
7.796607860171165783e+01
7.794185146232298678e+01
7.792010726607253446e+01
7.790199360174877086e+01
7.788558187659143073e+01
7.787201967938899827e+01
7.786122412631043233e+01
7.785249709721497879e+01
7.784575570827162494e+01
7.784091707564934381e+01
7.783789831551709426e+01
7.783661654404386354e+01
7.783698887739863892e+01
7.783893243175040766e+01
7.784238185669744325e+01
7.784672669924559330e+01
7.785198927613974718e+01
7.785880714043447881e+01
7.786597213625522329e+01
7.787473705296632431e+01
7.788450897100291570e+01
7.789531020710988685e+01
7.790654784172241420e+01
7.791885942789507169e+01
7.793226728237270606e+01
7.794617848559056483e+01
7.796000011798371077e+01
7.797498496891650177e+01
7.799054011882411430e+01
7.800668788445139512e+01
7.802283534623352068e+01
7.803900482091535196e+01
7.805583386155150549e+01
7.807272954857712932e+01
7.808971419873709863e+01
7.810681012877628859e+01
7.812403965543957440e+01
7.814080985916214672e+01
7.815714305668883810e+01
7.817367680107427930e+01
7.818920293644387698e+01
7.820435901585223348e+01
7.821916735604426663e+01
7.823365027376482317e+01
7.824721484944905114e+01
7.825988339984185416e+01
7.827106300537838024e+01
7.828200645542291625e+01
7.829150559410095411e+01
7.830019797446706775e+01
7.830749067695637677e+01
7.831340601831381321e+01
7.831796631528423802e+01
7.832119388461252640e+01
7.832249580673381217e+01
7.832250963470275451e+01
7.832064244895444460e+01
7.831691656623380027e+01
7.831135430328568248e+01
7.830336274054523926e+01
7.829357943106710138e+01
7.828141145528640266e+01
7.826749636625774542e+01
7.825062600810657898e+01
7.823144850114047699e+01
7.821003899836944129e+01
7.818525274743696230e+01
7.815902117753519462e+01
7.812958429999794419e+01
7.809764307139789707e+01
7.806328321199798381e+01
7.802597520575150725e+01
7.798580477292142632e+01
7.794347287008039871e+01
7.789844998118169883e+01
7.785020659017858691e+01
7.779944365364370640e+01
7.774624689184007309e+01
7.769008678872090456e+01
7.763104906454915977e+01
7.756921943958785448e+01
7.750468363409993344e+01
7.743691213203862844e+01
7.736660588997662558e+01
7.729323539186721348e+01
7.721688635797332267e+01
7.713825974486766768e+01
7.705621080019375313e+01
7.697144048052429355e+01
7.688341926981250651e+01
7.679284812463110654e+01
7.669919752893331122e+01
7.660316843929183506e+01
7.650361610335022533e+01
7.640124147768111129e+01
7.629613028254753715e+01
7.618836823821239079e+01
7.607742582862897507e+01
7.596338877406024892e+01
7.584634279476917129e+01
7.572698884732844249e+01
7.560418217938158136e+01
7.547862374750125980e+01
7.535039927195049358e+01
7.521897923668250030e+01
7.508506459826995183e+01
7.494812584066612260e+01
7.480824868413395734e+01
7.466551884893645763e+01
7.452063729164630956e+01
7.437245925990700357e+01
7.422168571029125417e+01
7.406778712675230736e+01
7.391146446586286345e+01
7.375279950676389262e+01
7.359124302779878235e+01
7.342685710249864428e+01
7.325970380439460428e+01
7.309046044332747272e+01
7.291795862020893537e+01
7.274349088118957241e+01
7.256588882718104117e+01
7.238644500433387918e+01
7.220399101355977223e+01
7.201920416469958752e+01
7.183153129497469536e+01
7.164164971422593453e+01
7.144900625967468955e+01
7.125427824116182762e+01
7.105752773221841778e+01
7.085758633375620263e+01
7.065574659192566287e+01
7.045207058025796698e+01
7.024538989966477232e+01
7.003699709629664483e+01
6.982633900737496901e+01
6.961409294274056947e+01
6.939909050330516038e+01
6.918262423521925086e+01
6.896414097570428225e+01
6.874308756198161063e+01
6.852075654020181616e+01
6.829659474758629756e+01
6.807127949397587940e+01
6.784364238028223326e+01
6.761436071634621214e+01
6.738349657569891349e+01
6.715111203187146316e+01
6.691788439470471417e+01
6.668264526511030965e+01
6.644607195292910262e+01
6.620884176800193188e+01
6.597040154755016772e+01
6.573019812879523727e+01
6.548952405788769227e+01
6.524844140835864437e+01
6.500578178111975092e+01
6.476283772232160629e+01
6.451905606918558078e+01
6.427511413155249897e+01
6.403045874664378800e+01
6.378515198799052399e+01
6.353987116543359548e+01
6.329406311619435854e+01
6.304777797834398712e+01
6.280224862073330172e+01
6.255561979520452809e+01
6.230972767145824776e+01
6.206333223764644202e+01
6.181703919085023813e+01
6.157083899184104325e+01
6.132410686508058006e+01
6.107806374395965321e+01
6.083146961663028662e+01
6.058554541648329916e+01
6.033905113167065082e+01
6.009320769558325281e+01
5.984739033268272834e+01
5.960158950374053433e+01
5.935641090583778379e+01
5.911122976343619229e+01
5.886665177361687284e+01
5.862205216084151260e+01
5.837865185850099436e+01
5.813521085474725680e+01
5.789233484666144847e+01
5.765062953132471790e+01
5.740885489688900378e+01
5.716823187674519602e+01
5.692813569535495333e+01
5.668855681348970421e+01
5.645010092823058301e+01
5.621275850034901111e+01
5.597590475430665435e+01
5.574014538718467549e+01
5.550547085975446748e+01
5.527187163278743753e+01
5.503995340336473419e+01
5.480847615963836006e+01
5.457866083499909848e+01
5.434988265390867923e+01
5.412274731344825085e+01
5.389663003807948627e+01
5.367213652488352693e+01
5.344925723463177292e+01
5.322798262809563852e+01
5.300768792973683219e+01
5.278959407294617989e+01
5.257369151849513855e+01
5.235874025453563263e+01
5.214657645076826498e+01
5.193596009534500979e+01
5.172688164903725294e+01
5.152056204523587724e+01
5.131575369762001060e+01
5.111363966721637553e+01
5.091293449533996096e+01
5.071481366854465733e+01
5.051860696445520205e+01
5.032487463331574418e+01
5.013356168906073407e+01
4.994399790931489491e+01
4.975612830801268416e+01
4.957112837170795672e+01
4.938832787802546420e+01
4.920705660458991559e+01
4.902910527426492138e+01
4.885257319205576465e+01
4.867863584451633585e+01
4.850662300927134396e+01
4.833709493656497358e+01
4.816999664033163953e+01
4.800527313450582056e+01
4.784225419671223278e+01
4.768211531350474530e+01
4.752418626250808131e+01
4.736841205765669827e+01
4.721473771288505361e+01
4.706372347843726089e+01
4.691469913193810726e+01
4.676822492363172046e+01
4.662424586745254373e+01
4.648270697733504875e+01
4.634293803090391606e+01
4.620611451471307163e+01
4.607156620638721023e+01
4.593923811986080352e+01
4.580907526906827343e+01
4.568163790425380455e+01
4.555687103935180460e+01
4.543410445198704650e+01
4.531389839240365802e+01
4.519558263822636235e+01
4.507971743969936540e+01
4.496686304706678783e+01
4.485573400164365410e+01
4.474689055367412038e+01
4.464058533524750771e+01
4.453651726577434289e+01
4.443481593008200292e+01
4.433536481847397681e+01
4.423823199214661628e+01
4.414330094140342453e+01
4.405063972744078171e+01
