# k_h
1.052166862791636959e-05
1.161697673524031416e-05
1.282630728383082896e-05
1.416153008904075250e-05
1.563574915053322911e-05
1.726343543850816786e-05
1.906056422740221024e-05
2.104477425746154040e-05
2.323554144822992384e-05
2.565436807344667614e-05
2.832499558280687779e-05
3.127363743260502815e-05
3.452923192526213825e-05
3.812373324763029814e-05
4.209242615615949035e-05
4.647425885195843875e-05
5.131224315846338868e-05
5.665386197506450117e-05
6.255154585232958198e-05
6.906317867105826735e-05
7.625267608091235161e-05
8.419060759479179978e-05
9.295486961491405964e-05
1.026315003400668502e-04
1.133154728449881077e-04
1.251116482308134437e-04
1.381358015350997448e-04
1.525157858850434422e-04
1.683927112026140094e-04
1.859224430518224835e-04
2.052770287264138460e-04
2.266464289277791977e-04
2.502403804101049900e-04
2.762904914561659098e-04
3.050524101126939058e-04
3.368084435351192951e-04
3.718702937476336956e-04
4.105821135453879833e-04
4.533238243311643600e-04
5.005149869248270988e-04
5.526187596842646599e-04
6.101464969106018543e-04
6.736629293300211430e-04
7.437914609909057617e-04
8.212203392758965492e-04
9.067096398212015629e-04
1.001098426058888435e-03
1.105312956497073174e-03
1.220376463606953621e-03
1.347417943179607391e-03
1.487684552557766438e-03
1.642552902922034264e-03
1.813543145544826984e-03
2.002333523705601692e-03
2.210777020081877708e-03
2.440919633954763412e-03
2.695020055398344994e-03
2.975572366267442703e-03
3.285330487415194511e-03
3.627334255725145340e-03
4.004940856248140335e-03
4.421856254339218140e-03
4.882172681391239166e-03
5.390408448874950409e-03
5.951551720499992371e-03
6.571109872311353683e-03
7.255164440721273422e-03
8.010429330170154572e-03
8.844316937029361725e-03
9.765013121068477631e-03
1.078155357390642166e-02
1.190391648560762405e-02
1.314311753958463669e-02
1.451132073998451233e-02
1.602195389568805695e-02
1.768984273076057434e-02
1.953136175870895386e-02
2.156458050012588501e-02
2.380946092307567596e-02
2.628803253173828125e-02
2.902462333440780640e-02
3.204609453678131104e-02
3.538210317492485046e-02
3.906539082527160645e-02
4.313211143016815186e-02
4.744531959295272827e-02
5.175853148102760315e-02
5.607174336910247803e-02
6.038495525717735291e-02
6.469816714525222778e-02
6.901137530803680420e-02
7.332459092140197754e-02
7.763779908418655396e-02
8.195101469755172729e-02
8.626422286033630371e-02
9.057743102312088013e-02
9.593112021684646606e-02
1.012848094105720520e-01
1.066385060548782349e-01
1.119921952486038208e-01
1.173458844423294067e-01
1.226995736360549927e-01
1.280532628297805786e-01
1.334069520235061646e-01
1.387606412172317505e-01
1.441143304109573364e-01
1.494680196046829224e-01
1.548217087984085083e-01
1.601753979921340942e-01
1.655290871858596802e-01
1.708827763795852661e-01
1.762364655733108521e-01
1.815901547670364380e-01
1.869438439607620239e-01
1.922975331544876099e-01
1.976512223482131958e-01
2.030049115419387817e-01
2.083586007356643677e-01
2.137122899293899536e-01
2.190659940242767334e-01
2.244196832180023193e-01
2.297733724117279053e-01
2.351270616054534912e-01
2.404807507991790771e-01
2.458344399929046631e-01
2.511881291866302490e-01
2.565418183803558350e-01
2.618955075740814209e-01
2.672491967678070068e-01
2.726028859615325928e-01
2.779565751552581787e-01
2.833102643489837646e-01
2.886639535427093506e-01
2.940176427364349365e-01
2.993713319301605225e-01
3.047250211238861084e-01
3.100787103176116943e-01
3.154323995113372803e-01
3.207860887050628662e-01
3.261397778987884521e-01
3.314934670925140381e-01
3.368471562862396240e-01
3.422008454799652100e-01
3.475545346736907959e-01
3.529082238674163818e-01
3.582619130611419678e-01
3.636156022548675537e-01
3.689692914485931396e-01
3.743229806423187256e-01
3.796766698360443115e-01
3.850303590297698975e-01
3.903840482234954834e-01
3.957377374172210693e-01
4.010914266109466553e-01
4.064451158046722412e-01
4.117988049983978271e-01
4.171524941921234131e-01
4.225061833858489990e-01
4.278598725795745850e-01
4.332135617733001709e-01
4.385672509670257568e-01
4.439209401607513428e-01
4.492746591567993164e-01
4.546283483505249023e-01
4.599820375442504883e-01
4.653357267379760742e-01
4.706894159317016602e-01
4.760431051254272461e-01
4.813967943191528320e-01
4.867504835128784180e-01
4.921041727066040039e-01
4.974578619003295898e-01
5.028115510940551758e-01
5.081652402877807617e-01
5.135189294815063477e-01
5.188726186752319336e-01
5.242263078689575195e-01
5.295799970626831055e-01
5.349336862564086914e-01
5.402873754501342773e-01
5.456410646438598633e-01
5.509947538375854492e-01
5.563484430313110352e-01
5.617021322250366211e-01
5.670558214187622070e-01
5.724095106124877930e-01
5.777631998062133789e-01
5.831168889999389648e-01
5.884705781936645508e-01
5.938242673873901367e-01
5.991779565811157227e-01
6.045316457748413086e-01
6.098853349685668945e-01
6.152390241622924805e-01
6.205927133560180664e-01
6.259464025497436523e-01
6.313000917434692383e-01
6.576042771339416504e-01
8.132502436637878418e-01
1.017650365829467773e+00
1.273423790931701660e+00
1.593482732772827148e+00
1.993984341621398926e+00
2.495146989822387695e+00
3.122270584106445312e+00
3.907013416290283203e+00
4.888991832733154297e+00
6.117777824401855469e+00
7.655403137207031250e+00
9.579491615295410156e+00
1.198717498779296875e+01
1.499999904632568359e+01
