# d_z
1.000000000000000000e+00
9.496193509126884535e-01
9.014596225804524243e-01
8.558708409054845978e-01
8.130317936934565726e-01
7.729913341304905927e-01
7.357047220408043930e-01
7.010650555753640267e-01
6.689273703566831486e-01
6.391266079844768466e-01
6.114903828548058362e-01
5.858470291790991435e-01
5.620315105769042585e-01
5.398881289854411403e-01
5.192724230326972723e-01
5.000514214086688725e-01
4.821037849833464950e-01
4.653192623157969554e-01
4.495980870123360562e-01
4.348500190537872290e-01
4.209935474173885361e-01
4.079552124121060275e-01
3.956686619430030971e-01
3.840739361571472998e-01
3.731169248064538091e-01
3.627485706768323048e-01
3.529244933905827386e-01
3.436044596019755537e-01
3.347519128959019485e-01
3.263335557806880671e-01
3.183191310549461917e-01
