# f_ap
0.000000000000000000e+00
1.024442741920036093e-01
2.105017561836124707e-01
3.251360418195528568e-01
4.471353968526133316e-01
5.771148423413826611e-01
7.155310468974073190e-01
8.627038487879012951e-01
1.018839777426334248e+00
1.184054622002857160e+00
1.358393480308809576e+00
1.541847687480529805e+00
1.734368611613510858e+00
1.935878609220528679e+00
2.146279557197065202e+00
2.365459396284917304e+00
2.593297085987747774e+00
2.829666314158306051e+00
3.074438243566594231e+00
3.327483521293548296e+00
3.588673728240688643e+00
3.857882406113884333e+00
4.134985767319700578e+00
4.419863165690878226e+00
4.712397402880732500e+00
5.012474884369853889e+00
5.319985700096562908e+00
5.634823627509579325e+00
5.956886087404672736e+00
6.286074065556552348e+00
6.622292011118654287e+00
