# f_z
5.127845650606126515e-01
5.710507007272097590e-01
6.239201728675018988e-01
6.711268804504576524e-01
7.127519744902524046e-01
7.491127864877689113e-01
7.806644675140934631e-01
8.079236745668474384e-01
8.314152985957590225e-01
8.516393065651718386e-01
8.690524488403826853e-01
8.840606280541520867e-01
8.970177120307452068e-01
9.082282078645742551e-01
9.179518942152915528e-01
9.264090844256254176e-01
9.337859974860764911e-01
9.402397571504764739e-01
9.459028318869908691e-01
9.508870247570823109e-01
9.552867296535226815e-01
9.591818148092999818e-01
9.626399946458037427e-01
9.657187704323855204e-01
9.684671429351409122e-01
9.709269428332311103e-01
9.731339793451252440e-01
9.751190514970402567e-01
9.769086047162203190e-01
9.785255384235309606e-01
9.799896138508366050e-01
