# fsigma_8
4.507649490160269834e-01
4.767166355622776686e-01
4.944630451208181232e-01
5.050043813685952676e-01
5.095106169804598517e-01
5.091609842252077245e-01
5.050427652591562566e-01
4.981000026476570808e-01
4.891175342019226102e-01
4.787268562453275145e-01
4.674231190507632250e-01
4.555863485660153200e-01
4.435027417106446879e-01
4.313839174993971959e-01
4.193833133697075222e-01
4.076096505614894561e-01
3.961376474677896775e-01
3.850164641871912652e-01
3.742762020349957863e-01
3.639329210906575574e-01
3.539924304075134920e-01
3.444531590058722559e-01
3.353083239649154446e-01
3.265475475629238677e-01
3.181580637549859536e-01
3.101256090949914834e-01
3.024350833592120980e-01
2.950710264640398206e-01
2.880179612739754980e-01
2.812606422869794454e-01
2.747842154161618811e-01
