# t_k
5.721019000000000000e+06
5.721018000000000000e+06
5.721016500000000000e+06
5.721014500000000000e+06
5.721012000000000000e+06
5.721009500000000000e+06
5.721006500000000000e+06
5.721002000000000000e+06
5.720997500000000000e+06
5.720991500000000000e+06
5.720984500000000000e+06
5.720975500000000000e+06
5.720965000000000000e+06
5.720952000000000000e+06
5.720936500000000000e+06
5.720917000000000000e+06
5.720893000000000000e+06
5.720864000000000000e+06
5.720829500000000000e+06
5.720786500000000000e+06
5.720734500000000000e+06
5.720671000000000000e+06
5.720594000000000000e+06
5.720499500000000000e+06
5.720385000000000000e+06
5.720245000000000000e+06
5.720074500000000000e+06
5.719867000000000000e+06
5.719614000000000000e+06
5.719306000000000000e+06
5.718932000000000000e+06
5.718476000000000000e+06
5.717921000000000000e+06
5.717247500000000000e+06
5.716428500000000000e+06
5.715433500000000000e+06
5.714227000000000000e+06
5.712765000000000000e+06
5.710995000000000000e+06
5.708856000000000000e+06
5.706274500000000000e+06
5.703166500000000000e+06
5.699434000000000000e+06
5.694963000000000000e+06
5.689626500000000000e+06
5.683280500000000000e+06
5.675767000000000000e+06
5.666914000000000000e+06
5.656535500000000000e+06
5.644434500000000000e+06
5.630404000000000000e+06
5.614221500000000000e+06
5.595649500000000000e+06
5.574428500000000000e+06
5.550272500000000000e+06
5.522868000000000000e+06
5.491879500000000000e+06
5.456956000000000000e+06
5.417732000000000000e+06
5.373832500000000000e+06
5.324865000000000000e+06
5.270426000000000000e+06
5.210102000000000000e+06
5.143471000000000000e+06
5.070116000000000000e+06
4.989618500000000000e+06
4.901555000000000000e+06
4.805503000000000000e+06
4.701048000000000000e+06
4.587782500000000000e+06
4.465304000000000000e+06
4.333240000000000000e+06
4.191250250000000000e+06
4.039070500000000000e+06
3.876547750000000000e+06
3.703717250000000000e+06
3.520894250000000000e+06
3.328802750000000000e+06
3.128729000000000000e+06
2.922685500000000000e+06
2.713555250000000000e+06
2.505153500000000000e+06
2.302110000000000000e+06
2.109465000000000000e+06
1.931104000000000000e+06
1.777671875000000000e+06
1.652745875000000000e+06
1.547828250000000000e+06
1.456338375000000000e+06
1.373561750000000000e+06
1.295022750000000000e+06
1.218379125000000000e+06
1.143374125000000000e+06
1.071266125000000000e+06
1.003695562500000000e+06
9.419509375000000000e+05
8.746619375000000000e+05
8.184833750000000000e+05
7.728917500000000000e+05
7.355454375000000000e+05
7.030811875000000000e+05
6.725209375000000000e+05
6.420411875000000000e+05
6.109897500000000000e+05
5.796323750000000000e+05
5.488281875000000000e+05
5.196970937500000000e+05
4.933339687500000000e+05
4.704751250000000000e+05
4.511544375000000000e+05
4.346894687500000000e+05
4.200883437500000000e+05
4.064505312500000000e+05
3.930630312500000000e+05
3.794219062500000000e+05
3.653858125000000000e+05
3.512425000000000000e+05
3.374949062500000000e+05
3.245795625000000000e+05
3.127699375000000000e+05
3.021960625000000000e+05
2.928223750000000000e+05
2.844240937500000000e+05
2.766611875000000000e+05
2.692047500000000000e+05
2.618179375000000000e+05
2.543826562500000000e+05
2.469058750000000000e+05
2.394976562500000000e+05
2.323143750000000000e+05
2.254987187500000000e+05
2.191453125000000000e+05
2.132857187500000000e+05
2.078839375000000000e+05
2.028506718750000000e+05
1.980749375000000000e+05
1.934544843750000000e+05
1.889136093750000000e+05
1.844137656250000000e+05
1.799589843750000000e+05
1.755875937500000000e+05
1.713506718750000000e+05
1.672912031250000000e+05
1.634349218750000000e+05
1.597884375000000000e+05
1.563383750000000000e+05
1.530537187500000000e+05
1.498953281250000000e+05
1.468288125000000000e+05
1.438319062500000000e+05
1.408936093750000000e+05
1.380116093750000000e+05
1.351926875000000000e+05
1.324521718750000000e+05
1.298063671875000000e+05
1.272628125000000000e+05
1.248184921875000000e+05
1.224662578125000000e+05
1.201987031250000000e+05
1.180059140625000000e+05
1.158743906250000000e+05
1.137926171875000000e+05
1.117563593750000000e+05
1.097669531250000000e+05
1.078262734375000000e+05
1.059352109375000000e+05
1.040957109375000000e+05
1.023109765625000000e+05
1.005823125000000000e+05
9.890689843750000000e+04
9.727922656250000000e+04
9.569451562500000000e+04
9.415005468750000000e+04
9.264364062500000000e+04
9.117215625000000000e+04
8.973289062500000000e+04
8.832566406250000000e+04
8.695225000000000000e+04
8.561360156250000000e+04
8.430857031250000000e+04
8.303558593750000000e+04
8.179427343750000000e+04
8.058439062500000000e+04
7.940408593750000000e+04
7.825045312500000000e+04
7.712160937500000000e+04
7.601745312500000000e+04
7.493797656250000000e+04
7.388207812500000000e+04
7.284834375000000000e+04
7.183663281250000000e+04
7.084767187500000000e+04
6.988132031250000000e+04
6.893614843750000000e+04
6.801075000000000000e+04
6.710487500000000000e+04
6.621859375000000000e+04
6.211848046875000000e+04
4.437799218750000000e+04
3.092704101562500000e+04
2.143072265625000000e+04
1.477467480468750000e+04
1.013909960937500000e+04
6.929018554687500000e+03
4.717432128906250000e+03
3.200741455078125000e+03
2.164915039062500000e+03
1.460132568359375000e+03
9.822241821289062500e+02
6.591546630859375000e+02
4.413730773925781250e+02
2.949433288574218750e+02
