# k_h
1.052166862791637975e-05
1.127520367423256777e-05
1.208270497686293494e-05
1.294803746131395678e-05
1.387534284919016637e-05
1.486905948162400531e-05
1.593394356240906130e-05
1.707509192251258233e-05
1.829796641492397182e-05
1.960842005660003398e-05
2.101272504262993628e-05
2.251760276670283095e-05
2.413025599156466450e-05
2.585840332344142945e-05
2.771031615543216711e-05
2.969485825669342040e-05
3.182152819690055057e-05
3.410050480904011871e-05
3.654269590813141033e-05
3.915979049905896813e-05
4.196431472339629031e-05
4.496969181299805836e-05
4.819030633731640541e-05
5.164157305194523384e-05
5.534001067792133812e-05
5.930332096491180516e-05
6.355047341670399120e-05
6.810179608451879889e-05
7.297907286271037924e-05
7.820564775253437790e-05
8.380653659302084776e-05
8.980854679372864038e-05
9.624040564245247577e-05
1.031328978020003203e-04
1.105190126541407325e-04
1.184341021959457279e-04
1.269160502442670828e-04
1.360054537582057563e-04
1.457458171474337514e-04
1.561837604963807458e-04
1.673692427009066026e-04
1.793558005854529319e-04
1.922008051451529241e-04
2.059657361393485181e-04
2.207164763507943458e-04
2.365236269189528793e-04
2.534628452566568563e-04
2.716152071675007724e-04
2.910675948971529659e-04
3.119131129759144107e-04
3.342515338428601445e-04
3.581897753844414094e-04
3.838424126731858409e-04
4.113322263558174294e-04
4.407907903155300192e-04
4.723591014211363497e-04
5.061882543772432000e-04
5.424401649054697494e-04
5.812883447180617214e-04
6.229187319931392538e-04
6.675305813264548020e-04
7.153374174192308251e-04
7.665680570666852768e-04
8.214677043387600460e-04
8.802991241949034620e-04
9.433439001501482376e-04
1.010903782012015535e-03
1.083302130138902438e-03
1.160885463132569359e-03
1.244025116372402982e-03
1.333119019329677413e-03
1.428593600168527643e-03
1.530905826749569135e-03
1.640545393804999875e-03
1.758037066753598146e-03
1.883943193373754628e-03
2.018866395356127847e-03
2.163452452618431186e-03
2.318393394187464977e-03
2.484430810442243408e-03
2.662359402571524720e-03
2.853030786234402125e-03
3.057357567629378527e-03
3.276317711481106613e-03
3.510959221851159533e-03
3.762405158176544261e-03
4.031859010544095595e-03
4.320610459928258575e-03
4.630041550962435935e-03
4.961633306788462705e-03
5.316972817644663452e-03
5.697760837120544389e-03
6.105819922435845766e-03
6.543103157705554111e-03
7.011703501942933604e-03
7.513863806542674627e-03
8.051987550190549403e-03
8.628650342579948646e-03
9.246612251995248860e-03
9.908831015765135614e-03
1.061847619681494971e-02
1.137894435407518605e-02
1.219387529935582297e-02
1.306716951849656860e-02
1.400300684017544671e-02
1.500586644172965771e-02
1.608054828774237860e-02
1.723219610400642671e-02
1.846632199682441203e-02
1.978883283548046185e-02
2.120605852415720707e-02
2.272478229861514543e-02
2.435227319264298210e-02
2.609632082967229191e-02
2.796527270607858384e-02
2.996807414461740912e-02
3.211431110922361581e-02
3.441425608609691156e-02
3.687891725067396487e-02
3.952009115581348736e-02
4.235041919337435845e-02
4.538344809942811142e-02
4.863369479270034795e-02
5.211671585657533246e-02
5.584918199722484905e-02
5.984895783423813814e-02
6.413518740565259113e-02
6.872838579663692604e-02
7.365053733038678940e-02
7.892520079120102228e-02
8.457762218336661864e-02
9.063485556554719269e-02
9.712589253902119413e-02
1.040818010095378027e-01
1.115358738869427907e-01
1.195237884342915669e-01
1.280837770291382294e-01
1.372568101543144015e-01
1.470867924940384708e-01
1.576207730739271340e-01
1.689091704507010017e-01
1.810060140293993092e-01
1.939692026631172350e-01
2.078607817729994367e-01
2.227472403148570423e-01
2.386998290137750389e-01
2.557949013898740964e-01
2.741142792074627299e-01
2.937456440967244342e-01
3.147829572223552752e-01
3.373269090077931631e-01
3.614854010675475071e-01
3.873740626542983567e-01
4.151168040926124791e-01
4.448464098481684226e-01
4.767051740710929186e-01
5.108455816552818218e-01
5.474310380734490611e-01
5.866366514811092170e-01
6.286500708328404130e-01
6.736723840222940130e-01
7.219190803447103066e-01
7.736210818885315144e-01
8.290258487926472908e-01
8.883985636593569879e-01
9.520234007919515795e-01
1.020204886331847582e+00
1.093269355805289722e+00
1.171566516055809304e+00
1.255471119038296113e+00
1.345384755485949935e+00
1.441737777035060786e+00
1.544991356007453742e+00
1.655639692709323096e+00
1.774212380811147183e+00
1.901276942130071479e+00
2.037441542946966777e+00
2.183357904859150267e+00
2.339724424100943168e+00
2.507289514262042829e+00
2.686855188402813344e+00
2.879280897711522957e+00
3.085487645076463004e+00
3.306462393261553334e+00
3.543262788784224515e+00
3.797022224105434329e+00
4.068955262360752556e+00
4.360363450596832280e+00
4.672641549337105182e+00
5.007284208293002692e+00
5.365893120172561481e+00
5.750184686826630198e+00
6.161998234424805432e+00
6.603304816981291125e+00
7.076216650366911942e+00
7.582997221960879664e+00
8.126072124329990487e+00
8.708040664788413210e+00
9.331688306404384292e+00
1.000000000000000000e+01
