# mass_function_xt_theory
1.478787722507509403e-03
1.439863907416576118e-03
1.401953899418549891e-03
1.365032291690618021e-03
1.329073680353406268e-03
1.294052050541146751e-03
1.259942938904012920e-03
1.226722890348385482e-03
1.194368608653806297e-03
1.162856303184108550e-03
1.132164973902140314e-03
1.102272378516764651e-03
1.073157226486126875e-03
1.044798804224327969e-03
1.017177571383010752e-03
9.902732653434291512e-04
9.640668319391563134e-04
9.385402272681318001e-04
9.136748315455141484e-04
8.894533415712411366e-04
8.658581596130394227e-04
8.428727000406141708e-04
8.204806166661353156e-04
7.986664310295081603e-04
7.774144718729297625e-04
7.567095328955353653e-04
7.365374617582348378e-04
7.168837116717395250e-04
6.977345669736137674e-04
6.790768837250685209e-04
6.608973682664856910e-04
6.431834771879915659e-04
6.259227337729233922e-04
6.091034487858533681e-04
5.927138737555978512e-04
5.767427503350745516e-04
5.611792924875176874e-04
5.460124977547028144e-04
5.312323655608518517e-04
5.168286759313239255e-04
5.027917717061112764e-04
4.891120530724071347e-04
4.757804422815786315e-04
4.627880189044180173e-04
4.501259419320735220e-04
4.377860081550974326e-04
4.257599907587192073e-04
4.140398139659162593e-04
4.026179170610523386e-04
3.914866142038796767e-04
3.806387886707186135e-04
3.700672065688191442e-04
3.597650862754646459e-04
3.497256189587084549e-04
3.399424133031974174e-04
3.304090514337499327e-04
3.211194374764629058e-04
3.120674035010268812e-04
3.032473749029082296e-04
2.946535796816824562e-04
2.862804685594096186e-04
2.781226498608198382e-04
2.701749330082991790e-04
2.624321673246729947e-04
2.548894412464040578e-04
2.475418790476853850e-04
2.403847392611845838e-04
2.334134915187509622e-04
2.266235566399038906e-04
2.200105626209387184e-04
2.135702142248577728e-04
2.072985397133478725e-04
2.011912390662769798e-04
1.952445404291116616e-04
1.894543661247866898e-04
1.838171266296152598e-04
1.783290078021831004e-04
1.729864152364762799e-04
1.677857874701790646e-04
1.627238079506508617e-04
1.577969781436064812e-04
1.530020894884976496e-04
1.483358642886127739e-04
1.437951530470792702e-04
1.393769715442962683e-04
1.350782701506711848e-04
1.308961177677771400e-04
1.268276524716607497e-04
1.228700440789520711e-04
1.190205670168898979e-04
1.152765585038046991e-04
1.116353546088684441e-04
1.080944505692177853e-04
1.046513082587271766e-04
1.013035100621878553e-04
9.804861078166722066e-05
9.488434164253238795e-05
9.180839916228147434e-05
8.881856461897219784e-05
8.591265006782584967e-05
8.308852288988815497e-05
8.034412444533931637e-05
7.767742545115017584e-05
7.508646616023760057e-05
7.256927997188218757e-05
7.012398889414210286e-05
6.774877804449553253e-05
6.544184430879727333e-05
6.320141343682940220e-05
6.102582778827540496e-05
5.891340136306369169e-05
5.686251101740659133e-05
5.487156361041851206e-05
5.293903310555934596e-05
5.106341996184764832e-05
4.924324201400312630e-05
4.747707950748943187e-05
4.576353945336472532e-05
4.410127563927142085e-05
4.248896740626430544e-05
4.092531224077550407e-05
3.940905748197787877e-05
3.793900993926365616e-05
3.651396461517999683e-05
3.513276106098393625e-05
3.379426999894711832e-05
3.249739223216533036e-05
3.124105758953320722e-05
3.002422390450322390e-05
2.884587053057549436e-05
2.770500395972020282e-05
2.660066174746091166e-05
2.553189611192453927e-05
2.449779337637609025e-05
2.349745363957411214e-05
2.253000427017518240e-05
2.159458640961611062e-05
2.069037795563985875e-05
1.981655087340019101e-05
1.897232270340019290e-05
1.815689682012732310e-05
1.736955173659593082e-05
1.660953250249712059e-05
1.587610904454723465e-05
1.516857406610437359e-05
1.448624088036089317e-05
1.382842370366396682e-05
1.319447027055066669e-05
1.258372462871126233e-05
1.199555376153351668e-05
1.142933416859827319e-05
1.088445908321267266e-05
1.036033072461300007e-05
1.470106203459551611e-03
1.431006514179753537e-03
1.392929547638972580e-03
1.355849626396513985e-03
1.319741093269361778e-03
1.284577688265930431e-03
1.250334705865763490e-03
1.216988452064291393e-03
1.184515401156378432e-03
1.152891546275089689e-03
1.122095665673879770e-03
1.092105309780359249e-03
1.062898985961462702e-03
1.034455784301608131e-03
1.006755967485095313e-03
9.797790940104047792e-04
9.535059276363910949e-04
9.279182482583408749e-04
9.029972706153925090e-04
8.787255239839659310e-04
8.550852571879529037e-04
8.320597296614424968e-04
8.096324457378176577e-04
7.877877822855741804e-04
7.665099302304416830e-04
7.457835516072845597e-04
7.255943574962149013e-04
7.059276801081581241e-04
6.867696805054447975e-04
6.681070921607906417e-04
6.499265107712870254e-04
6.322152797559851866e-04
6.149608140464592632e-04
5.981513221697303461e-04
5.817749529418340211e-04
5.658203490289565344e-04
5.502766252972844793e-04
5.351326931282853567e-04
5.203784548566501179e-04
5.060036060083242379e-04
4.919984017432071704e-04
4.783531614972657479e-04
4.650587235245064936e-04
4.521060876066947099e-04
4.394863359899596499e-04
4.271911905092253621e-04
4.152123480598865577e-04
4.035416634043361762e-04
3.921715006833979768e-04
3.810941090990362904e-04
3.703022990703642102e-04
3.597887736601524267e-04
3.495466825801980966e-04
3.395691555902234453e-04
3.298497344744752771e-04
3.203819414502170003e-04
3.111596173601943586e-04
3.021765368367057059e-04
2.934270629441577201e-04
2.849053655434183535e-04
2.766058385113491394e-04
2.685230338389360517e-04
2.606517033559146166e-04
2.529866429221767801e-04
2.455228844936554263e-04
2.382554998865296734e-04
2.311796956047164906e-04
2.242908864690184797e-04
2.175844455430483331e-04
2.110559502055253786e-04
2.047010544972256924e-04
1.985157339019472361e-04
1.924956478384271831e-04
1.866369686283795789e-04
1.809355808634779646e-04
1.753878406058004822e-04
1.699898940580900960e-04
1.647381020265919485e-04
1.596288614903445939e-04
1.546588071904165130e-04
1.498244054192432960e-04
1.451224028226513177e-04
1.405494850035507340e-04
1.361024621781698732e-04
1.317783108416144494e-04
1.275739448074815930e-04
1.234863963743839884e-04
1.195127676960029494e-04
1.156501954406255082e-04
1.118959193908326561e-04
1.082472428595503637e-04
1.047014726262643505e-04
1.012560693774470052e-04
9.790846691792665709e-05
9.465621639413203392e-05
9.149684621510195735e-05
8.842805829061788482e-05
8.544752211325319570e-05
8.255299200161083848e-05
7.974225526059961421e-05
7.701315497848484144e-05
7.436360717218136755e-05
7.179155929322161703e-05
6.929502734316522771e-05
6.687202523824766875e-05
6.452065292080368510e-05
6.223907254273811790e-05
6.002546114576349075e-05
5.787802534096917476e-05
5.579508600710012038e-05
5.377493858461090823e-05
5.181594112692664559e-05
4.991648301303760132e-05
4.807501861578771348e-05
4.629003016434746600e-05
4.456001947934851371e-05
4.288354871052273387e-05
4.125920788327144817e-05
3.968563287538673059e-05
3.816148614859854628e-05
3.668545007533485579e-05
3.525625449340270644e-05
3.387268841873895603e-05
3.253353107567863396e-05
3.123760571165623941e-05
2.998376663238983765e-05
2.877089811714953261e-05
2.759791337065344661e-05
2.646375351030499785e-05
2.536738175453991584e-05
2.430778830262369464e-05
2.328399365896459587e-05
2.229503415248082693e-05
2.133997887968939330e-05
2.041791183547364436e-05
1.952794361742018507e-05
1.866919961437214095e-05
1.784083982631199758e-05
1.704202189001834933e-05
1.627194547605006919e-05
1.552979978595756092e-05
1.481484418019979282e-05
1.412630880546210415e-05
1.346344882034987139e-05
1.282554140641218987e-05
1.221188380499521462e-05
1.162177663935270019e-05
1.105455137509969611e-05
1.050953895571092056e-05
9.986092159042869208e-06
9.483574300624622933e-06
9.001365217911842239e-06
8.538854798245509357e-06
