# mass_function_xt_simulation
4.489245523810352079e-02
-7.146837373182600428e-02
-4.812012622230674164e-02
-8.930440415942950128e-02
1.553189424044878163e-02
6.413965232459163668e-02
-2.075967062847332567e-01
-2.804821552708656324e-02
-4.528757180239804253e-02
5.373718942520593067e-02
-7.317563000886172231e-02
-1.050368236353621809e-01
6.285790951929785299e-03
8.811842293149613203e-02
-1.459597225928456997e-02
2.433363353763583203e-02
-5.002567073535908737e-02
4.496233895818383536e-02
-1.666304273757129514e-02
-6.786820841307465713e-02
7.572997430563846444e-02
8.317624112079652354e-02
-2.459485020610581787e-02
-2.143960616836153299e-02
-3.051833426309389155e-02
-2.172315342391290330e-02
-8.642678403637066298e-02
-5.568423273512632977e-03
9.356738964473284084e-03
-1.123508407010552768e-01
-5.640734476797035907e-02
-1.014373846906227034e-01
7.876030613154237636e-02
-1.467370512629143260e-02
-1.197662501307715233e-01
-2.623599313435653335e-01
-8.823321689774658860e-02
2.182528057007319250e-02
-1.437501216595783171e-01
-2.334961042790660302e-01
3.170604176461778306e-02
-8.521131030429474063e-02
1.588737108385521180e-02
2.026320645430771117e-01
1.388833990006426156e-01
1.170677801952214186e-02
4.767928707772158686e-02
-3.208117530566071546e-02
-3.811132964811302093e-02
1.056705366362431647e-01
-3.218879777922613317e-02
4.760358027762061350e-02
6.349788314477952667e-02
1.125270559963740535e-01
-6.372345748071721327e-02
1.525523954264858956e-02
-2.146348494467724410e-01
1.325963511400191364e-01
-1.160064412588464738e-01
-2.652490088255475206e-02
-2.157997318861594807e-02
-1.844285847426338498e-02
-2.200087883124673960e-01
-7.528391464785237630e-02
6.544531747281699674e-02
1.070725141124469725e-02
6.455701386391214658e-02
4.046450720593339385e-03
-1.032840222725909529e-01
-7.029641141069291332e-02
-9.506498038595312394e-02
8.816362815191965130e-02
-1.772904464444473860e-01
6.002140385242730330e-02
-8.622507045291918915e-02
4.259363306398224192e-02
6.572967730038681289e-02
-1.278369261689372635e-02
1.069514403664571962e-02
1.608137088034356649e-02
-8.318083021839382807e-02
8.345537021129395550e-02
6.429865301434847802e-02
2.159833800432516687e-02
6.861811530238828838e-02
3.462604855983201623e-04
-1.448133695709292457e-01
-7.150267551354032303e-02
1.092446159847190734e-01
-8.435673212743848015e-02
1.234056792983838774e-01
-1.494832339292865696e-03
-5.721369297328494224e-02
1.450497437120069621e-01
6.334536018792930739e-03
-5.020740956944972147e-03
-1.041910840202379951e-01
1.209637151940671194e-02
1.014326191953842660e-01
-1.452829302006794499e-02
2.499662246124652321e-01
-1.216344376674709654e-01
8.787979965694130147e-02
4.506571282822820733e-03
1.808659317900137564e-01
3.107359815740801459e-02
9.562327203011656770e-03
1.373285040286524039e-01
1.189620578706384463e-01
5.110574431424763642e-02
-6.286929476946698236e-02
-2.642381845538183671e-01
2.763417872123348495e-02
2.190258118094934314e-01
-4.618570750651794510e-02
-6.957685042273563381e-02
-7.177492341884630922e-02
8.228364587620634607e-02
5.945096164943636241e-02
3.401655251308025041e-02
-3.427437447833780321e-02
7.302246151702637689e-02
-7.623491173692448220e-02
4.041246430704523163e-02
-5.565747972219563938e-02
3.602481026291745603e-02
4.204744226701941090e-02
4.630470502259153437e-02
1.177627021459697887e-01
2.577822940438572255e-02
5.734652651052707384e-02
1.062449335429446196e-01
4.837677271966262654e-02
-4.909257301024175235e-02
7.236152272428121590e-02
-1.040086319767623557e-01
6.820881145109405908e-02
-4.065090037602561712e-02
-1.230977239593783329e-01
2.597140764756182205e-02
-4.177821865242108135e-02
6.051237505766177138e-02
-6.331953026286679664e-02
-1.055706475957989554e-01
5.335137982909043258e-02
3.640753461501886057e-02
-6.486477349033178963e-02
4.856704386320585126e-02
9.498263760533742772e-02
-1.007085673971809016e-02
3.562875462587391379e-02
-2.128972161053843681e-01
2.822237849107012142e-02
1.295048145355296720e-01
1.497286570205239864e-01
1.891996214229873380e-02
5.427915252624550962e-02
-1.210283842071922106e-01
-7.313478044185098281e-03
4.471494621088763222e-03
-9.648977728355877248e-02
-6.012779192064944024e-03
3.972663794643283876e-03
-5.794693643283650025e-02
-9.511751479180721724e-02
1.844666223049546694e-01
-1.435374666142748834e-01
-1.253955913515448009e-02
-9.439734568831643913e-02
-6.446967468243432198e-02
-1.242924427825332495e-01
-4.519192222865770631e-02
7.654441566549625986e-02
-7.720216671146967226e-03
-8.582160525834544446e-03
2.955338743795705297e-02
-8.697802286288825249e-03
6.376954978529049411e-02
1.085193049321227510e-01
-1.867775349289382825e-01
-8.549482643242041491e-02
-1.191551051844891573e-01
-5.743471134476214879e-02
7.026521155554474318e-02
8.096014335100946979e-02
-4.167192189177690992e-02
-7.322088436552340318e-02
7.338096534228759869e-03
-1.407915200856482175e-02
-2.112570472522816087e-02
-1.032834217902309365e-01
5.788162742975672820e-02
7.262440526060221641e-03
-9.690868222597338877e-02
-4.294540007104809959e-02
1.409803398554205223e-01
5.931791567436489783e-03
-1.083605252928709906e-01
-1.072409043448777910e-01
4.849055285296800105e-02
2.084555712655727366e-01
-8.852865157425367573e-03
-3.761853947756779726e-02
-5.478295580660175190e-02
6.229805360654751961e-02
9.136884974512390900e-02
9.859905345578409697e-02
2.518081082234418632e-03
-1.430480683891905413e-01
-3.399542300726950128e-02
-6.779517706958917977e-02
6.123893343247193560e-02
-1.499004730115265638e-01
1.591787793135892304e-01
-4.952995965997734895e-02
1.001746780205140484e-02
2.223700232496602855e-02
-6.623949998656984695e-02
-7.490681928894850350e-02
-4.517624760607421436e-02
-1.130455448738920260e-01
-4.626811539521305527e-02
3.006803807841413809e-02
4.910558034833288621e-02
-1.122032977747897259e-01
2.006967612083324637e-01
-2.148972820719691479e-01
-9.097430999767767978e-02
8.461908727045637860e-03
-1.443948458089169551e-01
1.724116384717215567e-02
2.758892086409812927e-02
-4.910939307046636310e-02
1.141085004661242797e-01
-8.630041539522950722e-02
4.632810749593734012e-02
1.919189013066385507e-01
1.608971411366458271e-01
1.390482929496863473e-01
-2.033049078110398811e-01
-7.610985060422038873e-02
2.986607907732176034e-02
-1.274778088907632112e-01
-9.744907953740278295e-02
6.897067391811544101e-02
1.228622611384243973e-01
2.212620774523571532e-01
1.608442088652301816e-01
1.844413955980199471e-01
3.273227105234369216e-02
3.008650590495949746e-03
-3.063361773539443472e-02
-3.437017241576986390e-03
1.972988198572927510e-01
-5.568771678221912103e-02
1.553650854250238633e-01
-6.862611042335711731e-02
-1.463849243880012245e-02
4.937087563287700064e-03
1.590645441826264439e-01
1.299882246185353127e-02
-5.870569685741138660e-02
-3.211571152159577169e-02
-1.222871574957850038e-01
8.306608998373299357e-02
-1.946141906066266303e-02
2.537956317827816735e-02
4.444849372773757024e-02
9.891173867592935320e-02
1.445765166146046610e-01
-1.789984484352479255e-01
-1.356131058513720677e-01
1.657705108529546889e-01
2.083323167292670461e-02
-2.211089172847660045e-01
1.524399118741531778e-01
3.867342237357958984e-02
2.494897168153791811e-01
-9.760128045226150462e-02
-1.029157765617647879e-01
5.965837293891915888e-02
1.197690532807572927e-01
-2.130962109474178745e-01
-6.458468074022993832e-02
-7.873896024512651304e-02
1.717658441579197059e-01
3.464123462439358536e-02
-3.711002593106009495e-02
-6.833912736219441286e-02
1.995246303154470276e-03
1.223365058784151999e-01
1.594986307299968709e-01
-1.115729008259794264e-01
1.472835416816180576e-01
9.515900463821199209e-03
-5.040752305548167750e-02
-4.285945441138135775e-02
1.329495878455420332e-01
-3.191965581405758340e-02
4.661153387221393316e-03
-5.652157392301489225e-02
2.873556481551848424e-02
-1.917105785913643737e-02
-1.048240093478867985e-01
4.605047885456781120e-02
-1.907350887957294239e-01
