# mass_function_xt_data
1.524209612821681098e-03
1.483522659337100681e-03
1.443899056344088256e-03
1.405312175391761802e-03
1.367735408020262890e-03
1.331141515267073895e-03
1.295504867504898919e-03
1.260800880734434240e-03
1.227005143102307327e-03
1.194092741801052555e-03
1.162041650317823622e-03
1.130828566300149307e-03
1.100431178656525576e-03
1.070827779163436785e-03
1.041997873157996012e-03
1.013920237022004423e-03
9.865748940479522524e-04
9.599429221717778286e-04
9.340048123916939527e-04
9.087424175009089881e-04
8.841373013345220138e-04
8.601720742488645202e-04
8.368296003152315326e-04
8.140936499968536499e-04
7.919478004624197487e-04
7.703761187955439566e-04
7.493637579155432204e-04
7.288954815383462188e-04
7.089569118029981831e-04
6.895342641240396987e-04
6.706136141653361261e-04
6.521818119086499532e-04
6.342257818747860324e-04
6.167332755397347517e-04
5.996919797586719404e-04
5.830900952750956226e-04
5.669163122375912422e-04
5.511591139883348974e-04
5.358080075946130118e-04
5.208522898305562900e-04
5.062818365405111513e-04
4.920865925372669512e-04
4.782570392867025247e-04
4.647838270807544414e-04
4.516576919958683787e-04
4.388700358067059663e-04
4.264122316473355732e-04
4.142758194125399640e-04
4.024528646580307505e-04
3.909353174855510565e-04
3.797157064122757674e-04
3.687864522413936553e-04
3.581404361980045927e-04
3.477705214023507781e-04
3.376699954144206720e-04
3.278321279714597786e-04
3.182505172073667892e-04
3.089186940273999887e-04
2.998307984341515926e-04
2.909807696004757774e-04
2.823627794948660387e-04
2.739711635978702461e-04
2.658004633066374223e-04
2.578452668632017115e-04
2.501004051467661869e-04
2.425607514946850115e-04
2.352213183373766175e-04
2.280773319440083642e-04
2.211239779171670749e-04
2.143566515094095647e-04
2.077708261008208044e-04
2.013623078687905342e-04
1.951265792129574649e-04
1.890596461997465921e-04
1.831572250110176392e-04
1.774155112032736086e-04
1.718304895814549255e-04
1.663983639766113305e-04
1.611153766312908300e-04
1.559780116465364402e-04
1.509825849694365499e-04
1.461256972488549132e-04
1.414038895008836632e-04
1.368138288700639538e-04
1.323523558370099458e-04
1.280162455820040078e-04
1.238023958078307161e-04
1.197077763652139223e-04
1.157293938453440494e-04
1.118643602809147193e-04
1.081098533973605413e-04
1.044630566516670467e-04
1.009213094431306296e-04
9.748192660153429513e-05
9.414234224848669309e-05
9.089996907883311479e-05
8.775239834868683679e-05
8.469718778842548121e-05
8.173198301232424429e-05
7.885446481870434724e-05
7.606237178587811653e-05
7.335351712305862180e-05
7.072574761292923053e-05
6.817698019926532070e-05
6.570513240979915758e-05
6.330820909498412262e-05
6.098427878314113484e-05
5.873142721393466290e-05
5.654777084158001902e-05
5.443154350568596059e-05
5.238095375731665086e-05
5.039427495551786613e-05
4.846981365605008090e-05
4.660594225794920873e-05
4.480106279231290761e-05
4.305359895193281946e-05
4.136203546399709006e-05
3.972488657640245604e-05
3.814071332937394654e-05
3.660810490171505346e-05
3.512567221179667675e-05
3.369207351274396952e-05
3.230602850427787551e-05
3.096624758825723662e-05
2.967148648073988549e-05
2.842053290947902920e-05
2.721220549082329772e-05
2.604535264578407698e-05
2.491885155409070431e-05
2.383160260471298866e-05
2.278253393588856122e-05
2.177060445035498921e-05
2.079479017002855778e-05
1.985410001904487195e-05
1.894755905801111053e-05
1.807421933795352431e-05
1.723314887256452676e-05
1.642344989850707851e-05
1.564422469264759678e-05
1.489461643924295160e-05
1.417375995808032111e-05
1.348085943744904361e-05
1.281509144178607209e-05
1.217565863074875533e-05
1.156178588602223868e-05
1.097271842969759329e-05
1.040770679187357395e-05
9.866031468996345666e-06
9.346974759371147031e-06
8.849840785463042832e-06
8.373945378197249047e-06
7.918621376079097967e-06
7.483212887836177838e-06
1.507373990814395810e-03
1.466592027848985123e-03
1.426882534072007082e-03
1.388218572556355716e-03
1.350573250768183657e-03
1.313919060122678518e-03
1.278230101071622200e-03
1.243481521713904340e-03
1.209648655507626494e-03
1.176706355574895285e-03
1.144632345151282799e-03
1.113403096467029899e-03
1.082996077562291357e-03
1.053389365985562013e-03
1.024562248842786566e-03
9.964933118202547180e-04
9.691623799777237397e-04
9.425503379501036722e-04
9.166375007316675955e-04
8.914055385119343256e-04
8.668358529998848551e-04
8.429108876343108800e-04
8.196133467537625996e-04
7.969268448655941446e-04
7.748348138105808428e-04
7.533211823861018196e-04
7.323709556601004081e-04
7.119687720045208548e-04
6.921001228533954974e-04
6.727510923656985012e-04
6.539076416881040325e-04
6.355565008228993311e-04
6.176844810598458926e-04
6.002792257922354982e-04
5.833283143515975233e-04
5.668198433472186474e-04
5.507423973992616167e-04
5.350843723232907032e-04
5.198351702666027504e-04
5.049840005933809101e-04
4.905206459554575663e-04
4.764349670827424722e-04
4.627173556199847622e-04
4.493583772371895278e-04
4.363486875339180125e-04
4.236796075229617270e-04
4.113424288201615424e-04
3.993286181128616850e-04
3.876301588708738950e-04
3.762389328717450059e-04
3.651473883954169217e-04
3.543478792184583202e-04
3.438332109646613077e-04
3.335961807313850128e-04
3.236300017820949149e-04
3.139278787658000684e-04
3.044833394928204984e-04
2.952898526434412146e-04
2.863414872055918578e-04
2.776321182217197816e-04
2.691558543373504648e-04
2.609069679812145914e-04
2.528799353922224079e-04
2.450692848961490383e-04
2.374697830069652819e-04
2.300762438061052255e-04
2.228836207094783911e-04
2.158870769428699102e-04
2.090817442275056716e-04
2.024629598108672194e-04
1.960261391029385826e-04
1.897670261034193403e-04
1.836810582310682068e-04
1.777641757839491245e-04
1.720120527830419405e-04
1.664208205379840442e-04
1.609864187613365674e-04
1.557049992913145441e-04
1.505727564082630593e-04
1.455861168698544905e-04
1.407413566278936114e-04
1.360350237879039191e-04
1.314636171003219988e-04
1.270237570830416642e-04
1.227122376777654085e-04
1.185257919995380224e-04
1.144612751557450725e-04
1.105156151741186851e-04
1.066857802230995468e-04
1.029688419439697640e-04
9.936193853300454069e-05
9.586221959197951286e-05
9.246698405175058624e-05
8.917351425492374146e-05
8.597920784912622743e-05
8.288144728612765934e-05
7.987778894275846149e-05
7.696575941446344861e-05
7.414297288345274989e-05
7.140708134973905430e-05
6.875579508866642932e-05
6.618689769979266789e-05
6.369820882225867822e-05
6.128761704735618805e-05
5.895301719733608061e-05
5.669238829346603682e-05
5.450377196183280542e-05
5.238523071305427304e-05
5.033485886039357394e-05
4.835086447768410155e-05
4.643143464290093127e-05
4.457482065873133659e-05
4.277930855290197680e-05
4.104324778079864578e-05
3.936501903186154276e-05
3.774302721043670431e-05
3.617573591657663142e-05
3.466163958547675611e-05
3.319927846984149046e-05
3.178722220195576137e-05
3.042406419885202001e-05
2.910844290084391929e-05
2.783905723220458711e-05
2.661459995295168126e-05
2.543380843467215051e-05
2.429545209535160011e-05
2.319833130260885547e-05
2.214127631804554237e-05
2.112314628158112125e-05
2.014282439708311168e-05
1.919922169635989229e-05
1.829127944834719847e-05
1.741795755937778752e-05
1.657824775048540297e-05
1.577115939002864681e-05
1.499572850061121632e-05
1.425100849189726370e-05
1.353608520694267970e-05
1.285004858347441082e-05
1.219202631700099524e-05
1.156114232084888407e-05
1.095658419117733248e-05
1.037751787055389346e-05
9.823135627817859207e-06
9.292651749247763250e-06
8.785300902166640679e-06
8.300326038568512182e-06
7.836998106761959714e-06
7.394593500612544614e-06
6.972410011498727431e-06
6.569758743340266820e-06
6.185968264908278312e-06
5.820380068296680396e-06
