# d_a
0.000000000000000000e+00
3.706752388784288428e+02
6.646437905238109352e+02
8.991379419548291025e+02
1.086775941129302055e+03
1.237055358998964948e+03
1.357279012654922099e+03
1.453154357947242715e+03
1.529197670519403800e+03
1.589016899897318808e+03
1.635516057013659747e+03
1.671046828678241354e+03
1.697523391041044533e+03
1.716510743061626044e+03
1.729293492022626651e+03
1.736929916046901781e+03
1.740294766549046926e+03
1.740113358525952890e+03
1.736988859864499091e+03
1.731424234360461924e+03
1.723839957970166097e+03
1.714588377154640511e+03
1.703965388106594673e+03
1.692219970023403675e+03
1.679561993128592349e+03
1.666168634757554400e+03
1.652189668576658050e+03
1.637751838476640614e+03
1.622962486536110418e+03
1.607912571151146039e+03
1.592679185027792983e+03
