# d_l
0.000000000000000000e+00
4.485170390428990004e+02
9.570870583542877057e+02
1.519543121903661131e+03
2.130080844613431964e+03
2.783374557747671133e+03
3.474634272396600863e+03
4.199616094467532093e+03
4.954600452482868604e+03
5.736351008629320859e+03
6.542064228054638988e+03
7.369316514471045593e+03
8.216013212638656114e+03
9.080341830796000067e+03
9.960730514050332204e+03
1.085581197529313613e+04
1.176439262187155873e+04
1.268542638365419953e+04
1.361799266133767014e+04
1.456127781097148727e+04
1.551455962173149419e+04
1.647719430445609760e+04
1.744860557421153135e+04
1.842827547355486968e+04
1.941573664056653070e+04
2.041056577578004362e+04
2.141237810475349033e+04
2.242082266874521156e+04
2.343557830558143905e+04
2.445635020720893590e+04
2.548286696044468772e+04
