# d_m
0.000000000000000000e+00
4.077427627662717668e+02
7.975725486285731449e+02
1.168879324541277811e+03
1.521486317581022831e+03
1.855583038498447422e+03
2.171646420247875540e+03
2.470362408510312889e+03
2.752555806934926750e+03
3.019132109804905667e+03
3.271032114027319494e+03
3.509198340224307231e+03
3.734551460290298110e+03
3.947974709041739516e+03
4.150304380854304327e+03
4.342324790117254452e+03
4.524766393027522099e+03
4.698306068020073326e+03
4.863568807620596999e+03
5.021130279645340124e+03
5.171519873910498063e+03
5.315223969179385676e+03
5.452689241941103319e+03
5.584325901077232629e+03
5.710510776637214803e+03
5.831590221651440515e+03
5.947882806875969436e+03
6.059681802363570569e+03
6.167257448837220181e+03
6.270859027489470463e+03
6.370716740111171930e+03
