# d_v
0.000000000000000000e+00
4.047826163807607713e+02
7.852812224063014810e+02
1.140523868179242527e+03
1.470349612759102456e+03
1.775263221612290863e+03
2.056265902928412743e+03
2.314691851311132723e+03
2.552067992879925896e+03
2.770003787053989072e+03
2.970110875063053300e+03
3.153948610988881228e+03
3.322990154293092928e+03
3.478603866889337041e+03
3.622045497303711727e+03
3.754457581568653950e+03
3.876873398022572019e+03
3.990223577090365779e+03
4.095344063234273108e+03
4.192984568406646758e+03
4.283816972167914173e+03
4.368443342437020874e+03
4.447403398293533428e+03
4.521181332864386604e+03
4.590211975609242472e+03
4.654886310561735627e+03
4.715556388302168671e+03
4.772539680200376097e+03
4.826122927581835938e+03
4.876565538497573471e+03
4.924102582416555379e+03
