# h
2.401661485426695019e-04
2.506726561688418786e-04
2.627209784364784636e-04
2.762787441529047428e-04
2.912958243525727575e-04
3.077106481379478188e-04
3.254555341972719686e-04
3.444608206065505850e-04
3.646578191779452599e-04
3.859807584619666409e-04
4.083679312175780667e-04
4.317622588380826175e-04
4.561114544047158246e-04
4.813679265060938112e-04
5.074885281362692593e-04
5.344342233762550739e-04
5.621697202167113064e-04
5.906631001504503847e-04
6.198854627980490478e-04
6.498105955158893282e-04
6.804146725391591911e-04
7.116759848421581750e-04
7.435746998952399555e-04
7.760926493927215990e-04
8.092131424949319026e-04
8.429208019516021711e-04
8.772014205085075511e-04
9.120418351511360095e-04
9.474298169489629717e-04
9.833539744952002077e-04
1.019803669168046828e-03
