# mu
-inf
3.825889473212625091e+01
3.990475721889065852e+01
4.090856514543972366e+01
4.164198043433737695e+01
4.222285826562163891e+01
4.270454549522222010e+01
4.311604795713859062e+01
4.347504318989023631e+01
4.379317859025719883e+01
4.407857401792431773e+01
4.433713605004250269e+01
4.457330564501734216e+01
4.479051098954050758e+01
4.499145595245331464e+01
4.517831156327322617e+01
4.535284755055688777e+01
4.551652534673478101e+01
4.567056547901724173e+01
4.581599743872565966e+01
4.595369726358214280e+01
4.608441631537704097e+01
4.620880362764418692e+01
4.632742347822190965e+01
4.644076936247734011e+01
4.654927521708688687e+01
4.665332451826045457e+01
4.675325771880184078e+01
4.684937837405264816e+01
4.694195822361170656e+01
4.703124143445820238e+01
