# m_h
4.568378139662510512e+04
4.707509308927329403e+04
4.850870899694012041e+04
4.998605670853900665e+04
5.150831800156673125e+04
5.307701263662142446e+04
5.469340589300639840e+04
5.635911623892994976e+04
5.807545468500233255e+04
5.984416522185689973e+04
6.166664072764632147e+04
6.354471368557210371e+04
6.547988664651523868e+04
6.747409793392657593e+04
6.952894318586061127e+04
7.164645965194751625e+04
7.382835347315919353e+04
7.607683174398991105e+04
7.839364088783662010e+04
8.078114026089047547e+04
8.324124072163073288e+04
8.577635359006089857e+04
8.838859231476618152e+04
9.108048014778718061e+04
9.385422892562179186e+04
9.671256836519401986e+04
9.965797310815793753e+04
1.026929527096322126e+05
1.058204772161252622e+05
1.090431133426350862e+05
1.123640371312384232e+05
1.157859389482088591e+05
1.193122485716298252e+05
1.229457519432254485e+05
1.266900741964529152e+05
1.305482849696505873e+05
1.345241449231217266e+05
1.386209105367525190e+05
1.428426792963739717e+05
1.471927484181396721e+05
1.516755295719479909e+05
1.562946522090389044e+05
1.610546132499590167e+05
1.659593494720655144e+05
1.710136639493848197e+05
1.762216898221063311e+05
1.815885542429875059e+05
1.871186446525951906e+05
1.928173850237608131e+05
1.986893814009187627e+05
2.047405207375229802e+05
2.109756447564280534e+05
2.174009264911493519e+05
2.240219366597424087e+05
2.308442869497571082e+05
2.378746939728868310e+05
2.451188357523322338e+05
2.525839897007855761e+05
2.602761294104132394e+05
2.682028912015633541e+05
2.763707392023292487e+05
2.847876265848485637e+05
2.934604738655464025e+05
3.023978917624992901e+05
3.116070976755275042e+05
3.210971296817121329e+05
3.308757841787945363e+05
3.409526236780527397e+05
3.513359218797318754e+05
3.620359434995926567e+05
3.730613230862245546e+05
3.844229922137769754e+05
3.961301165946695255e+05
4.081943375710289110e+05
4.206253867296297685e+05
4.334356608086384367e+05
4.466354084386660834e+05
4.602378250661665224e+05
4.742545073145153001e+05
4.886972652951852069e+05
5.035807236422117567e+05
5.189166062354793539e+05
5.347203756296917563e+05
5.510045794003783958e+05
5.677855691613053204e+05
5.850768739403132349e+05
6.028953756492345128e+05
6.212559535867075901e+05
6.401764800959682325e+05
6.596720823587703053e+05
6.797625457335205283e+05
7.004639506293126615e+05
7.217967609078555834e+05
7.437782776321733836e+05
7.664301447361831088e+05
7.897707220448277658e+05
8.138234095219504088e+05
8.386074546697108308e+05
8.641476056309895357e+05
8.904640256460183300e+05
9.175834223788662348e+05
9.455272188656452345e+05
9.743233709758997429e+05
1.003996677572955610e+06
1.034572302234035917e+06
1.066080357338825939e+06
1.098546656837002607e+06
1.132003060746295610e+06
1.166476641551533015e+06
1.202002078712693648e+06
1.238607466663294937e+06
1.276329813540999079e+06
1.315198609026042279e+06
1.355253325020093238e+06
1.396526017311212374e+06
1.439057706974424422e+06
1.482882416006489890e+06
1.528043901942304801e+06
1.574578683966258541e+06
1.622532651035459945e+06
1.671944970529326238e+06
1.722864189837964252e+06
1.775331878338735551e+06
1.829400265235170722e+06
1.885112164956693305e+06
1.942524143151071621e+06
2.001681228982904227e+06
2.062642747959018452e+06
2.125457943214541767e+06
2.190189589104684070e+06
2.256892011850276962e+06
2.325622979911644012e+06
2.396450255083865020e+06
2.469431549833883531e+06
2.544638541511046700e+06
2.622132473997550551e+06
2.701989722277962137e+06
2.784275874958041590e+06
2.869071751743728295e+06
2.956445766048986465e+06
3.046484586700333282e+06
3.139261468505099881e+06
3.234868749684676062e+06
3.333382926486473531e+06
3.434901625308524817e+06
3.539507382366425823e+06
3.647304174829372205e+06
3.758378237835572101e+06
3.872840221654306166e+06
3.990783145824935287e+06
4.112323338806748856e+06
4.237558762214223854e+06
4.366614758202943951e+06
4.499594582173316739e+06
4.636631604979432188e+06
4.777841322813641280e+06
4.923344742234815843e+06
5.073285182665327564e+06
5.227786036366689950e+06
5.386998975991829298e+06
5.551054991627449170e+06
5.720112687533824705e+06
5.894310966476036236e+06
6.073825352127946913e+06
6.258795588743601926e+06
6.449409146693143994e+06
6.645816480290707201e+06
6.848217950413327664e+06
7.056771310255115852e+06
7.271686158989290707e+06
7.493143393109534867e+06
7.721342306925207376e+06
7.956492718431532383e+06
8.198803656884215772e+06
8.448492569804100320e+06
8.705788213232757524e+06
8.970918642082232982e+06
9.244123576660212129e+06
9.525649814848510548e+06
9.815748733358839527e+06
1.011468171109648049e+07
1.042271779682952352e+07
1.074013677859733067e+07
1.106722385140918568e+07
1.140426955392686278e+07
1.175158184077439085e+07
1.210947173009553924e+07
1.247825926028200053e+07
1.285827695698956959e+07
1.324987040697457455e+07
1.365338878866494261e+07
1.406919475368895009e+07
1.449767551965933107e+07
1.493919467494341731e+07
1.539416164727611281e+07
1.586298366139997914e+07
1.634608352909214981e+07
1.684389262682199851e+07
1.735686660028633848e+07
1.788546278091597930e+07
1.843015575444890559e+07
1.899143394212730974e+07
1.956980850843492523e+07
2.016579719481440261e+07
2.077993719030579180e+07
2.141278145234815031e+07
2.206489451527795941e+07
2.273687132637893036e+07
2.342931024362776428e+07
2.414284152630619332e+07
2.487809923495997861e+07
2.563575088894395158e+07
2.641647343518688530e+07
2.722097401340588927e+07
2.804997528072154149e+07
2.890422097598242015e+07
2.978448778145438060e+07
3.069155825073325261e+07
3.162627846647417918e+07
3.258943690103707090e+07
3.358193406440945715e+07
3.460465495951014757e+07
3.565852915517651290e+07
3.674448793551150709e+07
3.786352207163199037e+07
3.901663178151497990e+07
4.020487378423145413e+07
4.142929451332245022e+07
4.269099852537937462e+07
4.399112286855223775e+07
4.533085291155903786e+07
4.671137904135635495e+07
4.813395677494549006e+07
4.959984734446476400e+07
5.111039645374767482e+07
5.266694106060987711e+07
5.427087291009443253e+07
5.592367559272924066e+07
5.762680811225911975e+07
5.938178854607023299e+07
6.119023341010146588e+07
6.305375265736611187e+07
6.497402141564031690e+07
6.695278312749511749e+07
6.899185283524936438e+07
7.109295929012385011e+07
7.325806142161758244e+07
7.548909520542892814e+07
7.778807404128454626e+07
8.015707056999883056e+07
8.259821829627263546e+07
8.511371325152312219e+07
8.770579250134640932e+07
9.037682820726478100e+07
9.312921577651713789e+07
9.596542026875171065e+07
9.888800340188035369e+07
1.018996023773479611e+08
1.050028796444583684e+08
1.082007065140193254e+08
1.114959063851422071e+08
1.148914657161383629e+08
1.183904028431053311e+08
1.219959381320245117e+08
1.257112720312530845e+08
1.295397263818793595e+08
1.334848112365192771e+08
1.375500175532646179e+08
1.417390311665850580e+08
1.460557450463260710e+08
1.505038067325685024e+08
1.550872972083604634e+08
1.598104212189474106e+08
1.646773695817552507e+08
1.696925246412226260e+08
1.748604339342780709e+08
1.801857049418818355e+08
1.856731924731048644e+08
1.913277796775354743e+08
1.971545693222281933e+08
2.031588143161730766e+08
2.093459218232394457e+08
2.157214152102947235e+08
2.222911065765078664e+08
2.290608941147968173e+08
2.360368478648686409e+08
2.432252143584557772e+08
2.506325147999502420e+08
2.582654164098314941e+08
2.661307329818562567e+08
2.742356236830292940e+08
2.825873603160346150e+08
2.911933746950768828e+08
3.000615224789511561e+08
3.091997877037057281e+08
3.186165526419669986e+08
3.283197819190458655e+08
3.383186735237638354e+08
3.486220209923832417e+08
3.592391018756443858e+08
3.701795868728802204e+08
3.814531886529302001e+08
3.930701494052686691e+08
4.050408876368158460e+08
4.173762561714404821e+08
4.300871618645894527e+08
4.431852305148016214e+08
4.566822988144148588e+08
4.705902679796190858e+08
4.849219549568851590e+08
4.996899757752734423e+08
5.149077538225954771e+08
5.305891126068063974e+08
5.467478154849752188e+08
5.633988119922926426e+08
5.805568566236552000e+08
5.982374571770085096e+08
6.164564087410687208e+08
6.352303100781958103e+08
6.545759022027579546e+08
6.745107695076478720e+08
6.950530202776967287e+08
7.162205487540848255e+08
7.380327014606109858e+08
7.605092115448727608e+08
7.836699956726759672e+08
8.075363525300589800e+08
8.321293966591114998e+08
8.574714777684711218e+08
8.835853949867737293e+08
9.104946143164633512e+08
9.382232867566567659e+08
9.667964966514641047e+08
9.962396006397895813e+08
1.026579635678350210e+09
1.057843726730619669e+09
1.090059782949249506e+09
1.123257026548369169e+09
1.157465288337211609e+09
1.192715269919779539e+09
1.229038836948742390e+09
1.266468520335143089e+09
1.305038356295053005e+09
1.344782536786340714e+09
1.385737103695370436e+09
1.427939168801268578e+09
1.471427551494183064e+09
1.516239148487431049e+09
1.562415299417786121e+09
1.609997963451467991e+09
1.659029690509834528e+09
1.709554597529541969e+09
1.761618092561369181e+09
1.815267259605826616e+09
1.870550573122641802e+09
1.927517208316883802e+09
1.986218863566895008e+09
2.046708015930204630e+09
2.109039433260296106e+09
2.173269109975774765e+09
2.239455076527132511e+09
2.307656253073824883e+09
2.377934925699060917e+09
2.450353970296777248e+09
2.524978083140414238e+09
2.601875607997908592e+09
2.681114230061954021e+09
2.762766312189001560e+09
2.846904503379966736e+09
2.933606425375576973e+09
3.022948140845422745e+09
3.115010842241464138e+09
3.209877118357241631e+09
3.307631961833725452e+09
3.408363898578186512e+09
3.512164075719822407e+09
3.619125226046105862e+09
3.729343891005778790e+09
3.842920606417870045e+09
3.959955390873061657e+09
4.080553474956691265e+09
4.204824391446030140e+09
4.332880933399022102e+09
4.464836695894587517e+09
4.600811112388882637e+09
4.740925822827070236e+09
4.885308696956476212e+09
5.034088679729320526e+09
5.187399845702138901e+09
5.345378766657620430e+09
5.508170337786283493e+09
5.675920848047313690e+09
5.848777802583448410e+09
6.026899069884546280e+09
6.210445676202315331e+09
6.399581778827765465e+09
6.594477938863599777e+09
6.795309729146169662e+09
7.002257871285751343e+09
7.215506620973650932e+09
7.435252687362653732e+09
7.661689656114935875e+09
7.895022148649008751e+09
8.135460823004993439e+09
8.383224479484906197e+09
8.638532511135583878e+09
8.901614580545944214e+09
9.172709130608316422e+09
9.452059572837688446e+09
9.739916414458591461e+09
1.003654182435131454e+10
1.034219911558044815e+10
1.065716594599905586e+10
1.098172359428615570e+10
1.131616856644243622e+10
1.166079661139444542e+10
1.201591925616501999e+10
1.238186225528315544e+10
1.275894582028927040e+10
1.314751476389607048e+10
1.354791359899130249e+10
1.396051027908949280e+10
1.438567002960001755e+10
1.482377978983353424e+10
1.527522937346752930e+10
1.574042862725784302e+10
1.621979657399292755e+10
1.671376144683835030e+10
1.722277011781314087e+10
1.774728906147448730e+10
1.828777273869848633e+10
1.884472127277145386e+10
1.941862299047660828e+10
2.001001101718482971e+10
2.061940668805261230e+10
2.124736044167627335e+10
2.189443894066458893e+10
2.256121801130296707e+10
2.324831297161322403e+10
2.395632670400287628e+10
2.468590282960092545e+10
2.543770415832734299e+10
2.621240492851845932e+10
2.701069051737512207e+10
2.783328301561706543e+10
2.868093466994150543e+10
2.955440240301107025e+10
3.045446497247637177e+10
3.138194225877003479e+10
3.233765958353087997e+10
3.332248540645270920e+10
3.433730412431498718e+10
3.538303605150699615e+10
3.646060813179988098e+10
3.757099478725255585e+10
3.871522073904770660e+10
3.989426519281793976e+10
4.110923413581565094e+10
4.236118834950805664e+10
4.365127621728164673e+10
4.498065711694957733e+10
4.635052426719261169e+10
4.776210564459807587e+10
4.921667754794100189e+10
5.071554107543161774e+10
5.226006128109644318e+10
5.385161721662088013e+10
5.549164139393261719e+10
5.718163618023443604e+10
5.892306388166223145e+10
6.071752818833791351e+10
6.256666688617409515e+10
6.447210641875323486e+10
6.643556510080056763e+10
6.845882749503202057e+10
7.054371528455232239e+10
7.269208713234455872e+10
7.490588859325747681e+10
7.718712282584220886e+10
7.953781741100996399e+10
8.196009342016181946e+10
8.445615243201916504e+10
8.702822468635800171e+10
8.967862368310975647e+10
9.240974980595046997e+10
9.522405489640310669e+10
9.812406223498995972e+10
1.011123684724845276e+11
1.041917080530506744e+11
1.073648128985762177e+11
1.106345578097935181e+11
1.140038806648342438e+11
1.174758276390479584e+11
1.210534887936148529e+11
1.247401132449321594e+11
1.285390228497712860e+11
1.324536369015072937e+11
1.364874249477557831e+11
1.406440824441311340e+11
1.449273386830657959e+11
1.493410314823092957e+11
1.538891641050660095e+11
1.585757484670095215e+11
1.634051344694677429e+11
1.683815769889814758e+11
1.735095090632841187e+11
1.787936702151041870e+11
1.842387626675414734e+11
1.898496234069098816e+11
1.956314811806679382e+11
2.015893393466492004e+11
2.077286009132230225e+11
2.140548966592961426e+11
2.205738218363371887e+11
2.272912703234620361e+11
2.342133100214302673e+11
2.413462605223971558e+11
2.486963336146802368e+11
2.562702154087141113e+11
2.640747916842308960e+11
2.721170745168542175e+11
2.804042805676853638e+11
2.889439187967325439e+11
2.977435529400288086e+11
3.068112183532648926e+11
3.161549300211566772e+11
3.257832860274370728e+11
3.357048737146746216e+11
3.459286202498565674e+11
3.564637140317398682e+11
3.673197082249174805e+11
3.785062426411261597e+11
3.900334331767569580e+11
4.019117969355850830e+11
4.141517484896757812e+11
4.267645256749034424e+11
4.397614897085590210e+11
4.531542238544463501e+11
4.669547576159591064e+11
4.811757024563100586e+11
4.958296957298685913e+11
5.109299764769038086e+11
5.264900514528067017e+11
5.425240686564907837e+11
5.590463427189331055e+11
5.760718615548769531e+11
5.936159252784993896e+11
6.116941451253458252e+11
6.303229947376791992e+11
6.495192998551354980e+11
6.693000940280882568e+11
6.896833369640374756e+11
7.106872231089611816e+11
7.323309300091423340e+11
7.546337435593123779e+11
7.776156629255554199e+11
8.012975935058884277e+11
8.257007334925538330e+11
8.508470642994689941e+11
8.767592118755559082e+11
9.034606399869085693e+11
9.309749689395682373e+11
9.593274034521622314e+11
9.885433498755368652e+11
1.018648952258928833e+12
1.049671500572541260e+12
1.081638697820633423e+12
1.114579450866409424e+12
1.148523520211325195e+12
1.183501333131427002e+12
1.219544201120085693e+12
1.256685000542513916e+12
1.294956476423626465e+12
1.334394119748248291e+12
1.375032190686128174e+12
1.416908259165537598e+12
1.460059596024658936e+12
1.504525034551445068e+12
1.550344544915296387e+12
1.597559778971165283e+12
1.646212581101244873e+12
1.696347056233578857e+12
1.748008617746699707e+12
1.801243467035623779e+12
1.856099142340760498e+12
1.912626292705339111e+12
1.970874161463557373e+12
2.030896362656565186e+12
2.092746297601745117e+12
2.156479525789798584e+12
2.222154509043252441e+12
2.289828865278368164e+12
2.359564486442427246e+12
2.431424449075464355e+12
2.505472304640593262e+12
2.581774821292709473e+12
2.660401451723141113e+12
2.741422986685412598e+12
2.824911538560769531e+12
2.910942821695256836e+12
2.999594797820504883e+12
3.090946142552386230e+12
3.185079404077544922e+12
3.282079565610629395e+12
3.382033265095784180e+12
3.485031371250298828e+12
3.591166579585324707e+12
3.700534298425073242e+12
3.813231804891248535e+12
3.929361973106129395e+12
4.049029810601176270e+12
4.172340499599497070e+12
4.299407140742970215e+12
4.430344230357199219e+12
4.565267552867607422e+12
4.704300397588810547e+12
4.847567608393237305e+12
4.995198767068891602e+12
5.147325039761653320e+12
5.304084774018146484e+12
5.465618110392947266e+12
5.632070432757186523e+12
5.803592596985371094e+12
5.980337452848823242e+12
6.162467300932463867e+12
6.350141625473957031e+12
6.543532238931282227e+12
6.742812112693357422e+12
6.948161963097225586e+12
7.159765074772520508e+12
7.377811442149169922e+12
7.602500961920079102e+12
7.834030674588609375e+12
8.072612195180419922e+12
8.318460419812912109e+12
8.571794968414059570e+12
8.832845017550843750e+12
9.101846516019630859e+12
9.379037354441484375e+12
9.664672404700625000e+12
9.959003842497876953e+12
1.026230162258293750e+13
1.057483300003016992e+13
1.089688753926891211e+13
1.122874863258856055e+13
1.157071147124544922e+13
1.192309148774748047e+13
1.228620574779044141e+13
1.266037650376785352e+13
1.304593936939284961e+13
1.344325248576892969e+13
1.385265903373664648e+13
1.427453360685425391e+13
1.470925758231815039e+13
1.515722359055114453e+13
1.561882642649532422e+13
1.609449118133562891e+13
1.658464612097721484e+13
1.708972206929689062e+13
1.761018228381706641e+13
1.814648846820982031e+13
1.869913138630540234e+13
1.926860578690239844e+13
1.985542627326996484e+13
2.046011136763632422e+13
2.108321148852783984e+13
2.172529350477358984e+13
2.238692327442801172e+13
2.306870696668952734e+13
2.377125662979366016e+13
2.449519579717457031e+13
2.524118521335394531e+13
2.600989225272980078e+13
2.680201708470037891e+13
2.761826019545491016e+13
2.845936295216996875e+13
2.932608163614437500e+13
3.021918733407719531e+13
3.113950301930492188e+13
3.208783879774287891e+13
3.306505851955908984e+13
3.407203606955952344e+13
3.510968674835608594e+13
3.617893667254989062e+13
3.728074705022315625e+13
3.841612430217157031e+13
3.958607014269744531e+13
4.079164128289464844e+13
4.203393467765885156e+13
4.331405219812871094e+13
4.463316497413338281e+13
4.599244080962177344e+13
4.739312007057282031e+13
4.883645019403153906e+13
5.032374519420395312e+13
5.185632697029139844e+13
5.343558724989422656e+13
5.506293739516527344e+13
5.673987398246907031e+13
5.846785976128049219e+13
6.024846719384017188e+13
6.208330392886975000e+13
6.397402495291612500e+13
6.592232161584209375e+13
6.792995928259470312e+13
6.999873008175826562e+13
7.213050389707979688e+13
7.432720578885501562e+13
7.659079038471700000e+13
7.892332371786701562e+13
8.132690559976098438e+13
8.380371171733321875e+13
8.635589391012820312e+13
8.898584285229142188e+13
9.169584065786223438e+13
9.448841900022231250e+13
9.736599755671040625e+13
1.003312242837802344e+14
1.033867615044525625e+14
1.065353829279887031e+14
1.097798412240162500e+14
1.131231413085087812e+14
1.165682370068972500e+14
1.201182755522003750e+14
1.237764614209297656e+14
1.275460171126957500e+14
1.314303724368254688e+14
1.354330199601809375e+14
1.395575543292418125e+14
1.438077163268743750e+14
1.481873156424184062e+14
1.527002726638757188e+14
1.573507091360589062e+14
1.621427364499604062e+14
1.670807193393831250e+14
1.721690599869205000e+14
1.774124297214738125e+14
1.828154476326400625e+14
1.883830110165163125e+14
1.941201119895540625e+14
2.000319393055800625e+14
2.061238349836620938e+14
2.124012449838799688e+14
2.188698273758349062e+14
2.255353506107387188e+14
2.324039198503966875e+14
2.394817085971758750e+14
2.467750113735985625e+14
2.542904237411055625e+14
2.620347976651759688e+14
2.700149389262480312e+14
2.782381003146689375e+14
2.867116854038121875e+14
2.954433814084650000e+14
3.044409676283131250e+14
3.137125163525283750e+14
3.232664766486863125e+14
3.331114059172135000e+14
3.432561835858971875e+14
3.537098747776318125e+14
3.644818833400188750e+14
3.755820448976280625e+14
3.870203306376310625e+14
3.988068394783169375e+14
4.109522883037355000e+14
4.234676288542403125e+14
4.363641346065830625e+14
4.496534095689084375e+14
4.633473972920704375e+14
4.774583901017631250e+14
4.919991322945446875e+14
5.069827436613520000e+14
5.224226322281088750e+14
5.383327935655740000e+14
5.547274351353680000e+14
5.716213816481648750e+14
5.890297898639286250e+14
6.069684734387555000e+14
6.254532766031475000e+14
6.445012772801151250e+14
6.641292751560655000e+14
6.843554778967302500e+14
7.051972244458837500e+14
7.266735314816906250e+14
7.488039868317732500e+14
7.716085124765920000e+14
7.951073554701835000e+14
8.193221313138163750e+14
8.442740379590490000e+14
8.699859591795440000e+14
8.964809121205191250e+14
9.237828664820335000e+14
9.519162090570348750e+14
9.809063277888245000e+14
1.010779357592903000e+15
1.041562200817960000e+15
1.073282548211570000e+15
1.105968900401113875e+15
1.139650589900613250e+15
1.174358138495526500e+15
1.210122630944295000e+15
1.246976053996832250e+15
1.284952031735469500e+15
1.324084834042771250e+15
1.364408998232703000e+15
1.405961547056650000e+15
1.448779470350522250e+15
1.492902390862984750e+15
1.538367940556315750e+15
1.585218015439906500e+15
1.633495373894404250e+15
1.683242354293116500e+15
1.734504647441503500e+15
1.787328444626093500e+15
1.841760387634583250e+15
1.897850281094774250e+15
1.955648490319984000e+15
2.015206848600091000e+15
2.076578696903759750e+15
2.139819923591301250e+15
2.204987068508684750e+15
2.272138826492762000e+15
2.341336143634968000e+15
2.412640153257832000e+15
2.486115926589562000e+15
2.561829361402304000e+15
2.639848272311611500e+15
2.720243614872496000e+15
2.803087264791589000e+15
2.888454396603093000e+15
2.976420550309594000e+15
3.067065949830176000e+15
3.160471928332510500e+15
3.256724830473050500e+15
3.355906903343315000e+15
3.458109449840737000e+15
3.563424450793411500e+15
3.671946580031543000e+15
3.783774008115925000e+15
3.899007060784554000e+15
4.017748983820280000e+15
4.140107573106448500e+15
4.266193038190201000e+15
4.396117204091781000e+15
4.529999201271990000e+15
4.667958403217823000e+15
4.810118475224852000e+15
4.956608426729350000e+15
5.107559316188713000e+15
5.263107817993986000e+15
5.423392793782139000e+15
5.588559005828048000e+15
5.758755482294628000e+15
5.934135634327174000e+15
6.114857376044511000e+15
6.301083247487516000e+15
6.492978446645038000e+15
6.690719291968661000e+15
6.894487455156177000e+15
7.104454549847347000e+15
7.320817009643034000e+15
7.543770477384901000e+15
7.773511646919949000e+15
8.010249987916242000e+15
8.254198790045833000e+15
8.505575090895376000e+15
8.764607265962240000e+15
9.031530491407924000e+15
9.306581609463876000e+15
9.590006931795548000e+15
9.882068232085940000e+15
1.018302116571281200e+16
1.049314002578070200e+16
1.081270143621638400e+16
1.114199899428554200e+16
1.148132295860290800e+16
1.183098113247282600e+16
1.219128727337421800e+16
1.256256752710305600e+16
1.294515436909373200e+16
1.333938991942568000e+16
1.374563655896629800e+16
1.416425358640976800e+16
1.459561766856991000e+16
1.504013116254963600e+16
1.549817153882438200e+16
1.597016046375103000e+16
1.645652467514484400e+16
1.695769953566525400e+16
1.747413708088248000e+16
1.800630263418485800e+16
1.855467517031631600e+16
1.911974768786597600e+16
1.970203197966310400e+16
2.030204603474849600e+16
2.092033639163848000e+16
2.155745661399185600e+16
2.221397631516586000e+16
2.289049128985043200e+16
2.358761009022829600e+16
2.430595906585998400e+16
2.504618799751225200e+16
2.580895534980163600e+16
2.659495454041902800e+16
2.740488871940188800e+16
2.823949255718416400e+16
2.909951114983322400e+16
2.998572270128002000e+16
3.089892249688804400e+16
3.183995920255811600e+16
3.280962755505792400e+16
3.380883087456078800e+16
3.483846206504039200e+16
3.589944638042352800e+16
3.699274945513305600e+16
3.811933849944950400e+16
3.928024292064952000e+16
4.047650890036748800e+16
4.170920607017971200e+16
4.297943499975876000e+16
4.428835814948738400e+16
4.563712692805166400e+16
4.702698776597688800e+16
4.845917732178560000e+16
4.993496768856683200e+16
5.145571726913641600e+16
5.302277488178516800e+16
5.463756242694366400e+16
5.630150869100852800e+16
5.801615514431252800e+16
5.978299870931847200e+16
6.160367153262466400e+16
6.347977916877491200e+16
6.541303102891068800e+16
6.740514782037001600e+16
6.945798094517084000e+16
7.157329385104832800e+16
7.375302413702302400e+16
7.599912478521246400e+16
7.831364956188985600e+16
8.069864664282848000e+16
8.315629109397948800e+16
8.568877639495235200e+16
8.829838312296203200e+16
9.098745870580897600e+16
9.375844407751670400e+16
9.661380204775032000e+16
9.955614343250632000e+16
1.025880785286797280e+17
1.057123458501523680e+17
1.089317646229419360e+17
1.122492090014030880e+17
1.156677217723612000e+17
1.191903212264425920e+17
1.228202001165804000e+17
1.265606155468361760e+17
1.304149504184156000e+17
1.343866875481655520e+17
1.384793802119932480e+17
1.426966845688184480e+17
1.470425635487152640e+17
1.515206602114542400e+17
1.561351287975314560e+17
1.608901806910515840e+17
1.657900083399463680e+17
1.708390334630469440e+17
1.760418457301145920e+17
1.814031330285024000e+17
1.869276813782596160e+17
