# k_h
9.858697922027204186e-06
1.088451153918867931e-05
1.201706254505552351e-05
1.326745768892578781e-05
1.464795786887407303e-05
1.617210182303097099e-05
1.785483618732541800e-05
1.971266101463697851e-05
2.176379530283156782e-05
2.402835343673359603e-05
2.652854163898155093e-05
2.928887988673523068e-05
3.233643656130880117e-05
3.570109402062371373e-05
3.941585237043909729e-05
4.351713505457155406e-05
4.804516356671229005e-05
5.304433943820185959e-05
5.856368807144463062e-05
6.465733895311132073e-05
7.138503860915079713e-05
7.881276542320847511e-05
8.701335900695994496e-05
9.606724051991477609e-05
1.060631984728388488e-04
1.170992472907528281e-04
1.292836095672100782e-04
1.427357783541083336e-04
1.575876667629927397e-04
1.739849249133840203e-04
1.920883369166404009e-04
2.120754361385479569e-04
2.341422368772327900e-04
2.585051115602254868e-04
2.854029880836606026e-04
3.150996344629675150e-04
3.478862636256963015e-04
3.840843855869024992e-04
4.240490088704973459e-04
4.681719874497503042e-04
5.168860661797225475e-04
5.706688971258699894e-04
6.300478707998991013e-04
6.956054130569100380e-04
7.679842528887093067e-04
8.478942909277975559e-04
9.361190604977309704e-04
1.033523818477988243e-03
1.141063636168837547e-03
1.259793178178369999e-03
1.390876597724854946e-03
1.535599585622549057e-03
1.695381244644522667e-03
1.871788408607244492e-03
2.066551009193062782e-03
2.281578956171870232e-03
2.518980996683239937e-03
2.781085204333066940e-03
3.070461563766002655e-03
3.389948047697544098e-03
3.742677625268697739e-03
4.132109228521585464e-03
4.562062211334705353e-03
5.036752205342054367e-03
5.560834426432847977e-03
6.139447912573814392e-03
6.778267677873373032e-03
7.483557332307100296e-03
8.262233808636665344e-03
9.121932089328765869e-03
1.007108390331268311e-02
1.111899688839912415e-02
1.227594632655382156e-02
1.355327852070331573e-02
1.496351975947618484e-02
1.652049832046031952e-02
1.823948323726654053e-02
2.013733051717281342e-02
2.223265171051025391e-02
2.454599551856517792e-02
2.710004709661006927e-02
2.991984970867633820e-02
3.303305804729461670e-02
3.647020459175109863e-02
4.026498645544052124e-02
4.429148510098457336e-02
4.831798374652862549e-02
5.234448239207267761e-02
5.637098103761672974e-02
6.039748340845108032e-02
6.442397832870483398e-02
6.845048069953918457e-02
7.247697561979293823e-02
7.650347799062728882e-02
8.052997291088104248e-02
8.455647528171539307e-02
8.957593142986297607e-02
9.459539502859115601e-02
9.961485117673873901e-02
1.046343147754669189e-01
1.096537709236145020e-01
1.146732345223426819e-01
1.196926906704902649e-01
1.247121542692184448e-01
1.297316104173660278e-01
1.347510665655136108e-01
1.397705376148223877e-01
1.447899937629699707e-01
1.498094499111175537e-01
1.548289060592651367e-01
1.598483622074127197e-01
1.648678332567214966e-01
1.698872894048690796e-01
1.749067455530166626e-01
1.799262017011642456e-01
1.849456727504730225e-01
1.899651288986206055e-01
1.949845850467681885e-01
2.000040411949157715e-01
2.050235122442245483e-01
2.100429683923721313e-01
2.150624245405197144e-01
2.200818806886672974e-01
2.251013368368148804e-01
2.301208078861236572e-01
2.351402640342712402e-01
2.401597201824188232e-01
2.451791763305664062e-01
2.501986324787139893e-01
2.552180886268615723e-01
2.602375745773315430e-01
2.652570307254791260e-01
2.702764868736267090e-01
2.752959430217742920e-01
2.803153991699218750e-01
2.853348553180694580e-01
2.903543114662170410e-01
2.953737676143646240e-01
3.003932237625122070e-01
3.054127097129821777e-01
3.104321658611297607e-01
3.154516220092773438e-01
3.204710781574249268e-01
3.254905343055725098e-01
3.305099904537200928e-01
3.355294466018676758e-01
3.405489027500152588e-01
3.455683588981628418e-01
3.505878448486328125e-01
3.556073009967803955e-01
3.606267571449279785e-01
3.656462132930755615e-01
3.706656694412231445e-01
3.756851255893707275e-01
3.807045817375183105e-01
3.857240378856658936e-01
3.907435238361358643e-01
3.957629799842834473e-01
4.007824361324310303e-01
4.058018922805786133e-01
4.108213484287261963e-01
4.158408045768737793e-01
4.208602607250213623e-01
4.258797168731689453e-01
4.308991730213165283e-01
4.359186589717864990e-01
4.409381151199340820e-01
4.459575712680816650e-01
4.509770274162292480e-01
4.559964835643768311e-01
4.610159397125244141e-01
4.660353958606719971e-01
4.710548520088195801e-01
4.760743081569671631e-01
4.810937941074371338e-01
4.861132502555847168e-01
4.911327064037322998e-01
4.961521625518798828e-01
5.011716485023498535e-01
5.061910748481750488e-01
5.112105607986450195e-01
5.162299871444702148e-01
5.212494730949401855e-01
5.262688994407653809e-01
5.312883853912353516e-01
5.363078117370605469e-01
5.413272976875305176e-01
5.463467836380004883e-01
5.513662099838256836e-01
5.563856959342956543e-01
5.614051222801208496e-01
5.664246082305908203e-01
5.714440345764160156e-01
5.764635205268859863e-01
5.814829468727111816e-01
5.865024328231811523e-01
5.915219187736511230e-01
6.161686182022094727e-01
7.547760009765625000e-01
9.325625896453857422e-01
1.152226567268371582e+00
1.423632264137268066e+00
1.758967041969299316e+00
2.173289775848388672e+00
2.685205459594726562e+00
3.317702531814575195e+00
4.099183082580566406e+00
5.064741134643554688e+00
6.257734775543212891e+00
7.731736660003662109e+00
9.552938461303710938e+00
1.180312156677246094e+01
1.458333301544189453e+01
