# t_k
6.357576000000000000e+06
6.357574500000000000e+06
6.357572500000000000e+06
6.357570000000000000e+06
6.357567500000000000e+06
6.357564000000000000e+06
6.357560000000000000e+06
6.357555500000000000e+06
6.357549000000000000e+06
6.357542000000000000e+06
6.357532500000000000e+06
6.357522000000000000e+06
6.357508500000000000e+06
6.357492500000000000e+06
6.357472500000000000e+06
6.357448000000000000e+06
6.357418500000000000e+06
6.357382500000000000e+06
6.357339000000000000e+06
6.357285500000000000e+06
6.357220500000000000e+06
6.357141000000000000e+06
6.357045000000000000e+06
6.356927000000000000e+06
6.356784000000000000e+06
6.356609000000000000e+06
6.356396500000000000e+06
6.356137500000000000e+06
6.355822000000000000e+06
6.355438000000000000e+06
6.354971000000000000e+06
6.354402000000000000e+06
6.353711000000000000e+06
6.352870500000000000e+06
6.351849500000000000e+06
6.350610000000000000e+06
6.349106500000000000e+06
6.347286000000000000e+06
6.345082500000000000e+06
6.342420500000000000e+06
6.339209500000000000e+06
6.335347000000000000e+06
6.330710000000000000e+06
6.325161000000000000e+06
6.318543500000000000e+06
6.310683500000000000e+06
6.301388500000000000e+06
6.290452000000000000e+06
6.277652500000000000e+06
6.262757500000000000e+06
6.245521500000000000e+06
6.225687500000000000e+06
6.202978500000000000e+06
6.177095500000000000e+06
6.147707000000000000e+06
6.114451500000000000e+06
6.076937500000000000e+06
6.034756000000000000e+06
5.987483500000000000e+06
5.934685500000000000e+06
5.875924500000000000e+06
5.810763500000000000e+06
5.738759500000000000e+06
5.659453000000000000e+06
5.572374500000000000e+06
5.477057000000000000e+06
5.373057500000000000e+06
5.259938000000000000e+06
5.137236500000000000e+06
5.004507000000000000e+06
4.861327000000000000e+06
4.707272500000000000e+06
4.541967000000000000e+06
4.365106500000000000e+06
4.176503500000000000e+06
3.976182750000000000e+06
3.764486000000000000e+06
3.542231750000000000e+06
3.310908000000000000e+06
3.072885000000000000e+06
2.831618250000000000e+06
2.591762750000000000e+06
2.359092000000000000e+06
2.140076500000000000e+06
1.940957000000000000e+06
1.771780625000000000e+06
1.639311250000000000e+06
1.532378500000000000e+06
1.442815250000000000e+06
1.362913375000000000e+06
1.287312875000000000e+06
1.212740750000000000e+06
1.138135250000000000e+06
1.064195875000000000e+06
9.926633125000000000e+05
9.255416875000000000e+05
8.508791250000000000e+05
7.886678750000000000e+05
7.394883750000000000e+05
7.013918750000000000e+05
6.708620000000000000e+05
6.441860000000000000e+05
6.182565000000000000e+05
5.910344375000000000e+05
5.618981875000000000e+05
5.315081250000000000e+05
5.012230625000000000e+05
4.726126250000000000e+05
4.471447187500000000e+05
4.257396562500000000e+05
4.083841875000000000e+05
3.942520937500000000e+05
3.821858125000000000e+05
3.710388125000000000e+05
3.598135937500000000e+05
3.478463750000000000e+05
3.349980625000000000e+05
3.216150000000000000e+05
3.082840937500000000e+05
2.956088437500000000e+05
2.840804687500000000e+05
2.739822812500000000e+05
2.653305312500000000e+05
2.578972343750000000e+05
2.512934375000000000e+05
2.450727656250000000e+05
2.388489843750000000e+05
2.323984062500000000e+05
2.256869843750000000e+05
2.188200312500000000e+05
2.119787031250000000e+05
2.053764375000000000e+05
1.992097968750000000e+05
1.935988125000000000e+05
1.885560156250000000e+05
1.840045781250000000e+05
1.798158593750000000e+05
1.758410156250000000e+05
1.719413281250000000e+05
1.680226250000000000e+05
1.640536093750000000e+05
1.600587031250000000e+05
1.560969218750000000e+05
1.522426562500000000e+05
1.485659687500000000e+05
1.451121406250000000e+05
1.418912968750000000e+05
1.388839218750000000e+05
1.360524062500000000e+05
1.333487031250000000e+05
1.307215000000000000e+05
1.281291484375000000e+05
1.255523125000000000e+05
1.229953671875000000e+05
1.204755937500000000e+05
1.180130156250000000e+05
1.156278515625000000e+05
1.133391640625000000e+05
1.111578984375000000e+05
1.090802812500000000e+05
1.070914218750000000e+05
1.051747812500000000e+05
1.033160312500000000e+05
1.015008281250000000e+05
9.971627343750000000e+04
9.795756250000000000e+04
9.622942187500000000e+04
9.453953906250000000e+04
9.289321093750000000e+04
9.129467187500000000e+04
8.974857812500000000e+04
8.825667968750000000e+04
8.681503125000000000e+04
8.541680468750000000e+04
8.405648437500000000e+04
8.272981250000000000e+04
8.143185156250000000e+04
8.015841406250000000e+04
7.890883593750000000e+04
7.768553906250000000e+04
7.649056250000000000e+04
7.532428906250000000e+04
7.418719531250000000e+04
7.308056250000000000e+04
7.200442968750000000e+04
7.095625000000000000e+04
6.993285937500000000e+04
6.893259375000000000e+04
6.795464062500000000e+04
6.699717968750000000e+04
6.605812500000000000e+04
6.513718359375000000e+04
6.423559765625000000e+04
6.335390234375000000e+04
6.249127343750000000e+04
6.164715234375000000e+04
6.082204687500000000e+04
5.702286718750000000e+04
4.123123437500000000e+04
2.925272656250000000e+04
2.065470898437500000e+04
1.452052441406250000e+04
1.016774902343750000e+04
7.094223632812500000e+03
4.933539550781250000e+03
3.420642089843750000e+03
2.365170410156250000e+03
1.631247680664062500e+03
1.122453002929687500e+03
7.707013549804687500e+02
5.281351318359375000e+02
3.612510986328125000e+02
2.466821136474609375e+02
