# tt
8.000766752030891666e+02
7.571954546524621037e+02
7.141515502113694538e+02
6.802593088155163059e+02
6.553810250427353594e+02
6.380475090114301793e+02
6.264557372664013428e+02
6.192984214126754523e+02
6.155989962745144339e+02
6.144084502912301105e+02
6.160889506368739603e+02
6.189117277482578174e+02
6.228480347328328435e+02
6.270887226991386569e+02
6.329136929913565837e+02
6.401341543335420283e+02
6.478179346197858877e+02
6.565374268481868967e+02
6.650635489262475630e+02
6.739211691125184416e+02
6.831229777588770276e+02
6.923709271286239755e+02
7.019044957444918964e+02
7.118064818198997727e+02
7.216842449165503695e+02
7.318529339085388301e+02
7.421913943159638620e+02
7.526521455657895103e+02
7.633932903758117163e+02
7.739418549396891649e+02
7.849032790648462878e+02
7.958829460387966037e+02
8.068770890920443435e+02
8.183332096384029910e+02
8.295628056079625594e+02
8.409631505122686121e+02
8.526106237034819060e+02
8.644266430737487781e+02
8.763464069566738317e+02
8.883018452048255540e+02
9.002969826219709830e+02
9.123439313808854649e+02
9.244831932794608065e+02
9.367666259656340344e+02
9.491710931405638121e+02
9.616857685945602725e+02
9.742929672714316212e+02
9.869863599650318520e+02
9.998107187944227690e+02
1.012812851726995859e+03
1.025951185398074131e+03
1.039169148516241421e+03
1.052449915265242907e+03
1.065788015678870352e+03
1.079267516532047239e+03
1.092967244362755537e+03
1.106856835074303035e+03
1.120871857019859590e+03
1.134998979877802412e+03
1.149245498219548608e+03
1.163616037313327297e+03
1.178124491470361818e+03
1.192773399151829153e+03
1.207582332593975252e+03
1.222579967937076162e+03
1.237751905987204054e+03
1.253070139754369393e+03
1.268500984323558896e+03
1.284022110629805866e+03
1.299616947090497888e+03
1.315371443002764181e+03
1.331371627221065182e+03
1.347624037649538650e+03
1.364129534267299960e+03
1.380854198386657572e+03
1.397704487603012240e+03
1.414671317270442159e+03
1.431791026143209820e+03
1.449082919200507604e+03
1.466567198040641642e+03
1.484250616963293851e+03
1.502112437262143430e+03
1.520148954005939686e+03
1.538350784338407720e+03
1.556712735756866778e+03
1.575212309622874045e+03
1.593836875576604143e+03
1.612596514958322814e+03
1.631495631183273872e+03
1.650543573881801876e+03
1.669741087919544952e+03
1.689099542302265718e+03
1.708613272260658050e+03
1.728293646800483884e+03
1.748135001152438008e+03
1.768137348472236226e+03
1.788306379840618774e+03
1.808625074638232718e+03
1.829104801870841129e+03
1.849739896769137886e+03
1.870530372488839021e+03
1.891464886335615347e+03
1.912543451465183807e+03
1.933760403108238052e+03
1.955110076495470821e+03
1.976586806857577585e+03
1.998179251500227110e+03
2.019893101504160086e+03
2.041717014175046870e+03
2.063645298727552017e+03
2.085677838237246760e+03
2.107808811838650854e+03
2.130032398666283825e+03
2.152342777854663836e+03
2.174739806463334389e+03
2.197217663626814556e+03
2.219764850554600343e+03
2.242381224306234344e+03
2.265060964016236085e+03
2.287798248819124183e+03
2.310581579924395555e+03
2.333410814391592794e+03
2.356280131355234062e+03
2.379178032024817639e+03
2.402104373459883391e+03
2.425047656869930051e+03
2.448002061389475330e+03
2.470967444078062726e+03
2.493932306145186885e+03
2.516885278301713697e+03
2.539832543039048232e+03
2.562757700649872731e+03
2.585661385201937264e+03
2.608532874912946681e+03
2.631372803850651053e+03
2.654170450232756139e+03
2.676920770201989853e+03
2.699613041976055229e+03
2.722253577547728128e+03
2.744825977209688972e+03
2.767325197104665222e+03
2.789751871300406947e+03
2.812089600089598662e+03
2.834339017539988163e+03
2.856478046019235535e+03
2.878501641670067329e+03
2.900399082710190669e+03
2.922159647357306767e+03
2.943772613829123202e+03
2.965221516019786122e+03
2.986512333929395481e+03
3.007633947384450948e+03
3.028586592061495139e+03
3.049364825712048514e+03
3.069974561937678118e+03
3.090399002639857827e+03
3.110644061420156504e+03
3.130698618105068817e+03
3.150557230446117956e+03
3.170203100344775976e+03
3.189630785552566067e+03
3.208834843821007325e+03
3.227798477051574991e+03
3.246521920920812136e+03
3.264994055255217063e+03
3.283209437806310234e+03
3.301162626325611200e+03
3.318848178564641785e+03
3.336260652274921995e+03
3.353388927282950590e+03
3.370238917190293705e+03
3.386793823898425217e+03
3.403048205158865585e+03
3.419002296648159700e+03
3.434645110708613174e+03
3.449971867670788015e+03
3.464972242456035019e+03
3.479647265835747021e+03
3.493992290656296518e+03
3.507996991839031125e+03
3.521662400155347314e+03
3.534983868451613944e+03
3.547951071649181813e+03
3.560565040519444665e+03
3.572815449983751478e+03
3.584703330813496905e+03
3.596224035855052080e+03
3.607367240029765526e+03
3.618133974109031442e+03
3.628519590939223690e+03
3.638513765441688520e+03
3.648111850462797975e+03
3.657320554698970682e+03
3.666129553071553801e+03
3.674539876351942894e+03
3.682552555311533524e+03
3.690168620721718071e+03
3.697372069578823357e+03
3.704175288504289711e+03
3.710567920065462204e+03
3.716545155338691075e+03
3.722090797196276981e+03
3.727211360210613748e+03
3.731884969328978514e+03
3.736118139123763285e+03
3.739900350392293149e+03
3.743226761856914436e+03
3.746120921865087894e+03
3.748572311214139518e+03
3.750587444476459495e+03
3.752178514149465627e+03
3.753346356880528219e+03
3.754097487242037914e+03
3.754432741881365928e+03
3.754341601595835982e+03
3.753824903032818384e+03
3.752883482839682074e+03
3.751512499738773386e+03
3.749707112452439560e+03
3.747473835553073968e+03
3.744802149838000787e+03
3.741698569879610204e+03
3.738169610250298774e+03
3.734216107597433165e+03
3.729833220643362438e+03
3.725027463960478144e+03
3.719799674196149681e+03
3.714156365922771784e+03
3.708092697862689874e+03
3.701615184588296870e+03
3.694730340671985232e+03
3.687433324836102656e+03
3.679724973728018085e+03
3.671617479845148409e+03
3.663100323984816441e+03
3.654191376569461227e+03
3.644885796321430462e+03
3.635190097813116154e+03
3.625105117691887699e+03
3.614631692605114949e+03
3.603782015050215250e+03
3.592556921674556634e+03
3.580957249125510771e+03
3.568995189900491368e+03
3.556677258571893617e+03
3.543998613862062484e+03
3.530977126193437016e+03
3.517607954288363999e+03
3.503903290644260323e+03
3.489858168307257529e+03
3.475478473468675020e+03
3.460764288718597527e+03
3.445727052497149543e+03
3.430355491544371034e+03
3.414661044300388767e+03
3.398649471280308717e+03
3.382332210924258561e+03
3.365715023747344731e+03
3.348815026114718421e+03
3.331632300616461180e+03
3.314183963617725112e+03
3.296475775633616649e+03
3.278513497179239039e+03
3.260297210844677011e+03
3.241832677145033358e+03
3.223131334520439395e+03
3.204193265560975306e+03
3.185018552856724455e+03
3.165612956922792364e+03
3.145993594124331594e+03
3.126154869126397443e+03
3.106119576219168721e+03
3.085882120067703454e+03
3.065453939112128865e+03
3.044852149717598422e+03
3.024076834474192765e+03
3.003133753897018778e+03
2.982034346426204593e+03
2.960790050501876976e+03
2.939400948714120204e+03
2.917878479503062863e+03
2.896234081308832174e+03
2.874467836721510594e+03
2.852591184181227618e+03
2.830609884203088313e+03
2.808541053152242966e+03
2.786384773618775398e+03
2.764146806117791584e+03
2.741844267014440902e+03
2.719482916823830237e+03
2.697062838136041591e+03
2.674595469391203551e+03
2.652092249029443337e+03
2.629553259640846136e+03
2.606989939665537804e+03
2.584402371693601708e+03
2.561807672090189499e+03
2.539211601370406697e+03
2.516619920049357916e+03
2.494043836202282364e+03
2.471493636444862204e+03
2.448973699102866703e+03
2.426494080427087283e+03
2.404064836668316275e+03
2.381684668227299426e+03
2.359369309279853496e+03
2.337123138151745479e+03
2.314950533168745551e+03
2.292850194731599458e+03
2.270843534941146117e+03
2.248923576273106846e+03
2.227106052903299314e+03
2.205395343157490970e+03
2.183790147436428015e+03
2.162306199915926300e+03
2.140947878921754182e+03
2.119725240704704447e+03
2.098636985665522388e+03
2.077687492129977272e+03
2.056898172198908014e+03
2.036256370423014459e+03
2.015783498903134387e+03
1.995472580114990706e+03
1.975339348234398813e+03
1.955382503662105364e+03
1.935612102648901327e+03
1.916032523520557106e+03
1.896648144602840830e+03
1.877469022146545285e+03
1.858493856552415764e+03
1.839732704071244825e+03
1.821184265103779126e+03
1.802858595900810542e+03
1.784765752713130496e+03
1.766904435941485190e+03
1.749279023911644572e+03
1.731893894949377000e+03
1.714759105305475259e+03
1.697879033305707480e+03
1.681252379350820547e+03
1.664883521766583726e+03
1.648776838878765375e+03
1.632931031088111922e+03
1.617350476720392862e+03
1.602039554101376552e+03
1.586996963631809649e+03
1.572227083637460964e+03
1.557739970369123057e+03
1.543534324227541447e+03
1.529620145111747206e+03
1.516001529588700123e+03
1.502676839948577253e+03
1.489650116406577126e+03
1.476931077102922245e+03
1.464512406402765009e+03
1.452398144521305085e+03
1.440592331673741228e+03
1.429093330150249585e+03
1.417899502241006303e+03
1.407014888161210365e+03
1.396437850201037691e+03
1.386178106500710555e+03
1.376222663500358749e+03
1.366586917265227839e+03
1.357263552160470454e+03
1.348256608401285575e+03
1.339564448277849351e+03
1.331185434080338382e+03
1.323129283948973580e+03
1.315383004323886325e+03
1.307956313345297986e+03
1.300841895378361187e+03
1.294043790638276050e+03
1.287554683490194748e+03
1.281378614149316718e+03
1.275519622830840717e+03
1.269964715974897445e+03
1.264723611721708039e+03
1.259794672361448875e+03
1.255170582259273715e+03
1.250855381630380634e+03
1.246847432764946234e+03
1.243139420028123368e+03
1.239729705710088183e+03
1.236622330026039435e+03
1.233815655266153499e+03
1.231296687870560390e+03
1.229069468054458866e+03
1.227132358108025301e+03
1.225483720321435840e+03
1.224110561134819818e+03
1.223022598688400194e+03
1.222206839422306530e+03
1.221661645626714744e+03
1.221385379591800984e+03
1.221370725682718330e+03
1.221621724114665767e+03
1.222131059252796376e+03
1.222897093387286304e+03
1.223918387611026219e+03
1.225188620302741811e+03
1.226707346568896355e+03
1.228474121515953129e+03
1.230477144400330189e+03
1.232715970328490130e+03
1.235190154406897136e+03
1.237893573816990738e+03
1.240814427815188992e+03
1.243963627358000849e+03
1.247318015851798236e+03
1.250888504253090105e+03
1.254668969743316893e+03
1.258653289503919268e+03
1.262829662791314149e+03
1.267209000562011624e+03
1.271773824147405321e+03
1.276529366578982035e+03
1.281463827113159368e+03
1.286582438781423207e+03
1.291873400840191152e+03
1.297330590470903644e+03
1.302959240705047250e+03
1.308747550799038891e+03
1.314689397934319459e+03
1.320784337217352004e+03
1.327014889979531063e+03
1.333391967177366269e+03
1.339892412217228184e+03
1.346515780205580995e+03
1.353261626248887751e+03
1.360118149603565598e+03
1.367090583301101788e+03
1.374161448672889946e+03
1.381335978750416643e+03
1.388608050715122317e+03
1.395971541748447180e+03
1.403420329031832125e+03
1.410953967671739974e+03
1.418560656924588329e+03
1.426234273971817402e+03
1.433963018069845020e+03
1.441746444325134007e+03
1.449572751994102191e+03
1.457435818258189556e+03
1.465329520298836769e+03
1.473247735297484269e+03
1.481195696285618396e+03
1.489161602519656299e+03
1.497139331181038642e+03
1.505128713512503964e+03
1.513130685301892527e+03
1.521129424698249977e+03
1.529126143625692066e+03
1.537110698158288187e+03
1.545078622295130344e+03
1.553025450035310769e+03
1.560941037452898854e+03
1.568815240621963540e+03
1.576660627316666933e+03
1.584455697761031388e+03
1.592218697654241851e+03
1.599928127220321130e+03
1.607602232158453489e+03
1.615219512692663102e+03
1.622792536597110029e+03
1.630311159945864574e+03
1.637765238812994767e+03
1.645155985122617494e+03
1.652473254948800786e+03
1.659706904365614037e+03
1.666858145297173451e+03
1.673916833817547058e+03
1.680884181850850609e+03
1.687755723396176791e+03
1.694532670377640898e+03
1.701204878869311415e+03
1.707779238720327385e+03
1.714256961854803876e+03
1.720622226421786991e+03
1.726887600195437926e+03
1.733031583399780402e+03
1.739061065883952324e+03
1.744965903722023313e+03
1.750735952988062536e+03
1.756378103531208126e+03
1.761882211425529022e+03
1.767243810670118137e+03
1.772469791114113150e+03
1.777550008831584137e+03
1.782485675746645711e+03
1.787278003783414078e+03
1.791928204866002943e+03
1.796431812993505901e+03
1.800784362165014727e+03
1.804987064304644946e+03
1.809029775486465496e+03
1.812913707634592129e+03
1.816634394748116847e+03
1.820187370826131882e+03
1.823568241675953686e+03
1.826778578262819337e+03
1.829814345435166160e+03
1.832677185966455454e+03
1.835374420555170900e+03
1.837896336124727895e+03
1.840250253373609667e+03
1.842432137150254675e+03
1.844437952303100019e+03
1.846280697455653353e+03
1.847944981606306783e+03
1.849443803378566599e+03
1.850767449695847972e+03
1.851917563331611291e+03
1.852895787059318536e+03
1.853703763652429643e+03
1.854337457959382846e+03
1.854792834828616151e+03
1.855077214958613240e+03
1.855180885272789055e+03
1.855111166469627733e+03
1.854864023397566825e+03
1.854435420905044566e+03
1.853838357615567475e+03
1.853063120452550947e+03
1.852122708039501731e+03
1.851013085224857377e+03
1.849735894782079868e+03
1.848292779484628682e+03
1.846691060030988183e+03
1.844921023344573541e+03
1.842995668048891957e+03
1.840910958992380984e+03
1.838662861023478399e+03
1.836264372765691178e+03
1.833705781142434489e+03
1.831000084777214852e+03
1.828143248518470728e+03
1.825142593064685116e+03
1.821988405339274095e+03
1.818699361890766568e+03
1.815271427567601677e+03
1.811700567218215383e+03
1.807999779466116479e+03
1.804170707084764899e+03
1.800209314922599106e+03
1.796122923678102552e+03
1.791913176124736765e+03
1.787581715035961452e+03
1.783130183185238820e+03
1.778571370533230265e+03
1.773894520689127603e+03
1.769111380299368193e+03
1.764228018085368376e+03
1.759239146918496772e+03
1.754145157595146429e+03
1.748963474686778227e+03
1.743683133139738402e+03
1.738310201675442613e+03
1.732845071090283227e+03
1.727299488030698740e+03
1.721662487443034934e+03
1.715945815973730305e+03
1.710155542344200967e+03
1.704280701500792702e+03
1.698333040089943779e+03
1.692318626833070084e+03
1.686232174601540009e+03
1.680079752116770123e+03
1.673861750175151656e+03
1.667584237498100492e+03
1.661253282807032065e+03
1.654869276898338512e+03
1.648432610568412656e+03
1.641960708388715375e+03
1.635442605305593588e+03
1.628895725890507720e+03
1.622314783014827981e+03
1.615705845399969121e+03
1.609074981767347481e+03
1.602428260838377355e+03
1.595766073409451337e+03
1.589088810276962704e+03
1.582408218087348359e+03
1.575724687637002035e+03
1.569038609722315186e+03
1.562356053064703474e+03
1.555688764310605166e+03
1.549025778406366726e+03
1.542384519923449716e+03
1.535765379658246275e+03
1.529168748407148769e+03
1.522600694891572402e+03
1.516061609907910224e+03
1.509563240102599821e+03
1.503105976272033786e+03
1.496690209212604714e+03
1.490322007645727808e+03
1.484007440292818274e+03
1.477746897950268476e+03
1.471551861892699890e+03
1.465410040207371367e+03
1.459342943159863125e+03
1.453338013465617450e+03
1.447399727615144684e+03
1.441538240023979597e+03
1.435746671332587084e+03
1.430035175956500552e+03
1.424408230386231480e+03
1.418853277337221925e+03
1.413391827075051651e+03
1.408011322315162943e+03
1.402716239548066369e+03
1.397522411114319993e+03
1.392411601804341899e+03
1.387405321883712077e+03
1.382496691992895649e+03
1.377690188622404321e+03
1.372984610337724916e+03
1.368384433629369823e+03
1.363899812912871994e+03
1.359523868828696550e+03
1.355255399942331906e+03
1.351104560669312150e+03
1.347070149575125015e+03
1.343156643150281525e+03
1.339357162035246802e+03
1.335687538570577544e+03
1.332135215471716037e+03
1.328710347154196597e+03
1.325411732183506956e+03
1.322238169125134618e+03
1.319199812394614582e+03
1.316289782632410834e+03
1.313512556329035306e+03
1.310872609974998568e+03
1.308368742135788580e+03
1.305999751376893300e+03
1.303770114188824209e+03
1.301678629137068583e+03
1.299729772712138129e+03
1.297916665554497513e+03
1.296255140004703890e+03
1.294726960853176251e+03
1.293347960440471525e+03
1.292116937332077214e+03
1.291027012168459578e+03
1.290082661440128277e+03
1.289282683712572407e+03
1.288637233401325375e+03
1.288133705298028417e+03
1.287776336274189589e+03
1.287569315277514988e+03
1.287511153330688330e+03
1.287606039381416849e+03
1.287841128602337676e+03
1.288226287866181110e+03
1.288760028195630412e+03
1.289440860613369523e+03
1.290267296142081932e+03
1.291237845804451354e+03
1.292356698548185022e+03
1.293616687470943361e+03
1.295022001520432696e+03
1.296571151719337422e+03
1.298256971165317964e+03
1.300083648806080646e+03
1.302055373589332476e+03
1.304159300687711266e+03
1.306405296973946861e+03
1.308786195545699911e+03
1.311300507425653450e+03
1.313946743636492101e+03
1.316723415200899126e+03
1.319634711066581303e+03
1.322673464331199966e+03
1.325838186017437465e+03
1.329121709222955360e+03
1.332533900820483495e+03
1.336067593907682067e+03
1.339715621582212862e+03
1.343476494866757776e+03
1.347354402709025408e+03
1.351347856131698563e+03
1.355444010307414374e+03
1.359647054183880527e+03
1.363955498783780513e+03
1.368367855129798045e+03
1.372882634244616156e+03
1.377492669225896179e+03
1.382196471096321829e+03
1.386992550878576594e+03
1.391879419595344871e+03
1.396849910344286172e+03
1.401908212073108416e+03
1.407035802029425440e+03
1.412248225010990382e+03
1.417526958265417306e+03
1.422881868665436741e+03
1.428300111383686044e+03
1.433780411631826837e+03
1.439316673452408395e+03
1.444914370927004484e+03
1.450573300212165350e+03
1.456276223689372046e+03
1.462039971290244239e+03
1.467847305396263664e+03
1.473698022163980568e+03
1.479597595674967806e+03
1.485534466235730406e+03
1.491508430002818614e+03
1.497524961057805513e+03
1.503566821782172383e+03
1.509639486257493218e+03
1.515742750640317809e+03
1.521865055237151182e+03
1.528006196204543357e+03
1.534165969699044581e+03
1.540338493952182262e+03
1.546523565120507328e+03
1.552715301435546507e+03
1.558913499053850501e+03
1.565117954131969555e+03
1.571322784901431532e+03
1.577527787518785772e+03
1.583727080215561045e+03
1.589920459148306691e+03
1.596107720473573636e+03
1.602271626572842933e+03
1.608423329452710504e+03
1.614556947344705122e+03
1.620660920555330449e+03
1.626740723166159341e+03
1.632790473408719663e+03
1.638798611589516213e+03
1.644776289715144685e+03
1.650706270167086359e+03
1.656594027026915683e+03
1.662433678526158928e+03
1.668219342896344187e+03
1.673945138368998187e+03
1.679610861100672309e+03
1.685216307247915438e+03
1.690749917117233736e+03
1.696211486865175857e+03
1.701595134723270348e+03
1.706900656848067456e+03
1.712122171471093907e+03
1.717259474748900857e+03
1.722306684913015715e+03
1.727258166566811951e+03
1.732109269801053188e+03
1.736866946928394782e+03
1.741526794411446872e+03
1.746084408712818458e+03
1.750535386295119679e+03
1.754892357396029638e+03
1.759145240553134727e+03
1.763295310154067693e+03
1.767338162661438673e+03
1.771275072462879507e+03
1.775101636021000559e+03
1.778819127723434576e+03
1.782417466107768178e+03
1.785897925561634111e+03
1.789261780472665350e+03
1.792498949378448287e+03
1.795616384591638507e+03
1.798598326724800245e+03
1.801457406015611923e+03
1.804183541001660842e+03
1.806772328145556230e+03
1.809230719759952990e+03
1.811548634382439559e+03
1.813727346400648003e+03
1.815773808127233451e+03
1.817683616024806270e+03
1.819458044480999433e+03
1.821098367883444780e+03
1.822600182694753130e+03
1.823970441227579613e+03
1.825199062019511302e+03
1.826292997383203556e+03
1.827242165856242764e+03
1.828047841826262811e+03
1.828699943830849634e+03
1.829205424182659499e+03
1.829559879344301635e+03
1.829753227853362887e+03
1.829798099947521905e+03
1.829684414164365535e+03
1.829419122816549816e+03
1.828997822366683977e+03
1.828421787202400992e+03
1.827686613786311000e+03
1.826799254431069585e+03
1.825760983524309268e+03
1.824567397528639731e+03
1.823225448756717014e+03
1.821730733671150574e+03
1.820084561312472943e+03
1.818294057257837494e+03
1.816349347962228194e+03
1.814257593655698656e+03
1.812008920793232164e+03
1.809599133754835748e+03
1.807029714845539729e+03
1.804302146370374658e+03
1.801412232709346426e+03
1.798361456167485358e+03
1.795151299049822455e+03
1.791794599511432807e+03
1.788287161932323897e+03
1.784636146542548659e+03
1.780848713572159568e+03
1.776926345326188084e+03
1.772864846184639873e+03
1.768665698452545485e+03
1.764324706509911721e+03
1.759837674736746294e+03
1.755200407513055552e+03
1.750414387143869590e+03
1.745475418009195437e+03
1.740390660339086480e+03
1.735167274363595197e+03
1.729806742387752138e+03
1.724316224641610461e+03
1.718697203430200034e+03
1.712962516908596399e+03
1.707113647381830106e+03
1.701152077154931476e+03
1.695073610607906858e+03
1.688874052120763736e+03
1.682560561923555269e+03
1.676123266471265424e+03
1.669557970143900320e+03
1.662871833171514254e+03
1.656072015784159476e+03
1.649148644436820405e+03
1.642125913134619168e+03
1.634999626257562113e+03
1.627776944035703309e+03
1.620459348774072396e+03
1.613065356552768435e+03
1.605579415901752100e+03
1.598014364976099614e+03
1.590360330230795398e+03
1.582624471895892384e+03
1.574802594351396920e+03
1.566890501977316944e+03
1.558900824299473015e+03
1.550828322551596784e+03
1.542678905188210592e+03
1.534452802738814171e+03
1.526167279507976900e+03
1.517811210175151245e+03
1.509401859044906587e+03
1.500939456646742201e+03
1.492424233510157364e+03
1.483856420164652263e+03
1.475241925064749239e+03
1.466575300814924731e+03
1.457868133794724599e+03
1.449114976608624829e+03
1.440316059786126289e+03
1.431482969706773019e+03
1.422604581050019760e+03
1.413686802270388171e+03
1.404735541822401501e+03
1.395745352310535964e+03
1.386722142189314582e+03
1.377671819913259469e+03
1.368588938086847293e+03
1.359485083089624140e+03
1.350360485451088834e+03
1.341221053625764625e+03
1.332067018143151017e+03
1.322915643307816026e+03
1.313755803799214164e+03
1.304599085996889926e+03
1.295440042505320662e+03
1.286290259704052232e+03
1.277144290197560167e+03
1.268002364515344652e+03
1.258870391111928939e+03
1.249748600516811621e+03
1.240637223259492202e+03
1.231547845719517227e+03
1.222469342576339386e+03
1.213418978134527606e+03
1.204391304998558553e+03
1.195392231622955251e+03
1.186421988537216293e+03
1.177492162120887997e+03
1.168591627053423508e+03
1.159737647639391298e+03
1.150924776483268715e+03
1.142158922039578101e+03
1.133445992762841570e+03
1.124786219182559080e+03
1.116179602976527121e+03
1.107636586265775350e+03
1.099156026469585413e+03
1.090736781007237596e+03
1.082383385223035930e+03
1.074094696536261608e+03
1.065880928216241273e+03
1.057735259757232598e+03
1.049662226503540069e+03
1.041660685874443971e+03
1.033735173214248789e+03
1.025890223867258328e+03
1.018124695252753099e+03
1.010437444790014524e+03
1.002827329898323001e+03
9.953045638470058520e+02
9.878623261303207528e+02
9.804994741675486694e+02
9.732262212280166978e+02
9.660414247310054634e+02
9.589382641707726407e+02
9.519269528166460077e+02
9.450120260129285725e+02
9.381809853288557406e+02
9.314497219587774453e+02
9.248114153969512472e+02
9.182706009876815187e+02
9.118318140752714953e+02
9.054939120790029392e+02
8.992557524181561348e+02
8.931161925120120486e+02
8.870854456298977766e+02
8.811566912660712205e+02
8.753344647648360706e+02
8.696176235454737480e+02
8.640050250272643098e+02
8.585012045545125829e+02
8.531050195464987382e+02
8.478210053475271479e+02
8.426423414518553727e+02
8.375792411288108497e+02
8.326248838726506847e+02
8.277838050276794775e+02
8.230548620131777398e+02
8.184425901734498439e+02
8.139401690027531231e+02
8.095578117704149008e+02
8.052886979706926240e+02
8.011316850228679414e+02
7.970969861962668119e+02
7.931777466832213577e+02
7.893726523933803492e+02
7.856860328594889324e+02
7.821108617642465788e+02
7.786571465654214990e+02
7.753178609457132779e+02
7.720973344378671754e+02
7.689885407245823217e+02
7.659958093386045448e+02
7.631234698126789908e+02
7.603644958295049037e+02
7.577232169218277704e+02
7.551982846973698997e+02
7.527883507638538276e+02
7.504920667290015217e+02
7.483080842005356317e+02
7.462407327112014173e+02
7.442829859436981224e+02
7.424391734307716888e+02
7.407079467801438568e+02
7.390822796745140977e+02
7.375665016466277848e+02
7.361592643042074542e+02
7.348648971799983656e+02
7.336706960316768118e+02
7.325809903919881663e+02
7.316001097936778024e+02
7.307210279194449640e+02
7.299423963770121873e+02
7.292685446991248455e+02
7.286924465684822962e+02
7.282127535928066209e+02
7.278281173798204691e+02
7.275428674622689869e+02
7.273499775228517592e+02
7.272480991692909811e+02
7.272415619343319122e+02
7.273233395006743649e+02
7.274920834760400794e+02
7.277464454681517054e+02
7.280850770847316653e+02
7.285123078585251051e+02
7.290154335472086586e+02
7.296044616085505368e+02
7.302666878002270323e+02
7.310064416549835187e+02
7.318223747805424182e+02
7.327131387846260395e+02
7.336717073499337403e+02
7.347024100092108938e+02
7.357927187476933568e+02
7.369535221609470454e+02
7.381731733720060902e+02
7.394570592789726788e+02
7.407935330048803735e+02
7.421936593728552225e+02
7.436457915059304469e+02
7.451553163022089166e+02
7.467219427347702094e+02
7.483340239266476601e+02
7.500026247009675444e+02
7.517160981807628559e+02
7.534741533391136272e+02
7.552878549991452246e+02
7.571398783588684864e+02
7.590412882414086653e+02
7.609917936198459074e+02
7.629797476172135475e+02
7.650105371316144556e+02
7.670838711361277547e+02
7.691937806788105263e+02
7.713399747327422347e+02
7.735108064209565555e+02
7.757173405665790824e+02
7.779422523676203127e+02
7.801966066472059538e+02
7.824687565283696813e+02
7.847584109841911868e+02
7.870766348377959503e+02
7.894061032871945827e+02
7.917578811555129050e+02
7.941203215657844794e+02
7.965044893411346720e+02
7.988987376045974997e+02
8.013084532542752640e+02
8.037219894132018680e+02
8.061333771294337112e+02
8.085536812260963870e+02
8.109712548262236851e+02
8.133801289778722321e+02
8.157856905791444433e+02
8.181819706780974002e+02
8.205630003227871612e+02
8.229398443363395472e+02
8.253008558417884615e+02
8.276457438122131407e+02
8.299742172206935038e+02
8.322859850403086739e+02
8.345750783191161872e+02
8.368412060301948259e+02
8.390785955571127488e+02
8.412879375505065127e+02
8.434701189965237518e+02
8.456260268813121002e+02
8.477451923409731762e+02
8.498341802866774515e+02
8.518881997795500638e+02
8.539081378057384200e+02
8.558892034263670894e+02
8.578379615526072257e+02
8.597496212455828299e+02
8.616250694914418773e+02
8.634595153513095056e+02
8.652538458113327806e+02
8.670032699326366128e+02
8.687143526263913600e+02
8.703766250286992090e+02
8.720023299757534687e+02
8.735753206786331475e+02
8.751078399735316680e+02
8.765894189965508758e+02
8.780266226588609015e+02
8.794089820965643867e+02
8.807430622208312343e+02
8.820240720927864686e+02
8.832585766236004474e+02
8.844361069493752439e+02
8.855632279812814431e+02
8.866294708554205499e+02
8.876470784079862142e+02
8.886055817750805090e+02
8.895058679428506139e+02
8.903488238974442766e+02
8.911353366250098134e+02
8.918606151866709979e+02
8.925255465685761465e+02
8.931310177568726658e+02
8.936722378126850117e+02
8.941500937221615004e+02
8.945654724714493113e+02
8.949192610466963060e+02
8.952066685090271676e+02
8.954285818445893028e+02
8.955858880395308006e+02
8.956794740799991814e+02
8.957045490271189010e+02
8.956676777920609993e+02
8.955640694359500458e+02
8.953889330199102687e+02
8.951545113801361140e+02
8.948446906105158405e+02
8.944718779612932167e+02
8.940258018654303669e+02
8.935189024559803102e+02
8.929409081659057392e+02
8.922929032782137710e+02
8.915816500009356105e+02
8.907968767670326997e+02
8.899510237095589673e+02
8.890338192614760828e+02
8.880520256308151374e+02
8.870010491755609792e+02
8.858876521037436760e+02
8.847072407733486443e+02
8.834608994673836833e+02
8.821497124688563645e+02
8.807747640607742596e+02
8.793371385261456226e+02
8.778322422229549602e+02
8.762611594342099579e+02
8.746306523679418206e+02
8.729361273821348277e+02
8.711786687597970058e+02
8.693650387089595597e+02
8.674849656625833632e+02
8.655395339036768974e+02
8.635411835652936361e+02
8.614853210054184274e+02
8.593673525820363466e+02
8.571997184282007538e+02
8.549721469768735460e+02
8.526914004360855870e+02
8.503585630888449032e+02
8.479690412931358878e+02
8.455295972569895184e+02
8.430413152634133667e+02
8.404996016703925079e+02
8.379112186859575786e+02
8.352772505931164915e+02
8.325874258248309161e+02
8.298598624391776184e+02
8.270842888691183816e+02
8.242674673226841833e+02
8.214048041578593029e+02
8.185030615826754001e+02
8.155633238801394782e+02
8.125866753332596772e+02
8.095685223000206179e+02
8.065156269884532776e+02
8.034290736815653418e+02
8.003098066650962892e+02
7.971582102357102713e+02
7.939802066178266386e+02
7.907646842607960025e+02
7.875232433140602097e+02
7.842504501519922542e+02
7.809522269990117138e+02
7.776288181545141924e+02
7.742804679178964307e+02
7.709074205885542597e+02
7.675099204658840790e+02
7.640938897743046709e+02
7.606538948881895976e+02
7.571958580319578687e+02
7.537200235050056563e+02
7.502209576817057268e+02
7.467045827864778857e+02
7.431711431187180779e+02
7.396265609028454264e+02
7.360654025132330389e+02
7.324935901743000386e+02
7.289113681854427114e+02
7.253189808460573431e+02
7.217166724555397650e+02
7.181046873132863766e+02
7.144889476437161875e+02
7.108696977462257109e+02
7.072415039951877134e+02
7.036159665400444965e+02
6.999876517551691677e+02
6.963568039399580130e+02
6.927293453188301555e+02
6.891055201911817676e+02
6.854855728564090214e+02
6.818697476139080891e+02
6.782582887630749156e+02
6.746571185283290788e+02
6.710664812090662963e+02
6.674866211046829676e+02
6.639121045895525413e+02
6.603602097381394742e+02
6.568198249997947187e+02
6.532968725989368295e+02
6.497972747599852710e+02
6.463155978573132643e+02
6.428520861903167543e+02
6.394126619834149778e+02
6.360032474610270583e+02
6.326184089975265579e+02
6.292583908923089666e+02
6.259289571964677634e+02
6.226295613427680564e+02
6.193594985906488546e+02
6.161237421245721180e+02
6.129159092789539045e+02
6.097409732382561742e+02
6.065982292619181635e+02
6.034926505344016050e+02
6.004235323151458488e+02
5.973844919385666117e+02
5.943805025891261948e+02
5.914165374512864446e+02
5.884862138594633052e+02
5.855945049981191914e+02
5.827463840517154949e+02
5.799297904296457773e+02
5.771553752413948359e+02
5.744224337464019072e+02
5.717302612041056591e+02
5.690724749489224905e+02
5.664654040153601500e+02
5.638913098877887933e+02
5.613665216007163963e+02
5.588789785635360658e+02
5.564393318857328268e+02
5.540411989017225096e+02
5.516895527959671881e+02
5.493836888279060986e+02
5.471285801820009738e+02
5.449178441926682126e+02
5.427507761193467104e+02
5.406323491464981998e+02
5.385675364585850957e+02
5.365442774650000501e+02
5.345732232752284290e+02
5.326479912236860628e+02
5.307735544948349116e+02
5.289492083481140980e+02
5.271742480429627449e+02
5.254479688388197474e+02
5.237753439201471792e+02
5.221556685463840495e+02
5.205825600519463023e+02
5.190609916212962389e+02
5.175902585138724135e+02
5.161753339141372408e+02
5.148098351565067787e+02
5.134987354254427601e+02
5.122356520553613564e+02
5.110312361557474787e+02
5.098734006260979754e+02
5.087669861013928312e+02
5.077168067067157722e+02
5.067163207171048498e+02
5.057703422576435059e+02
5.048780075283927431e+02
5.040384527294129953e+02
5.032508140607654354e+02
5.025085497974874329e+02
5.018278299147091843e+02
5.011907568374221000e+02
5.006078226157330278e+02
5.000781634497027994e+02
4.995952376143691822e+02
4.991638592348157886e+02
4.987774865860806131e+02
4.984466117182701623e+02
4.981646929064224310e+02
4.979308663505980803e+02
4.977442682508578855e+02
4.976040348072625648e+02
4.975149801448959579e+02
4.974705625387957184e+02
4.974693503965204400e+02
4.975161578431536782e+02
4.976084177012496070e+02
4.977452661708687174e+02
4.979258394520718412e+02
4.981492737449199240e+02
4.984152730419758086e+02
4.987229735433001565e+02
4.990715114489540838e+02
4.994600229589980813e+02
4.998876442734930379e+02
5.003540793850018531e+02
5.008578967010831207e+02
5.013988002142999676e+02
5.019753583322107033e+02
5.025867072548761598e+02
5.032331187673615887e+02
5.039125934847234021e+02
5.046242676070220909e+02
5.053672773343185440e+02
5.061413266591758315e+02
5.069438484041477864e+02
5.077751143542997738e+02
5.086331251246879219e+02
5.095175847078753009e+02
5.104264937189181524e+02
5.113589883578771378e+02
5.123143166647442968e+02
5.132916062467345455e+02
5.142900965509942353e+02
5.153090270246692626e+02
5.163493404924129209e+02
5.174085730238646192e+02
5.184870996511748444e+02
5.195841598214899477e+02
5.206989929819562803e+02
5.218302707872173869e+02
5.229783682694243225e+02
5.241419570832208592e+02
5.253202766757533482e+02
5.265125664941677996e+02
5.277180659856103375e+02
5.289360145972275404e+02
5.301656517761651912e+02
5.314062169695696412e+02
5.326569496245872415e+02
5.339165213958615368e+02
5.351847395230413440e+02
5.364608434532726733e+02
5.377429370486971720e+02
5.390308275489632024e+02
5.403231866087149911e+02
5.416192536750983209e+02
5.429182681952597704e+02
5.442189018238429981e+02
5.455198262154918893e+02
5.468208486098549201e+02
5.481206406615760898e+02
5.494173062327969319e+02
5.507112203556683880e+02
5.520004868923317645e+02
5.532837774974312879e+02
5.545608994106149794e+02
5.558299564940248274e+02
5.570907559873093078e+02
5.583414017526097268e+02
5.595805654445704249e+02
5.608080543028394231e+02
5.620219721895585963e+02
5.632215585518740681e+02
5.644049172519273725e+02
5.655718555293669851e+02
5.667204772463347808e+02
5.678500218499765424e+02
5.689585932024340309e+02
5.700459985433558359e+02
5.711103417348834910e+02
5.721509895180719241e+02
5.731672500171093816e+02
5.741602620275998561e+02
5.751237830426169921e+02
5.760663331602950166e+02
5.769828054587121642e+02
5.778737709409704166e+02
5.787398006101710735e+02
5.795757875443928242e+02
5.803823027467370821e+02
5.811599172203058288e+02
5.819148798932233149e+02
5.826364059185452788e+02
5.833307442243963123e+02
5.839984658138779423e+02
5.846287858400459072e+02
5.852336311560476361e+02
5.858078948399618184e+02
5.863464699698671438e+02
5.868612833989109276e+02
5.873358723551259573e+02
5.877821636916598891e+02
5.881950504865911853e+02
5.885751037430214865e+02
5.889172165390293685e+02
5.892276378027394230e+02
5.895069385372534043e+02
5.897500118206496609e+02
5.899574286560298333e+02
5.901240821214727248e+02
5.902618990701256507e+02
5.903600946550445769e+02
5.904192398793306893e+02
5.904399057460858558e+02
5.904283411834345543e+02
5.903794392694553608e+02
5.902880930822269647e+02
5.901605515498738441e+02
5.899917077504746885e+02
5.897878106121540895e+02
5.895437532129907368e+02
5.892601065560859297e+02
5.889431195695646011e+02
5.885820074064820346e+02
5.881773410699400984e+02
5.877353694880632702e+02
5.872566636639531907e+02
5.867304387506653711e+02
5.861686216013474677e+02
5.855604273690549917e+02
5.849178065941231353e+02
5.842300928655442931e+02
5.835036772345679310e+02
5.827392728274196543e+02
5.819319148453027992e+02
5.810823164144433122e+02
5.801911906610674805e+02
5.792649286364242016e+02
5.782928876166932923e+02
5.772871365781472832e+02
5.762370327969659911e+02
5.751489673243985408e+02
5.740179753616479275e+02
5.728504479599633896e+02
5.716414203205475815e+02
5.703972834946501962e+02
5.691130726834737743e+02
5.677951789382675543e+02
5.664386374602348724e+02
5.650441613756013339e+02
5.636124638105933400e+02
5.621442578914366095e+02
5.606459346693807220e+02
5.591068514206053806e+02
5.575333991963595963e+02
5.559262911228696566e+02
5.542805624013386705e+02
5.526026040830154216e+02
5.508931292941261972e+02
5.491528511608969438e+02
5.473768048845308840e+02
5.455713815162769151e+02
5.437316162573381462e+02
5.418639001589638156e+02
5.399632684223566912e+02
5.380361120987661252e+02
5.360774663893949992e+02
5.340880444204696005e+02
5.320742372432384855e+02
5.300367579839283962e+02
5.279706418437421007e+02
5.258766019489055452e+02
5.237553514256449034e+02
5.216132813252091864e+02
5.194454268488016169e+02
5.172525011226481411e+02
5.150408951979978838e+02
5.128056442760538403e+02
5.105474614830421842e+02
5.082727378702118699e+02
5.059821003039947982e+02
5.036701526866222594e+02
5.013370905855543924e+02
4.989887874932744580e+02
4.966254389772428226e+02
4.942472406049192273e+02
4.918543879437639816e+02
4.894413986362144442e+02
4.870141461747533072e+02
4.845728261268410506e+02
4.821176340599376999e+02
4.796487655415036215e+02
4.771664161389986702e+02
4.746707814198831556e+02
4.721620569516172168e+02
4.696461162266839438e+02
4.671174768875205245e+02
4.645820124266102198e+02
4.620342404863899333e+02
4.594743566343199745e+02
4.569139122879063848e+02
4.543417471645635715e+02
4.517580568317513325e+02
4.491743927069761639e+02
4.465795945076519615e+02
4.439852136512848801e+02
4.413857677803122215e+02
4.387814524621940677e+02
4.361781411894136227e+02
4.335703516044079038e+02
4.309639571996601148e+02
4.283534756176073870e+02
4.257447803507329809e+02
4.231437448915199866e+02
4.205392089573825842e+02
4.179427239658268718e+02
4.153431296342669725e+02
4.127519773802089276e+02
4.101694627711132171e+02
4.075872644869052692e+02
4.050140949825798202e+02
4.024490142405923621e+02
3.998927856209052720e+02
3.973456046909788029e+02
3.948088026032776838e+02
3.922831427177644628e+02
3.897699561869038121e+02
3.872694385781556434e+02
3.847829210439851977e+02
3.823111669443545111e+02
3.798548376607438968e+02
3.774153222457086372e+02
3.749916366033127133e+02
3.725845000151265936e+02
3.701946317627212579e+02
3.678216155426628120e+02
3.654656028440194859e+02
3.631273129483622597e+02
3.608068973447594772e+02
3.585045075222795390e+02
3.562202949699909595e+02
3.539561145544689680e+02
3.517109821797774885e+02
3.494861849199895687e+02
3.472824420566758477e+02
3.450993372864024877e+02
3.429375898907402416e+02
3.407979191512598049e+02
3.386799087645275108e+02
3.365842780121139413e+02
3.345111783830875538e+02
3.324607613665165786e+02
3.304331784514698711e+02
3.284291489195177292e+02
3.264488242597288945e+02
3.244929237536739492e+02
3.225610310979191695e+02
3.206538655740351373e+02
3.187721464635926054e+02
3.169154574631578498e+02
3.150845178543015095e+02
3.132789113335896332e+02
3.114999249750953823e+02
3.097471424753848055e+02
3.080207153235264741e+02
3.063213628010909702e+02
3.046481008121422178e+02
3.030027842232554462e+02
3.013849967309969884e+02
2.997948898244350744e+02
2.982326149926382186e+02
2.966994593096795825e+02
2.951944386796227491e+02
2.937188401765409367e+02
2.922716797044979558e+02
2.908542443375667403e+02
2.894666855648158048e+02
2.881080192903090165e+02
2.867795325881193662e+02
2.854808091548129596e+02
2.842119763545036903e+02
2.829730650514870831e+02
2.817646497776065644e+02
2.805856016871985048e+02
2.794364953121060466e+02
2.783173373916704350e+02
2.772281346652324601e+02
2.761688938721332534e+02
2.751396217517137757e+02
2.741397572508126927e+02
2.731693071087709654e+02
2.722288458574320771e+02
2.713172446511323415e+02
2.704356458142173096e+02
2.695829205010234091e+02
2.687596432433939526e+02
2.679646851956654245e+02
2.671986208896809103e+02
2.664614570647815981e+02
2.657520648753038586e+02
2.650715866455932428e+02
2.644183257374838831e+02
2.637928566828190355e+02
2.631951862209398314e+02
2.626247532986848228e+02
2.620809968628927891e+02
2.615644914454069863e+02
2.610746759930661369e+02
2.606115572452113156e+02
2.601740063561788361e+02
2.597625978578120680e+02
2.593767706969496203e+02
2.590159638204301586e+02
2.586796161750925194e+02
2.583671667077753682e+02
2.580791899503220179e+02
2.578145570570687823e+02
2.575727069748543840e+02
2.573536464430198976e+02
2.571568144084039886e+02
2.569816498178453230e+02
2.568281594106849752e+02
2.566952143412592591e+02
2.565828213489091922e+02
2.564904193804736110e+02
2.564168795902887155e+02
2.563627765101979321e+02
2.563269812945376316e+02
2.563083650976440708e+02
2.563080702438630851e+02
2.563238938934965176e+02
2.563561507407357567e+02
2.564046492782401856e+02
2.564691979986690171e+02
2.565496053946816346e+02
2.566451121664350126e+02
2.567560945990907157e+02
2.568817933928057755e+02
2.570220170402394615e+02
2.571765740340511002e+02
2.573452728669000180e+02
2.575279220314453710e+02
2.577237622278443041e+02
2.579326019487560302e+02
2.581542496868398189e+02
2.583885139347551103e+02
2.586346353926587653e+02
2.588924225532101104e+02
2.591611161165661770e+02
2.594405245753861777e+02
2.597304564223294960e+02
2.600301523575530496e+02
2.603394208737162216e+02
2.606575026709759300e+02
2.609842062419915010e+02
2.613193400794222612e+02
2.616615770909228331e+02
2.620112935616548953e+02
2.623677301917753653e+02
2.627301276814412745e+02
2.630982945233118926e+02
2.634714714175443078e+02
2.638488990642953809e+02
2.642309537487267903e+02
2.646163083784931587e+02
2.650042036537515742e+02
2.653950158596636015e+02
2.657874179038838633e+02
2.661812182790717429e+02
2.665756576853842148e+02
2.669699768229782535e+02
2.673639841845131286e+02
2.677569204701459284e+02
2.681485941725358089e+02
2.685376781993375630e+02
2.689239810432105173e+02
2.693067434043115895e+02
2.696852059827977541e+02
2.700591772713283945e+02
2.704273301775581331e+02
2.707895508546153565e+02
2.711460360975048616e+02
2.714953569841936201e+02
2.718389235551600223e+02
2.721753068883710966e+02
2.725042136467983482e+02
2.728264860784179291e+02
2.731412630536990491e+02
2.734488190281157358e+02
2.737482928721371422e+02
2.740399590412370117e+02
2.743229564058847814e+02
2.745981272140565466e+02
2.748646103362214603e+02
2.751221124353511982e+02
2.753703401744172652e+02
2.756095680088935183e+02
2.758395026017515761e+02
2.760592828234605918e+02
2.762691831294944791e+02
2.764689101828247431e+02
2.766581706464230592e+02
2.768366711832608758e+02
2.770046862488120496e+02
2.771613547135458475e+02
2.773069510329361265e+02
2.774411818699545051e+02
2.775643216800747837e+02
2.776749415412639337e+02
2.777733159089957553e+02
2.778602870312464006e+02
2.779338581934806598e+02
2.779948716436744576e+02
2.780430340447996400e+02
2.780780520598275416e+02
2.780996323517297810e+02
2.781074815834779201e+02
2.781018742105458159e+02
2.780825168959050302e+02
2.780485485100247161e+02
2.780002435083789578e+02
2.779378763464413851e+02
2.778600181021790831e+02
2.777680788160703855e+02
2.776600617735800824e+02
2.775373770151866211e+02
2.773991634113590976e+02
2.772445598325669494e+02
2.770744085267862715e+02
2.768884161569885691e+02
2.766863116355453940e+02
2.764679128724281441e+02
2.762336278195104455e+02
2.759832966361637432e+02
2.757173272742615495e+02
2.754349921006730142e+02
2.751366990672717066e+02
2.748222883334290145e+02
2.744927356435209731e+02
2.741467455719141526e+02
2.737852938629847017e+02
2.734076528836014859e+02
2.730142305856383587e+02
2.726054349209687757e+02
2.721811060489641818e+02
2.717416519214982031e+02
2.712863449054398757e+02
2.708155929526629393e+02
2.703303718075432585e+02
2.698293860444476309e+02
2.693141792002542729e+02
2.687840236418322206e+02
2.682387595285528619e+02
2.676799303972945268e+02
2.671062408224237856e+02
2.665180987558143784e+02
2.659164799418422831e+02
2.653006567473765358e+02
2.646710371242908195e+02
2.640280290244586467e+02
2.633714726072515759e+02
2.627017758245431196e+02
2.620187788357045520e+02
2.613228895926097834e+02
2.606139482546298609e+02
2.598934983586433418e+02
2.591608122715190348e+02
2.584162979451306796e+02
2.576603633313519595e+02
2.568934163820565004e+02
2.561158650491179856e+02
2.553275494919076891e+02
2.545288776622992657e+02
2.537196897196641601e+02
2.529015292008805602e+02
2.520731006803152070e+02
2.512353799023441070e+02
2.503893426113431531e+02
2.495336933816791429e+02
2.486705435427326165e+02
2.477991232413178295e+02
2.469201971215367166e+02
2.460339198149342224e+02
2.451398781605528541e+02
2.442382267899374710e+02
2.433296881271353413e+02
2.424138490111890576e+02
2.414908640736433938e+02
2.405608879460432661e+02
2.396246430524359141e+02
2.386817162318638168e+02
2.377322621158718334e+02
2.367770031285072605e+02
2.358155261088126338e+02
2.348491212733374311e+02
2.338773754611241884e+02
2.329004433037177932e+02
2.319190472251654569e+02
2.309333418570120386e+02
2.299434818308024262e+02
2.289496217780814789e+02
2.279519163303940559e+02
2.269510879117873969e+02
2.259467233613040094e+02
2.249401128954934563e+02
2.239302755608959501e+02
2.229185015740609401e+02
2.219049455665333994e+02
2.208891943773558353e+02
2.198725382230777541e+02
2.188545639427417200e+02
2.178359939603948590e+02
2.168169829075821440e+02
2.157982532083507863e+02
2.147793917017432364e+02
2.137616886043090005e+02
2.127452985475929950e+02
2.117298083706378122e+02
2.107165082899929018e+02
2.097055529372030946e+02
2.086965291513110685e+02
2.076907271488662730e+02
2.066883015614135388e+02
2.056888392279954303e+02
2.046936303651614821e+02
2.037022618119542869e+02
2.027160237849232942e+02
2.017345031231110113e+02
2.007589900430670582e+02
1.997890713838338854e+02
1.988259804832709960e+02
1.978695875794722951e+02
1.969197060318419403e+02
1.959767169922862706e+02
1.950410016127114545e+02
1.941123732525216496e+02
1.931906452711206725e+02
1.922761988204150327e+02
1.913688472598085752e+02
1.904689717412076106e+02
1.895763856240162681e+02
1.886914700601407731e+02
1.878140384089850841e+02
1.869444718224555970e+02
1.860831514524585373e+02
1.852298906583979772e+02
1.843850705921801136e+02
1.835485046132090474e+02
1.827205738733910891e+02
1.819010917321301690e+02
1.810904393413326261e+02
1.802889978529047710e+02
1.794960128337482956e+02
1.787118654357694822e+02
1.779375046033770218e+02
1.771721759034725210e+02
1.764162604879623188e+02
1.756701395087526691e+02
1.749341941177499393e+02
1.742076698818558214e+02
1.734920835379812445e+02
1.727866806530278723e+02
1.720918423789020153e+02
1.714073820750076891e+02
1.707336808932511474e+02
1.700711199855387576e+02
1.694189449187722118e+02
1.687781046373600873e+02
1.681478447082041043e+02
1.675291140757128119e+02
1.669217260992902823e+02
1.663254941383405026e+02
1.657413671372721069e+02
1.651685906629867020e+02
1.646075458673907121e+02
1.640586139023903343e+02
1.635221759198919358e+02
1.629969096942949136e+02
1.624843319625101117e+02
1.619836882914393072e+02
1.614953415904564338e+02
1.610195817988060583e+02
1.605555450281958088e+02
1.601040707678401702e+02
1.596648629219491511e+02
1.592381931872349412e+02
1.588231976754051118e+02
1.584207158756742899e+02
1.580298838997499900e+02
1.576521090293491341e+02
1.572853917911747317e+02
1.569311394669435344e+02
1.565890559608655224e+02
1.562588451771506470e+02
1.559402110200088032e+02
1.556328573936499424e+02
1.553376237872885213e+02
1.550542141051345482e+02
1.547817644588955659e+02
1.545211143377862015e+02
1.542719676460162646e+02
1.540334604952934683e+02
1.538064323748323545e+02
1.535900193963404661e+02
1.533850610490323447e+02
1.531906934446157038e+02
1.530071882798026479e+02
1.528342494588031855e+02
1.526715808858272112e+02
1.525188864650846483e+02
1.523770056857900101e+02
1.522450746596509816e+02
1.521227972908774291e+02
1.520098774836793041e+02
1.519065869347687965e+02
1.518131973408582098e+02
1.517282770211527634e+02
1.516526654648670558e+02
1.515854987837086867e+02
1.515270486743899028e+02
1.514770190411206272e+02
1.514356815806130214e+02
1.514021724045748272e+02
1.513761954172158539e+02
1.513580223152483768e+02
1.513473570028823474e+02
1.513439033843276320e+02
1.513473653637942107e+02
1.513574468454919781e+02
1.513744195261331811e+02
1.513968808906406593e+02
1.514258162568166597e+02
1.514605367306741641e+02
1.515014890032305743e+02
1.515479841804988439e+02
1.516004689534964598e+02
1.516582544282363187e+02
1.517212195032336695e+02
1.517903786620082656e+02
1.518644752180706519e+02
1.519433880699361623e+02
1.520275639086221986e+02
1.521163138401416575e+02
1.522095167630098160e+02
1.523076193682441613e+02
1.524099327618575046e+02
1.525163358423651232e+02
1.526267075082822373e+02
1.527414944506262486e+02
1.528594399829079009e+02
1.529809907961445674e+02
1.531060257888514968e+02
1.532338560670415859e+02
1.533654961142346167e+02
1.534991214514389526e+02
1.536351787696720805e+02
1.537741147599514306e+02
1.539146727357876330e+02
1.540572993881982029e+02
1.542018736156983607e+02
1.543477065243009747e+02
1.544941092200189701e+02
1.546420961863721288e+02
1.547904107368709958e+02
1.549394995625332285e+02
1.550886737693715247e+02
1.552378122559012468e+02
1.553867939206375866e+02
1.555349298695932987e+02
1.556820990012837171e+02
1.558281802142240622e+02
1.559730524069294120e+02
1.561165944779150436e+02
1.562575497406915304e+02
1.563963648862764160e+02
1.565329188131848355e+02
1.566665226274297709e+02
1.567970552275263572e+02
1.569238277194875195e+02
1.570467190018283929e+02
1.571662177356394068e+02
1.572812770847949650e+02
1.573920277682470896e+02
1.574986005049476603e+02
1.576011260138486421e+02
1.576991672213996480e+02
1.577928548465525864e+02
1.578823196082594222e+02
1.579671244329697970e+02
1.580474000396355905e+02
1.581232771472088245e+02
1.581937508896367035e+02
1.582600875708758679e+02
1.583212823248736356e+02
1.583768980780795346e+02
1.584282011344502052e+02
1.584741866279329656e+02
1.585144174849774288e+02
1.585501600095400931e+02
1.585798415430660384e+02
1.586041605970094679e+02
1.586232478903223182e+02
1.586360985569519073e+02
1.586434111083525238e+02
1.586453162634760758e+02
1.586408091562698246e+02
1.586300205056857919e+02
1.586130810306758292e+02
1.585895536576896347e+02
1.585601368981814119e+02
1.585238258860985070e+02
1.584813191328951234e+02
1.584321795650209026e+02
1.583759701089254861e+02
1.583133892760631340e+02
1.582434322003811076e+02
1.581667973933336668e+02
1.580830477813704533e+02
1.579917462909410801e+02
1.578935914334998358e+02
1.577881461354962482e+02
1.576749733233800441e+02
1.575536359236008366e+02
1.574254002401151240e+02
1.572886936143679293e+02
1.571447823503158361e+02
1.569926615819061340e+02
1.568318942355884644e+02
1.566637466153193543e+02
1.564866460625438265e+02
1.563018741261022342e+02
1.561085021643606581e+02
1.559067523655736238e+02
1.556968469179956287e+02
1.554790080098811700e+02
1.552528900369825067e+02
1.550181473950518409e+02
1.547755700648459367e+02
1.545248124421170530e+02
1.542660967151196303e+02
1.539990772796059275e+02
1.537239763238304135e+02
1.534404482435453758e+02
1.531492830195075214e+02
1.528501350474691662e+02
1.525426587231824271e+02
1.522282118199064485e+02
1.519053131483887853e+02
1.515753204818886672e+02
1.512373204236559161e+02
1.508921029544473527e+02
1.505398902625174742e+02
1.501797689511161877e+02
1.498125290010003425e+02
1.494383926004244358e+02
1.490564463526383179e+02
1.486674802383988663e+02
1.482717164459605783e+02
1.478688093710756561e+02
1.474589812019985402e+02
1.470430219194861365e+02
1.466200181267882954e+02
1.461901920121595424e+02
1.457543335563567268e+02
1.453120971551319656e+02
1.448637049967398696e+02
1.444088114769325557e+02
1.439482065764669017e+02
1.434815446910951096e+02
1.430090480090716198e+02
1.425303709261487199e+02
1.420463034230832022e+02
1.415570676881295071e+02
1.410623181170398937e+02
1.405628446905712110e+02
1.400583018044756329e+02
1.395483438545053332e+02
1.390343286139194845e+02
1.385159104784702322e+02
1.379933116364121304e+02
1.374661669076882333e+02
1.369351683940095086e+02
1.363998530362732140e+02
1.358603255678789026e+02
1.353166907222261841e+02
1.347696210252167930e+02
1.342180856252457204e+02
1.336633248407171664e+02
1.331043078200260368e+02
1.325422748815764749e+02
1.319761951737634433e+02
1.314073090149910854e+02
1.308345855536543638e+02
1.302586973156550698e+02
1.296803168268951083e+02
1.290984132357694421e+02
1.285136590681798339e+02
1.279267268500282455e+02
1.273365857297095260e+02
1.267444760256278897e+02
1.261499346786805233e+02
1.255524986297647132e+02
1.249534081972846309e+02
1.243522003221375059e+02
1.237495475302251577e+02
1.231444189699425635e+02
1.225380549596938806e+02
1.219299924403763100e+02
1.213209039378917566e+02
1.207108941856397024e+02
1.201000679170197714e+02
1.194885298654314738e+02
1.188763847642743769e+02
1.182637373469479911e+02
1.176518279318564879e+02
1.170390578748925634e+02
1.164266674944602471e+02
1.158153293164615292e+02
1.152040124892912161e+02
1.145933895388512553e+02
1.139835651985411999e+02
1.133746442017604892e+02
1.127672990744111416e+02
1.121616345498925682e+02
1.115571875691020836e+02
1.109551984504438025e+02
1.103552041348149686e+02
1.097573093556151491e+02
1.091621866387462205e+02
1.085693729251053838e+02
1.079795098801466366e+02
1.073925479350300378e+02
1.068084066604678242e+02
1.062270056271722467e+02
1.056488321983577521e+02
1.050732381522343104e+02
1.045012786445187061e+02
1.039317376609185999e+02
1.033662381496530571e+02
1.028035640964296817e+02
1.022447706569653576e+02
1.016892096094699554e+02
1.011373683171579643e+02
1.005885985582393829e+02
1.000439554884309246e+02
9.950279088594255938e+01
9.896559211398883349e+01
9.843171095077958910e+01
9.790220255203171007e+01
9.737585090345277195e+01
9.685427895326189685e+01
9.633627068716667452e+01
9.582231346838166530e+01
9.531346245262369621e+01
9.480793383309800504e+01
9.430735055802378497e+01
9.381106440561093507e+01
9.331956273907393040e+01
9.283276512912500777e+01
9.235002335397410889e+01
9.187239256933800391e+01
9.139922455342667718e+01
9.093100666945454691e+01
9.046765848813390676e+01
9.000966737267927442e+01
8.955695289380280144e+01
8.910886682971442951e+01
8.866646433613102829e+01
8.822966498376474931e+01
8.779838834332780095e+01
8.737255398553244845e+01
8.695264927359316687e+01
8.653802598571991211e+01
8.612973927762946857e+01
8.572714092753174953e+01
8.533015050613897756e+01
8.493925537666568459e+01
8.455437510982409322e+01
8.417599706882866428e+01
8.380347303188933950e+01
8.343727711756605459e+01
8.307726267329805125e+01
8.272383759437225592e+01
8.237627419107096216e+01
8.203554815118349097e+01
8.170036399248982661e+01
8.137169740277924745e+01
8.104938848483638481e+01
8.073270954894354645e+01
8.042263628288996813e+01
8.011844099695805710e+01
7.982053158643468294e+01
7.952874815410450537e+01
7.924293080275219836e+01
7.896291963516235057e+01
7.868912254662193106e+01
7.842137963991558536e+01
7.815953101782794477e+01
7.790341678314362639e+01
7.765344483114959928e+01
7.740888747212818544e+01
7.717072039386864901e+01
7.693821590665329779e+01
7.671178190576910083e+01
7.649125849400067523e+01
7.627648577413268072e+01
7.606730384894973440e+01
7.586355282123649602e+01
7.566564058627989198e+01
7.547340724686458202e+01
7.528612511327285972e+01
7.510476987329401766e+01
7.492861383721034940e+01
7.475806490030883822e+01
7.459239537287180610e+01
7.443201315018617947e+01
7.427732612753892738e+01
7.412703882271006250e+01
7.398212692348882058e+01
7.384243053265986134e+01
7.370722196050552100e+01
7.357690910231274017e+01
7.345133206086612176e+01
7.332976314644804461e+01
7.321317804684774444e+01
7.310141686484986678e+01
7.299375191073673363e+01
7.289002328729299052e+01
7.279063888980557806e+01
7.269543882105911337e+01
7.260427519176047895e+01
7.251704814430522106e+01
7.243366982901108031e+01
7.235462018869819190e+01
7.227924358118200132e+01
7.220745215678026341e+01
7.213972585831307072e+01
7.207540904359586875e+01
7.201498165544879271e+01
7.195835584418954056e+01
7.190487596763361466e+01
7.185502196860110757e+01
7.180870599740974569e+01
7.176584020437732647e+01
7.172576894731932384e+01
7.168953996155809705e+01
7.165649760490916265e+01
7.162655402769021862e+01
7.159905358771676731e+01
7.157504402031119639e+01
7.155386968328897979e+01
7.153544272696785811e+01
7.152024309416792391e+01
7.150704735020235603e+01
7.149690323039351370e+01
7.148858730005456152e+01
7.148314729450790139e+01
7.147992757156897881e+01
7.147827248905323927e+01
7.147922978228312729e+01
7.148214380907404575e+01
7.148692671974379209e+01
7.149292287210782604e+01
7.150118000148856368e+01
7.151047467319912698e+01
7.152185462256190362e+01
7.153409641489007242e+01
7.154767999300368331e+01
7.156194971471822441e+01
7.157795331535608341e+01
7.159389956772807295e+01
7.161083620715665177e+01
7.162867538395951783e+01
7.164676145595217349e+01
7.166500657345238778e+01
7.168332288677792974e+01
7.170162254624656839e+01
7.171981770217605856e+01
7.173782050488419770e+01
7.175554310468876906e+01
7.177291928829374967e+01
7.178940159544579558e+01
7.180503199478016541e+01
7.182042024743432762e+01
7.183447273703886538e+01
7.184836701723365593e+01
7.186157726415153491e+01
7.187414544642774672e+01
7.188554574019518384e+01
7.189638790659134315e+01
7.190671391425141223e+01
7.191599793930835460e+01
7.192371415789503430e+01
7.193104012365125755e+01
7.193745001270994521e+01
7.194298579370628488e+01
7.194712164277318323e+01
7.194989952854584203e+01
7.195192921216180082e+01
7.195268486975393785e+01
7.195220846995745489e+01
7.195054198140755375e+01
7.194772737273946461e+01
7.194323882008605153e+01
7.193711829208255892e+01
7.192997554986648368e+01
7.192071697706840894e+01
7.190995233482584581e+01
7.189772359177402450e+01
7.188407271654814679e+01
7.186847388528107672e+01
7.185096906660805871e+01
7.183103243666198523e+01
7.180984154908264827e+01
7.178630278750068783e+01
7.176102591305357237e+01
7.173348510187423699e+01
7.170372232259785505e+01
7.167177954385964256e+01
7.163769873429484392e+01
7.160095407003630896e+01
7.156215531222154880e+01
7.152077663698349852e+01
7.147686001295734570e+01
7.143044740877829213e+01
7.138101300057925869e+01
7.132916654949774227e+01
7.127438223166663533e+01
7.121726980822346320e+01
7.115673566279880902e+01
7.109340033140890114e+01
7.102735965708242816e+01
7.095758467272221992e+01
7.088588537374255338e+01
7.081066500054399171e+01
7.073259796353620743e+01
7.065179088062659218e+01
7.056778257722031356e+01
7.048067967122473476e+01
7.039115657304959939e+01
7.029875210809997554e+01
7.020300510178101661e+01
7.010458996450239511e+01
7.000361331417154531e+01
6.989961397619357797e+01
6.979269856847589892e+01
6.968297370892591402e+01
6.957054601545102912e+01
6.945495431345636916e+01
6.933687301335163511e+01
6.921584094054193770e+01
6.909196471293468278e+01
6.896591874093958552e+01
6.883667405745944734e+01
6.870490507290401183e+01
6.857015061267834710e+01
6.843308508719219674e+01
6.829324732185062885e+01
6.815131172706338702e+01
6.800624933573328690e+01
6.785873455827000100e+01
6.770887401258099203e+01
6.755677431657362320e+01
6.740197429565303366e+01
6.724458056772664349e+01
6.708469975070180169e+01
6.692300625498829447e+01
6.675847111348886642e+01
6.659176873661328955e+01
6.642300574226894128e+01
6.625172095586091814e+01
6.607858878779896372e+01
6.590314806348816035e+01
6.572550540083591386e+01
6.554576741774967275e+01
6.536460852463910953e+01
6.518099975440706828e+01
6.499561551746323573e+01
6.480799463921270842e+01
6.461881153006522993e+01
6.442816615043281558e+01
6.423556403824372296e+01
6.404107186643308580e+01
6.384475630793610179e+01
6.364725182819022109e+01
6.344748951512600144e+01
6.324667162668323073e+01
6.304372925079244538e+01
6.283986464539342620e+01
6.263400889841673802e+01
6.242679647529985232e+01
6.221772625647561483e+01
6.200743270738149704e+01
6.179541470845038731e+01
6.158230672511972159e+01
6.136817543032466205e+01
6.115195191199581615e+01
6.093483842807289363e+01
6.071690165149108509e+01
6.049707267018098378e+01
6.027655374208232075e+01
6.005484374762794886e+01
5.983257715225537510e+01
5.960868504389512879e+01
5.938436968048698361e+01
5.915912994246381373e+01
5.893246471025847910e+01
5.870557624181073919e+01
5.847796341755347527e+01
5.825026070292415170e+01
5.802139918585331202e+01
5.779201333177843480e+01
5.756216981363467511e+01
5.733193530435722352e+01
5.710194426938353018e+01
5.687112779664415285e+01
5.664012035157656300e+01
5.640955639961823209e+01
5.617893482120200588e+01
5.594775449676077983e+01
5.571721768423429921e+01
5.548739105655771198e+01
5.525720570166163270e+01
5.502786387748579244e+01
5.479886446446305115e+01
5.457084192803088740e+01
5.434329514862216826e+01
5.411629079917204876e+01
5.389046334511801462e+01
5.366531166689290444e+01
5.344088695743461415e+01
5.321831407469648667e+01
5.299586343412305922e+01
5.277521220617267517e+01
5.255519859879223077e+01
5.233636419743543655e+01
5.211868279505375767e+01
5.190156039209633576e+01
5.168610636651926882e+01
5.147115892626933231e+01
5.125782744930266688e+01
5.104495014356604088e+01
5.083363638701557363e+01
5.062329218010037124e+01
5.041389131577190597e+01
5.020597537948394518e+01
4.999895037168560208e+01
4.979335787783066536e+01
4.958860389836827665e+01
4.938579781125448420e+01
4.918377782443614166e+01
4.898308552336700217e+01
4.878426249350082600e+01
4.858614694278445256e+01
4.838984824917393723e+01
4.819477241311843585e+01
4.800089322756940646e+01
4.780875227798058091e+01
4.761832335730345278e+01
4.742901246598712817e+01
4.724136118948539576e+01
4.705534332074967097e+01
4.687093265273143317e+01
4.668867077088444262e+01
4.650739588315552453e+01
4.632821736750075559e+01
4.615054122436927742e+01
4.597490903921482897e+01
4.580072681248658739e+01
4.562853612963830585e+01
4.545831078362141398e+01
4.529002456738737692e+01
4.512308348138534342e+01
4.495859690357136884e+01
4.479653862689691124e+01
4.463574685930882424e+01
4.447789877126544411e+01
4.432183257071365290e+01
4.416752205060485892e+01
4.401607658889515307e+01
4.386632929853496421e+01
4.371936408249828077e+01
4.357398857875352149e+01
4.343128159527824295e+01
4.329061856254315188e+01
4.315251049602355238e+01
4.301690061869241788e+01
4.288316436102043383e+01
4.275124494598057368e+01
4.262222118155047212e+01
4.249546849820078620e+01
4.237036232640221556e+01
4.224854926663465449e+01
4.212826916436416980e+01
4.201060082756838199e+01
4.189491968671795519e+01
4.178173675728820768e+01
4.167099526225210582e+01
4.156263842458263724e+01
4.145604167475050872e+01
4.135228382073330522e+01
4.125074029300169798e+01
4.115135431452871018e+01
4.105406910828729394e+01
4.095939568975276046e+01
4.086670948939580938e+01
4.077652152269170927e+01
4.068877501261344776e+01
4.060341318213404804e+01
4.051981146172416004e+01
4.043904865936139004e+01
4.036050020551642348e+01
4.028410932316226933e+01
4.020981923527189394e+01
4.013814095732059428e+01
4.006901771228135090e+01
4.000182493062487765e+01
3.993707362782643600e+01
3.987413923435673979e+01
3.981353276569107180e+01
3.975576523730470058e+01
3.969964428716605198e+01
3.964568093075038036e+01
3.959410228728184933e+01
3.954462446273252851e+01
3.949736101782607278e+01
3.945219839628527581e+01
3.940919337958355584e+01
3.936823241144369234e+01
3.932937227333912489e+01
