# d_a
0.000000000000000000e+00
3.798999484858094320e+02
6.787909299218528076e+02
9.151673398186408122e+02
1.102592748826192519e+03
1.251267725100307189e+03
1.369010400870921785e+03
1.461899015053849553e+03
1.534710915676934064e+03
1.591233291464336844e+03
1.634489439679126463e+03
1.666907174979106003e+03
1.690446266722476139e+03
1.706696088809013418e+03
1.716951172532583769e+03
1.722270116940165508e+03
1.723521820080596626e+03
1.721421964286010279e+03
1.716561956196536585e+03
1.709431989966910805e+03
1.700439508858192994e+03
1.689924046302269517e+03
1.678169205479860693e+03
1.665412367579814145e+03
1.651852589699860573e+03
1.637657053978155773e+03
1.622966352766744649e+03
1.607898835081295147e+03
1.592554193143694192e+03
1.577016431526499900e+03
1.561356332899528297e+03
