# d_c
0.000000000000000000e+00
4.178899433343904093e+02
8.145491159062232782e+02
1.189717541764233147e+03
1.543629848356669299e+03
1.876901587650460897e+03
2.190416641393474947e+03
2.485228325591544490e+03
2.762479648218481543e+03
3.023343253782240026e+03
3.268978879358252925e+03
3.500505067456122561e+03
3.718981786789447597e+03
3.925401004260730588e+03
4.120682814078201773e+03
4.305675292350413656e+03
4.481156732209551592e+03
4.647839303572228346e+03
4.806373477350301982e+03
4.957352770904041790e+03
5.101318526574578755e+03
5.238764543537035934e+03
5.370141457535554764e+03
5.495860813013387087e+03
5.616298804979526722e+03
5.731799688923545546e+03
5.842678869960281190e+03
5.949225689800792679e+03
6.051705933946038385e+03
6.150364082953350589e+03
6.245425331598113189e+03
