# d_l
0.000000000000000000e+00
4.596789376678294730e+02
9.774589390874679111e+02
1.546632804293503114e+03
2.161081787699336928e+03
2.815352381475691345e+03
3.504666626229560279e+03
4.224888153505626178e+03
4.972463366793266687e+03
5.744352182186255959e+03
6.537957758716505850e+03
7.351060641657857559e+03
8.181759930936785167e+03
9.028422309799680079e+03
9.889638753787685346e+03
1.076418823087603414e+04
1.165100750374483505e+04
1.254916611964501681e+04
1.345784573658084446e+04
1.437632303562172274e+04
1.530395557972373717e+04
1.624017008496481139e+04
1.718445266411377452e+04
1.813634068294417739e+04
1.909541593693039249e+04
2.006129891123241032e+04
2.103364393185701192e+04
2.201213505226293273e+04
2.299648254899494714e+04
2.398641992351807130e+04
2.498170132639245276e+04
