# d_v
0.000000000000000000e+00
4.143515445141546252e+02
8.000510756022456462e+02
1.156702978126328162e+03
1.484826235561106387e+03
1.785614736022186207e+03
2.060704082175822350e+03
2.311974000332871128e+03
2.541396913413667789e+03
2.750931327996429445e+03
2.942452863528804301e+03
3.117714084115665628e+03
3.278324880442581616e+03
3.425746655447437206e+03
3.561295230929158151e+03
3.686148861318973104e+03
3.801358902155101987e+03
3.907861538640433537e+03
4.006489584106165694e+03
4.097983768797711491e+03
4.183003209568719285e+03
4.262134923297287969e+03
4.335902352700213669e+03
4.404772935193146623e+03
4.469164779053457096e+03
4.529452526871597001e+03
4.585972491072164303e+03
4.639027144671578753e+03
4.688889045309136236e+03
4.735804263756097498e+03
4.779995380680253220e+03
