# f_ap
0.000000000000000000e+00
1.025838214511665680e-01
2.110710571554407777e-01
3.264279132423441032e-01
4.494305568352154334e-01
5.806724552291373520e-01
7.205838876576801111e-01
8.694569574776004339e-01
1.027471428673047971e+00
1.194718624963887699e+00
1.371222089034778158e+00
1.556954648893724036e+00
1.751852072233365254e+00
1.955823737807778517e+00
2.168760827959681947e+00
2.390542529025399432e+00
2.621040667203977215e+00
2.860123135569256902e+00
3.107656398052034863e+00
3.363507294882675414e+00
3.627544323074603394e+00
3.899638524716507959e+00
4.179664083854437884e+00
4.467498705587344077e+00
4.763023848288622020e+00
5.066124819967450676e+00
5.376690810670226028e+00
5.694614856783091206e+00
6.019793765662488916e+00
6.352128012147534086e+00
6.691521616735408351e+00
