# h
2.334948666387064067e-04
2.454804741952841280e-04
2.591262491527162931e-04
2.743742962369740508e-04
2.911517662823597950e-04
3.093782109034459845e-04
3.289711528119420875e-04
3.498499306982641747e-04
3.719380989233770740e-04
3.951647314504561797e-04
4.194649582143013429e-04
4.447800014247404597e-04
4.710569109128082610e-04
4.982481371125244227e-04
5.263110328512375820e-04
5.552073406967979749e-04
5.849026989538545296e-04
6.153661838523376542e-04
6.465698956628232550e-04
6.784885905563925110e-04
7.110993566567475142e-04
7.443813309783515108e-04
7.783154531826587353e-04
8.128842519088744483e-04
8.480716595877958860e-04
8.838628519668043039e-04
9.202441089642734431e-04
9.572026938762637259e-04
9.947267483463857578e-04
1.032805200865651724e-03
1.071427686886688166e-03
