# mu
-inf
3.831227302490560049e+01
3.995049261344805558e+01
4.094693608692566045e+01
4.167335601691125646e+01
4.224766380366794039e+01
4.272323356475911282e+01
4.312907608127082426e+01
4.348285796133717440e+01
4.379620529169643817e+01
4.407721055153714218e+01
4.433175002711269030e+01
4.456423366143935993e+01
4.477805932631201813e+01
4.497590214044193857e+01
4.515990641782760662e+01
4.533181740981359553e+01
4.549307434156786911e+01
4.564487772901136253e+01
4.578823911398391999e+01
4.592401848232931627e+01
4.605295286669785071e+01
4.617567852067270451e+01
4.629274832610098400e+01
4.640464561313985570e+01
4.651179524454813929e+01
4.661457258844541229e+01
4.671331084349057505e+01
4.680830706565656385e+01
4.689982716241398464e+01
4.698811005880222780e+01
