# rs_dv
inf
3.524941680638514763e-01
1.825589733249762259e-01
1.262696696831167587e-01
9.836605757056485211e-02
8.179620162345815904e-02
7.087699016700751975e-02
6.317393835244518308e-02
5.747095315909872548e-02
5.309347473818120527e-02
4.963766957144470637e-02
4.684730511801004499e-02
4.455217475254111270e-02
4.263493995870334258e-02
4.101218615622674590e-02
3.962306148291625668e-02
3.842218183686717248e-02
3.737504553819924469e-02
3.645498132329251517e-02
3.564106428830227102e-02
3.491666050264710663e-02
3.426839027156491913e-02
3.368537643368457041e-02
3.315869061090683662e-02
3.268093932312902961e-02
3.224595071981392613e-02
3.184853447190948844e-02
3.148429582628620854e-02
3.114949011535319071e-02
3.084090786572941251e-02
3.055578328771780400e-02
