# ee
2.570210366343379099e-02
4.393214471855742126e-02
5.183549593453889992e-02
4.846099423883227370e-02
3.788719698773802130e-02
2.552683544932605325e-02
1.539599094037367132e-02
9.086122722798493229e-03
6.180777654942481471e-03
5.295730821916031991e-03
5.094911280932736854e-03
4.814333321138081906e-03
4.309535827745024188e-03
3.788670602420830726e-03
3.510456379729585789e-03
3.524418497134416614e-03
3.799122175795736304e-03
4.204644977855913866e-03
4.606535384780628510e-03
5.004748873462446304e-03
5.450221487620827282e-03
6.014843312817650008e-03
6.765466506266520387e-03
7.707072566216292310e-03
8.829461546327872085e-03
1.010703033454827052e-02
1.150534305745198188e-02
1.303635789660339585e-02
1.471734031178146586e-02
1.653425267317201047e-02
1.848832035667631254e-02
2.056064105082922380e-02
2.277415535349073400e-02
2.511274067113234906e-02
2.757674481115710008e-02
3.019805212473529454e-02
3.299001566535476188e-02
3.595933556959513000e-02
3.911280784804489763e-02
4.245635015331321316e-02
4.599201738062665828e-02
4.972078645268081937e-02
5.364218708667232299e-02
5.775385266155763642e-02
6.205226301140143175e-02
6.653716856548883007e-02
7.120452131540461194e-02
7.604977421635453205e-02
8.107586576922901078e-02
8.628655483706272611e-02
9.168588751319362018e-02
9.727573603482991826e-02
1.030584716755588714e-01
1.090374637817257686e-01
1.152117706447539081e-01
1.215811716460224734e-01
1.281471235485363291e-01
1.349115821516795322e-01
1.418715128910462697e-01
1.490231390072353224e-01
1.563597149608640935e-01
1.638742520539334391e-01
1.715592625520654113e-01
1.794087558300188900e-01
1.874136109288844776e-01
1.955701508647225972e-01
2.038740635018202185e-01
2.123225338136012219e-01
2.209132458098685414e-01
2.296450233515591466e-01
2.385147622312196736e-01
2.475180029106360258e-01
2.566462935605622886e-01
2.658906833153735771e-01
2.752409780945582751e-01
2.846899955401213100e-01
2.942298091155600703e-01
3.038529913207508315e-01
3.135521146555697025e-01
3.233193343494877303e-01
3.331461346231127663e-01
3.430225843538892705e-01
3.529392514556407567e-01
3.628862048058119627e-01
3.728552991621344459e-01
3.828375482214264047e-01
3.928247534880350278e-01
4.028087164663075592e-01
4.127782444423173658e-01
4.227246949005116217e-01
4.326381482821154978e-01
4.425087400448331487e-01
4.523281027555054457e-01
4.620858728354576561e-01
4.717726847787724331e-01
4.813786740431541533e-01
4.908934770499277511e-01
5.003077282931763792e-01
5.096135593761196292e-01
5.188011057564618778e-01
5.278555125281173543e-01
5.367768958763694531e-01
5.455454105313429780e-01
5.541561823145313426e-01
5.625993466836388679e-01
5.708700294601593006e-01
5.789533757380070922e-01
5.868445113386758782e-01
5.945285813560797772e-01
6.020008189846177693e-01
6.092568869103084372e-01
6.162825744644956361e-01
6.230686613423136455e-01
6.296159079664753744e-01
6.359150940321147694e-01
6.419520088705759076e-01
6.477274129045721418e-01
6.532320858292373078e-01
6.584617977034948888e-01
6.634073282224787205e-01
6.680644474451125081e-01
6.724289254303196239e-01
6.764915418732341257e-01
6.802530571965691442e-01
6.837042510954586261e-01
6.868458839926159243e-01
6.896687355831747634e-01
6.921735662898484964e-01
6.943511558077709589e-01
6.962024826166682834e-01
6.977293974243167218e-01
6.989239882679264548e-01
6.997983046398655871e-01
7.003394442135543185e-01
7.005544661175717724e-01
7.004404487529172219e-01
7.000044512481694570e-01
6.992435520043281949e-01
6.981598197861826893e-01
6.967653040861013780e-01
6.950520929412939974e-01
6.930272454803397819e-01
6.906978208318172996e-01
6.880608973967263786e-01
6.851285246674355678e-01
6.819077617725236573e-01
6.784006774767802339e-01
6.746143309087841988e-01
6.705557811971140092e-01
6.662320950707302236e-01
6.616503696601162554e-01
6.568227000599264898e-01
6.517611813648154229e-01
6.464679279418577007e-01
6.409600252494976891e-01
6.352395876548099229e-01
6.293286909800288598e-01
6.232294495922289235e-01
6.169589489498544799e-01
6.105292841475599142e-01
6.039525502799995005e-01
5.972508231694071412e-01
5.904262171828578154e-01
5.834958177787957778e-01
5.764767104156649502e-01
5.693859805519095874e-01
5.622407136459740551e-01
5.550579951563021641e-01
5.478499201775484106e-01
5.406385645319468081e-01
5.334410136779417222e-01
5.262743530739769637e-01
5.191556681784967875e-01
5.121120251775249654e-01
5.051555533074306714e-01
4.983134894628116762e-01
4.916031239524015772e-01
4.850417470849330281e-01
4.786566298967190880e-01
4.724700530602826132e-01
4.665042972481465156e-01
4.607766527690440594e-01
4.553143906592877488e-01
4.501447819551905316e-01
4.452851169654855612e-01
4.407581753990746365e-01
4.365932244377865312e-01
4.328135428269020424e-01
4.294444054572179592e-01
4.265095901103942433e-01
4.240348707136066264e-01
4.220450231212730663e-01
4.205663202969481262e-01
4.196250352041867582e-01
4.192474408065435254e-01
4.194608081403313204e-01
4.202914101691049287e-01
4.217655198564189134e-01
4.239094101658281710e-01
4.267500399801973932e-01
4.303096263139465361e-01
4.346105730644264087e-01
4.396747850926089884e-01
4.455246662958449733e-01
4.521816224987273980e-01
4.596685566349861807e-01
4.680073735655930767e-01
4.772194791151410653e-01
4.873277762173600092e-01
4.983546687696007171e-01
5.103210635600773371e-01
5.232498635225193429e-01
5.371634725542778765e-01
5.520793041889140440e-01
5.680252517239473553e-01
5.850187286929390273e-01
6.030771486294500550e-01
6.222279057946212832e-01
6.424884137220134850e-01
6.638760859451878771e-01
6.864183167252853046e-01
7.101275292320770038e-01
7.350261273629133951e-01
7.611265342875667139e-01
7.884561442671769171e-01
8.170323708353052217e-01
8.468676371617229748e-01
8.779843471437811520e-01
9.103999143150409701e-01
9.441217714814836848e-01
9.791723225404602715e-01
1.015568981025531947e+00
1.053324170106470170e+00
1.092455303316835602e+00
1.132979794190189349e+00
1.174900085168723907e+00
1.218233589785999493e+00
1.262987740847998586e+00
1.309184942252071160e+00
1.356832626804199471e+00
1.405938227310364441e+00
1.456514166940337862e+00
1.508567878500101322e+00
1.562111785159426169e+00
1.617143338996714030e+00
1.673679953545526455e+00
1.731729061611844145e+00
1.791288115274070281e+00
1.852374528065765302e+00
1.914974921128318019e+00
1.979097466584328391e+00
2.044734515255594243e+00
2.111888398691491364e+00
2.180546477350027157e+00
2.250711082780579630e+00
2.322374565804944169e+00
2.395524286881129061e+00
2.470162577558510542e+00
2.546276798295096899e+00
2.623859299912683518e+00
2.702902433233068891e+00
2.783398549078049733e+00
2.865335007905633002e+00
2.948694179810037674e+00
3.033463425249268930e+00
3.119625114317545300e+00
3.207166607472875075e+00
3.296075265173264768e+00
3.386328467149142263e+00
3.477913573858514074e+00
3.570812955395599175e+00
3.664994010763244603e+00
3.760449090783248405e+00
3.857150584822248707e+00
3.955080862974461375e+00
4.054217304970316960e+00
4.154537290540241123e+00
4.256008218687082234e+00
4.358602478777479305e+00
4.462302440905649092e+00
4.567070513710650204e+00
4.672884076922911412e+00
4.779715519909069954e+00
4.887532241671973310e+00
4.996306631578261381e+00
5.105996107903201242e+00
5.216578050377222553e+00
5.328014867639381258e+00
5.440273958692526612e+00
5.553332703267086501e+00
5.667093625636643317e+00
5.781598980260890919e+00
5.896791214323728880e+00
6.012562871371158302e+00
6.128956205862873929e+00
6.245863761344878640e+00
6.363277888638967816e+00
6.481141034929044586e+00
6.599395647399003195e+00
6.718084985721985980e+00
6.837056715873317536e+00
6.956359123593357729e+00
7.075940687346672142e+00
7.195749885597824580e+00
7.315785100449278211e+00
7.435944906727702808e+00
7.556227686535555321e+00
7.676581918337404886e+00
7.796906176959918611e+00
7.917248748143455472e+00
8.037508206714681691e+00
8.157682934776062211e+00
8.277671507154263253e+00
8.397422402313850398e+00
8.516983905995182624e+00
8.636204689387028566e+00
8.755083134591853167e+00
8.873567720074220233e+00
8.991656827936592933e+00
9.109249033005637486e+00
9.226292813745919474e+00
9.342736648622004481e+00
9.458529016098454534e+00
9.573668298277736355e+00
9.688102973624411973e+00
9.801731616965147609e+00
9.914502706764512396e+00
1.002641462512496418e+01
1.013736594687317272e+01
1.024735505411160474e+01
1.035633042530481518e+01
1.046419063527947735e+01
1.057093406613805620e+01
1.067645929270721439e+01
1.078076469708941687e+01
1.088379875774922567e+01
1.098550995315120815e+01
1.108584676175992989e+01
1.118480756567785228e+01
1.128224103609374218e+01
1.137814555511006986e+01
1.147246960119138848e+01
1.156511174916437668e+01
1.165607038113149407e+01
1.174524407191940334e+01
1.183263120363056942e+01
1.191808044745376272e+01
1.200168999276723980e+01
1.208335841439767044e+01
1.216308647518065733e+01
1.224083455724648850e+01
1.231656542345858796e+01
1.239029174031827729e+01
1.246192636705109180e+01
1.253148197015835486e+01
1.259892131250348868e+01
1.266420715694992971e+01
1.272725236272319371e+01
1.278806959632461648e+01
1.284662162061762203e+01
1.290287119846563790e+01
1.295678109273208989e+01
1.300836396991830313e+01
1.305758259288770340e+01
1.310439972450371826e+01
1.314882803126767286e+01
1.319078037240509893e+01
1.323036922169311325e+01
1.326740763108144883e+01
1.330205797798512712e+01
1.333413331435388116e+01
1.336374611396482948e+01
1.339085913968139963e+01
1.341543515436702094e+01
1.343743692088511565e+01
1.345687710573700890e+01
1.347371847178613535e+01
1.348792378189591368e+01
1.349950570256767257e+01
1.350847690030273363e+01
1.351470033068873100e+01
1.351833837114068615e+01
1.351930388088412016e+01
1.351760952642036173e+01
1.351331787788863714e+01
1.350639169815236684e+01
1.349689355735077534e+01
1.348478621834729374e+01
1.347008234764324186e+01
1.345279461173994484e+01
1.343288577350082846e+01
1.341041840306512256e+01
1.338535526329624759e+01
1.335765911705763109e+01
1.332744243812639517e+01
1.329461808572806802e+01
1.325924863000187059e+01
1.322129683381123044e+01
1.318087517093327143e+01
1.313789692195589964e+01
1.309242676383022541e+01
1.304452979486974407e+01
1.299417130611214688e+01
1.294136649223303515e+01
1.288623035518379645e+01
1.282872818600212383e+01
1.276882527572571746e+01
1.270668652994386072e+01
1.264227723969425377e+01
1.257561259965249079e+01
1.250675770813206000e+01
1.243572775980855916e+01
1.236258785299547824e+01
1.228740308600630904e+01
1.221013874987874992e+01
1.213090984656419025e+01
1.204973157073822421e+01
1.196661911707644066e+01
1.188158768025444267e+01
1.179475226222361606e+01
1.170607815402165386e+01
1.161558055032415382e+01
1.152337445308250530e+01
1.142947505697230248e+01
1.133394746030703182e+01
1.123690666503809155e+01
1.113841776947897166e+01
1.103849596830526281e+01
1.093720635983045675e+01
1.083471384964384576e+01
1.073098372878312112e+01
1.062608109556177638e+01
1.052012095193120089e+01
1.041306858892909304e+01
1.030503900850684218e+01
1.019604740534003895e+01
1.008620878138007804e+01
9.975538331302550077e+00
9.864101153420946844e+00
9.752012249686657697e+00
9.639286814775280376e+00
9.526039850638202466e+00
9.412336455588915740e+00
9.298191824303010833e+00
9.183770862369780019e+00
9.069088764464817487e+00
8.954260532539509043e+00
8.839351264907348238e+00
8.724376156243932812e+00
8.609496989708357972e+00
8.494713347825289418e+00
8.380121497964999833e+00
8.265767803859862539e+00
8.151698629242250860e+00
8.037960337844541669e+00
7.924599293399108291e+00
7.811711763276219855e+00
7.699344111208255015e+00
7.587542700927586203e+00
7.476353896166586743e+00
7.365923867933426905e+00
7.256298979960480899e+00
7.147525595980125601e+00
7.039699983362629254e+00
6.932868505840367845e+00
6.827127430783614059e+00
6.722523121924738554e+00
6.619101942996119980e+00
6.516910257730132550e+00
6.416044333497045393e+00
6.316600437667133860e+00
6.218575030334871023e+00
6.122014475232631980e+00
6.027064943368587890e+00
5.933772798475112964e+00
5.842134500646682937e+00
5.752296220891468082e+00
5.664304322941841718e+00
5.578255074168077421e+00
5.494095031026751563e+00
5.412020268163935555e+00
5.332027245674101579e+00
5.254212230927524097e+00
5.178621587656579095e+00
5.105301679593636344e+00
5.034298870471072718e+00
4.965759331297057599e+00
4.899629618528170916e+00
4.836055903172582049e+00
4.775084548962663433e+00
4.716712015992893470e+00
4.661034571633543955e+00
4.608148483254886685e+00
4.558100114589294982e+00
4.510885925731246360e+00
4.466602184051014390e+00
4.425295253280971508e+00
4.387011497153491035e+00
4.351847183038846545e+00
4.319795089417667100e+00
4.290933075590997348e+00
4.265235511970235649e+00
4.242826479880476676e+00
4.223630446095221203e+00
4.207721588301667204e+00
4.195134161276691032e+00
4.185892439069589521e+00
4.180010715002083543e+00
4.177508272759681063e+00
4.178399405664099397e+00
4.182698407037059418e+00
4.190429550927856184e+00
4.201607130658210565e+00
4.216240449186050121e+00
4.234348790196882817e+00
4.255936466284849118e+00
4.281022761135456101e+00
4.309611987342844230e+00
4.341713447864941067e+00
4.377341436023464816e+00
4.416500264412555943e+00
4.459194245626352249e+00
4.505417711531412905e+00
4.555169984358088620e+00
4.608445395972938563e+00
4.665243268606311666e+00
4.725562924488555971e+00
4.789393705122442668e+00
4.856724952010740282e+00
4.927555987383800407e+00
5.001866172016811163e+00
5.079644847412541964e+00
5.160881355073763999e+00
5.245570026867035551e+00
5.333690223567546518e+00
5.425221305950490347e+00
5.520147625154841364e+00
5.618438561228214390e+00
5.720073474945798431e+00
5.825036717446574919e+00
5.933297668778149792e+00
6.044830699351929404e+00
6.159610179579310341e+00
6.277590518416535481e+00
6.398751076638794721e+00
6.523046263202327388e+00
6.650400544880639586e+00
6.780888099360924848e+00
6.914333586140890553e+00
7.050811901397176840e+00
7.190201200712599494e+00
7.332480165435215191e+00
7.477627476913083271e+00
7.625571912856356604e+00
7.776292154613096308e+00
7.929716979893457030e+00
8.085825070045498109e+00
8.244545202779375970e+00
8.405856059443149064e+00
8.569636514109074454e+00
8.735915151763107289e+00
8.904570846477509960e+00
9.075582279600338254e+00
9.248878228841748594e+00
9.424437375549800322e+00
9.602088690158854689e+00
9.781860757654863292e+00
9.963682355747987884e+00
1.014743235851049086e+01
1.033308944729042089e+01
1.052053249616004571e+01
1.070974018646742110e+01
1.090064129592269992e+01
1.109311469859814636e+01
1.128713907584181975e+01
1.148259330172597537e+01
1.167940615396077675e+01
1.187755631389427613e+01
1.207687275196083654e+01
1.227733414950851909e+01
1.247881938060957729e+01
1.268125722297417646e+01
1.288462635795036704e+01
1.308870585233461625e+01
1.329352429111288103e+01
1.349896054835741666e+01
1.370489349814048907e+01
1.391125191817225470e+01
1.411796458616286820e+01
1.432491037618459728e+01
1.453201806594759482e+01
1.473916652952412676e+01
1.494628454462434775e+01
1.515325098532051484e+01
1.535999462932279513e+01
1.556639435070344568e+01
1.577232902353472532e+01
1.597777732916469162e+01
1.618256823802770228e+01
1.638663593929891604e+01
1.658988636437553765e+01
1.679228075975765933e+01
1.699373046830748279e+01
1.719414683288719914e+01
1.739349109999691834e+01
1.759172451613672550e+01
1.778870852053092122e+01
1.798440435967961193e+01
1.817872337644498160e+01
1.837152701005133792e+01
1.856282641063667782e+01
1.875253292106319236e+01
1.894055788419308328e+01
1.912681264288854877e+01
1.931125844364968813e+01
1.949385653297659360e+01
1.967456815736935738e+01
1.985320485241438604e+01
2.002982767188757762e+01
2.020434795865111965e+01
2.037657724829141870e+01
2.054657659458437280e+01
2.071420743675427545e+01
2.087943102130121886e+01
2.104210878744951785e+01
2.120220198169924686e+01
2.135962194691262539e+01
2.151432992958974211e+01
2.166628717623069278e+01
2.181530522242186976e+01
2.196144512193917819e+01
2.210456831400691158e+01
2.224458614148727165e+01
2.238150975451825531e+01
2.251520059232415960e+01
2.264566980504297078e+01
2.277277883189900010e+01
2.289653882303023380e+01
2.301681121766097959e+01
2.313360716592923083e+01
2.324678810705927390e+01
2.335636519118912346e+01
2.346224976118096706e+01
2.356430325625909816e+01
2.366253682656152435e+01
2.375686181495044025e+01
2.384718956428803338e+01
2.393353122471231131e+01
2.401579813908546868e+01
2.409400583664452000e+01
2.416813745938470603e+01
2.423818052840030290e+01
2.430412256478555477e+01
2.436590118599685439e+01
2.442360372040424465e+01
2.447716778546409699e+01
2.452658090227068044e+01
2.457178068828036643e+01
2.461280456822530027e+01
2.464959015956187116e+01
2.468212498338433392e+01
2.471044646442485515e+01
2.473449222013979920e+01
2.475429967526133268e+01
2.476985635088371396e+01
2.478119967173911320e+01
2.478826725528389474e+01
2.479104662261232761e+01
2.478962510209447245e+01
2.478399021482458764e+01
2.477407957825905171e+01
2.475998052076791822e+01
2.474168056344545619e+01
2.471916722738592753e+01
2.469247793732149887e+01
2.466165011798432971e+01
2.462662138683079149e+01
2.458742916859304373e+01
2.454411088800325302e+01
2.449660416251778017e+01
2.444499632050670002e+01
2.438922497942636625e+01
2.432937746764685016e+01
2.426554111353820531e+01
2.419770343819469716e+01
2.412600167362429460e+01
2.405037343728335131e+01
2.397095596117982907e+01
2.388783657368379565e+01
2.380095289225161537e+01
2.371039224525334888e+01
2.361619205742115568e+01
2.351843965712510354e+01
2.341712256545945081e+01
2.331222830351847009e+01
2.320394400694801718e+01
2.309220729320444931e+01
2.297710549065784136e+01
2.285872592767823974e+01
2.273710388330682619e+01
2.261226605382075761e+01
2.248433679708200827e+01
2.235329076003885618e+01
2.221925230055327205e+01
2.208224596921141725e+01
2.194239612387527671e+01
2.179962750785521663e+01
2.165416428628901002e+01
2.150598110612492064e+01
2.135515242158703586e+01
2.120175268689940751e+01
2.104580645264822536e+01
2.088743807669545660e+01
2.072667210962726614e+01
2.056353310202983309e+01
2.039809550812722705e+01
2.023043378214352117e+01
2.006067228194067908e+01
1.988883555810488346e+01
1.971509787213599196e+01
1.953948377462018016e+01
1.936216752705731992e+01
1.918322358367147729e+01
1.900272639868672542e+01
1.882075042632713036e+01
1.863742002445466994e+01
1.845275974365550908e+01
1.826694384542952321e+01
1.807994697672497608e+01
1.789194339904174313e+01
1.770295766296599993e+01
1.751316402999760413e+01
1.732253714708483727e+01
1.713130117936546526e+01
1.693953058106355414e+01
1.674724990276528658e+01
1.655463340597051314e+01
1.636175554490332118e+01
1.616874067742566368e+01
1.597571316139952913e+01
1.578274745104897647e+01
1.558996790423597467e+01
1.539749887882249091e+01
1.520546473267049770e+01
1.501393992000406818e+01
1.482304879868516778e+01
1.463286582293787141e+01
1.444351535062414094e+01
1.425512173960594886e+01
1.406775228038893744e+01
1.388149551224289269e+01
1.369638290708128103e+01
1.351249584045546470e+01
1.332996559155469463e+01
1.314882363229243900e+01
1.296920124185795409e+01
1.279107998852680339e+01
1.261464105512614253e+01
1.243991591356943616e+01
1.226698593940804116e+01
1.209588260455542041e+01
1.192668728456293614e+01
1.175943145134404944e+01
1.159424638408802011e+01
1.143116355470830392e+01
1.127016453148047326e+01
1.111143049723168019e+01
1.095504282751328340e+01
1.080103299423874574e+01
1.064948237295942945e+01
1.050052224286459079e+01
1.035418407586769085e+01
1.021054924752009185e+01
1.006969913337315248e+01
9.931715108978233175e+00
9.796628646248800365e+00
9.664521120736205617e+00
9.535424004353915350e+00
9.409468576291189379e+00
9.286636404823594759e+00
9.167008865502479509e+00
9.050667333879214738e+00
8.937643281867259759e+00
8.827968181380077439e+00
8.721723407969026454e+00
8.618940433547567892e+00
8.519700633667065759e+00
8.424085383878878730e+00
8.332126156096466119e+00
8.243954229509089515e+00
8.159650979668107595e+00
8.079297782124879035e+00
8.002926108792866700e+00
7.930667238861329515e+00
7.862502740605832763e+00
7.798464085939835755e+00
7.738582746776802246e+00
7.682890195030197766e+00
7.631417902613479853e+00
7.584142831392631123e+00
7.541023517595307979e+00
7.502213505591169174e+00
7.467616821560387308e+00
7.437387009872624688e+00
7.411478000345950612e+00
7.389943530074231326e+00
7.372837336151333965e+00
7.360163252033225412e+00
7.351925111175871663e+00
7.348126747035245820e+00
7.348672185791516043e+00
7.353615164538552129e+00
7.362909613094419825e+00
7.376509461277192869e+00
7.394468446180735732e+00
7.416740497623119488e+00
7.443329449060312797e+00
7.474189230310384957e+00
7.509423482105100689e+00
7.548936230624629928e+00
7.592781212962842474e+00
7.640912358937807625e+00
7.693333502005490487e+00
7.749998571983963913e+00
7.810911402329198339e+00
7.875976019221361035e+00
7.945196256116424216e+00
8.018526042832457179e+00
8.095969212825426808e+00
8.177429792275507481e+00
8.262911614638669633e+00
8.352418513370874820e+00
8.445904418290199445e+00
8.543323259214711030e+00
8.644678869600378235e+00
8.749925179265272135e+00
8.859016118027462028e+00
8.971855712067123179e+00
9.088397891202321333e+00
9.208546681613235307e+00
9.332256013117927296e+00
9.459429911896579668e+00
9.589972404129358807e+00
9.723887323272231598e+00
9.861128599143274442e+00
1.000170006519845423e+01
1.014550574761793733e+01
1.029254947985770130e+01
1.044278519173580833e+01
1.059622005218619556e+01
1.075267495750306956e+01
1.091212385037229282e+01
1.107444086620393442e+01
1.123955004404596103e+01
1.140737542294633755e+01
1.157774123467724081e+01
1.175067132556242733e+01
1.192603983101196441e+01
1.210387059734961923e+01
1.228408766362335491e+01
1.246661506888114168e+01
1.265152656308463364e+01
1.283869628164389987e+01
1.302809816724480818e+01
1.321965625893532881e+01
1.341329459576341954e+01
1.360888731313915478e+01
1.380635845011049767e+01
1.400568194936331246e+01
1.420668204266977064e+01
1.440928276907784422e+01
1.461335826399759519e+01
1.481888247011489312e+01
1.502572952283980179e+01
1.523377355758239027e+01
1.544288870975273298e+01
1.565299901839878771e+01
1.586402852256852825e+01
1.607585135767202189e+01
1.628839156275723710e+01
1.650162308051002924e+01
1.671537014270257870e+01
1.692965659565864556e+01
1.714435657478829000e+01
1.735934421550159357e+01
1.757459346048441517e+01
1.778997844514682214e+01
1.800532340126099129e+01
1.822060227151277090e+01
1.843568919131224959e+01
1.865045829606949113e+01
1.886483362483245330e+01
1.907858950573541179e+01
1.929174978510213379e+01
1.950408879106689497e+01
1.971553056267765669e+01
1.992594923534448625e+01
2.013516904083955339e+01
2.034316392184872768e+01
2.054971642031348011e+01
2.075484154795562119e+01
2.095846272302838642e+01
2.116050336378500063e+01
2.136088688847868511e+01
2.155963652263845631e+01
2.175657587724175457e+01
2.195167827417968454e+01
2.214496693898128044e+01
2.233631538626185176e+01
2.252564703427464465e+01
2.271293520491076023e+01
2.289815322006134224e+01
2.308117459434169660e+01
2.326197264964295641e+01
2.344052070785623698e+01
2.361664237995896798e+01
2.379036089148017652e+01
2.396154975703518275e+01
2.413018229851510554e+01
2.429613203053527215e+01
2.445937227498681921e+01
2.461987635376084427e+01
2.477756768511058993e+01
2.493231978365137635e+01
2.508415587491221999e+01
2.523294947350845518e+01
2.537872380496909486e+01
2.552135238390945915e+01
2.566075862858278356e+01
2.579691586088019406e+01
2.592974749905489773e+01
2.605922686499802410e+01
2.618517756968701349e+01
2.630762283865087170e+01
2.642643618650492598e+01
2.654164083877819635e+01
2.665316021372391475e+01
2.676091772959529536e+01
2.686478690100766897e+01
2.696484085712796031e+01
2.706095311257147884e+01
2.715304708559145652e+01
2.724114600171691691e+01
2.732517327920108130e+01
2.740510223993507921e+01
2.748080639853421658e+01
2.755235888416543233e+01
2.761968311508193707e+01
2.768270250953695921e+01
2.774134506922058918e+01
2.779565693684615724e+01
2.784558903128808183e+01
2.789114217505866122e+01
2.793226728703228545e+01
2.796896518972128831e+01
2.800123670563795031e+01
2.802913256093248862e+01
2.805260367447929681e+01
2.807175067606647545e+01
2.808647458093054539e+01
2.809687601885958941e+01
2.810295581236592355e+01
2.810466488032394849e+01
2.810210385252176835e+01
2.809517374419588265e+01
2.808392528149650147e+01
2.806835928693592663e+01
2.804847658302646352e+01
2.802422808864250925e+01
2.799576433721006907e+01
2.796298634396564964e+01
2.792594483505946101e+01
2.788474044027958598e+01
2.783927417486254186e+01
2.778969657223432677e+01
2.773590864763145092e+01
2.767806093447990534e+01
2.761615425529199541e+01
2.755013952894212181e+01
2.748021719249419803e+01
2.740628826118470940e+01
2.732850326843967181e+01
2.724681313313347886e+01
2.716126858141633704e+01
2.707192033943845288e+01
2.697881913335001869e+01
2.688191588202544580e+01
2.678136111889072879e+01
2.667705585918237432e+01
2.656910073268849359e+01
2.645759636919717295e+01
2.634249368758281662e+01
2.622394322127143340e+01
2.610199569641322270e+01
2.597670183915837683e+01
2.584806247201920826e+01
2.571617822478381044e+01
2.558114972724028391e+01
2.544297780190094471e+01
2.530170916360683719e+01
2.515737448196247783e+01
2.501000041526323514e+01
2.485961362180448120e+01
2.470624075988157387e+01
2.455000829506569104e+01
2.439104269292799287e+01
2.422947041903963594e+01
2.406541793897179460e+01
2.389906162193352657e+01
2.373042812622019682e+01
2.355969382104087728e+01
2.338683546105303179e+01
2.321187970455202532e+01
2.303475340255744541e+01
2.285553311700254753e+01
2.267409579526901098e+01
2.249046809565220073e+01
2.230472658008538644e+01
2.211684800322604261e+01
2.192710854155902567e+01
2.173553485337969349e+01
2.154230330789712511e+01
2.134754037068247357e+01
2.115142241094480724e+01
2.095402599061738513e+01
2.075542767163348046e+01
2.055570401592635577e+01
2.035493158542928782e+01
2.015313703843762383e+01
1.995044684052255590e+01
1.974688764997942414e+01
1.954253602874151596e+01
1.933746853874209748e+01
1.913186154919021575e+01
1.892579162201915466e+01
1.871938522280006367e+01
1.851276881710412425e+01
1.830606887050247877e+01
1.809931204129051352e+01
1.789267469867728266e+01
1.768608369368236310e+01
1.747966549187691498e+01
1.727344675155631393e+01
1.706740422737802731e+01
1.686171428855111643e+01
1.665630378609515461e+01
1.645134908921920669e+01
1.624707647077023154e+01
1.604361239631938929e+01
1.584112477916139916e+01
1.563964790165781338e+01
1.543940720480741824e+01
1.524047841869531794e+01
1.504288736976871199e+01
1.484665988447479990e+01
1.465187169289868585e+01
1.445854862148757647e+01
1.426671649668866237e+01
1.407645104858704777e+01
1.388777810362994103e+01
1.370077339190243926e+01
1.351541283621383727e+01
1.333182207028714217e+01
1.315002692056956057e+01
1.297005321350827955e+01
1.279197667918840864e+01
1.261587304769504669e+01
1.244176814547539678e+01
1.226973770261455776e+01
1.209980754555972915e+01
1.193210330803390917e+01
1.176665081648430267e+01
1.160352580099600850e+01
1.144280399165412732e+01
1.128451121490585685e+01
1.112867329719840193e+01
1.097541587225476256e+01
1.082476476652213826e+01
1.067674580644773208e+01
1.053148462575453692e+01
1.038895714725186536e+01
1.024923910102481273e+01
1.011240621715847610e+01
9.978484322100063864e+00
9.847499242296773758e+00
9.719476804195807063e+00
9.594542641520163784e+00
9.472722580717046981e+00
9.353992544595758574e+00
9.238478166879296793e+00
9.126205274014864699e+00
9.017249596087557606e+00
8.911636959544585679e+00
8.809443094471042457e+00
8.710693827314130999e+00
8.615464888158953727e+00
8.523732199814810784e+00
8.435621396004703954e+00
8.351108399537935156e+00
8.270164773732444630e+00
8.192894354854404426e+00
8.119296812402822638e+00
8.049371815876709135e+00
7.983069131137180641e+00
7.920438331321143721e+00
7.861479085927606469e+00
7.806191064455584083e+00
7.754623840041981353e+00
7.706727178547911450e+00
7.662550653110283605e+00
7.621994125952312515e+00
7.585157073848806775e+00
7.552039166298770922e+00
7.522540265525426761e+00
7.496759848303573115e+00
7.474597776856431786e+00
7.456103624320908452e+00
7.441277060196013871e+00
7.430017946704960963e+00
7.422425760622558322e+00
7.418400364172021533e+00
7.417941426852359577e+00
7.421098521800481684e+00
7.427771511239600777e+00
7.437960064668729387e+00
7.451663851586880938e+00
7.468882541493057303e+00
7.489565900248381425e+00
7.513663693713959368e+00
7.541175591388805444e+00
7.572101262771927743e+00
7.606390473724441215e+00
7.643992990107457253e+00
7.684858577782088140e+00
7.728986906247345523e+00
7.776327741364341684e+00
7.826830848994192458e+00
7.880445994998006576e+00
7.937172848874794795e+00
7.996911272847774477e+00
8.059660936415955490e+00
8.125371605440452782e+00
8.193993045782374196e+00
8.265475023302833790e+00
8.339767303862949177e+00
8.416819653323829087e+00
8.496581837546587579e+00
8.578953718754437574e+00
8.663885062808494908e+00
8.751379536521115554e+00
8.841356988682234075e+00
8.933791169033034052e+00
9.028655827314699067e+00
9.125824905992608649e+00
9.225371962083743327e+00
9.327170938053487959e+00
9.431245487280923712e+00
9.537469552231428338e+00
9.645866786284088334e+00
9.756361035542186144e+00
9.868876146109000658e+00
9.983385867725719010e+00
1.009986395013351412e+01
1.021818433579777974e+01
1.033837067809758992e+01
1.046029691949833129e+01
1.058393680974118567e+01
1.070926409856733308e+01
1.083610282480426257e+01
1.096452654546894934e+01
1.109440920302678002e+01
1.122567464358103528e+01
1.135829661687290049e+01
1.149219896900565452e+01
1.162725564244468579e+01
1.176344038693117788e+01
1.190072695220630017e+01
1.203898928073545704e+01
1.217815121862191319e+01
1.231813661196896348e+01
1.245891921051778617e+01
1.260037295673376612e+01
1.274247160035808335e+01
1.288503918021822869e+01
1.302809934969327799e+01
1.317152605124861431e+01
1.331524313098752721e+01
1.345917443501329913e+01
1.360324380942921074e+01
1.374732519670064868e+01
1.389139234656879296e+01
1.403536910513692781e+01
1.417907951123254229e+01
1.432249731459681463e+01
1.446554636133302907e+01
1.460815049754447159e+01
1.475013376205862592e+01
1.489151980825457500e+01
1.503213267495980077e+01
1.517195417050718298e+01
1.531089853032056958e+01
1.544888804841549756e+01
1.558599472972120203e+01
1.572204106097742482e+01
1.585709904711340279e+01
1.599099117486888311e+01
1.612383935281099312e+01
1.625546606767948177e+01
1.638589342076567945e+01
1.651504370608513383e+01
1.664288912129127240e+01
1.676940186403754751e+01
1.689455413197738309e+01
1.701821831548843633e+01
1.714041651586203230e+01
1.726107102711371510e+01
1.738015404689692289e+01
1.749758786922719267e+01
1.761334469175797324e+01
1.772734680850479094e+01
1.783961632075899217e+01
1.795002561889821280e+01
1.805859680421379920e+01
1.816525217072127774e+01
1.826996391607409365e+01
1.837265433428779460e+01
1.847334552665369856e+01
1.857195978718736740e+01
1.866846931354222150e+01
1.876279639973381208e+01
1.885496314705347132e+01
1.894479204224094460e+01
1.903235509022546523e+01
1.911757458502257023e+01
1.920042272428571195e+01
1.928077189839251204e+01
1.935869411227222159e+01
1.943406175630247290e+01
1.950684702813670768e+01
1.957707202906626520e+01
1.964465905310668248e+01
1.970953039427349651e+01
1.977170815385805014e+01
1.983106472223798633e+01
1.988767210434253130e+01
1.994140269054933157e+01
1.999227858214972642e+01
2.004017216952135527e+01
2.008510555395555031e+01
2.012710485794385207e+01
2.016606257786486722e+01
2.020202494221110712e+01
2.023503817947507244e+01
2.026504871087346871e+01
2.029205286126090968e+01
2.031604695549199846e+01
2.033712712569714043e+01
2.035513998581723882e+01
2.037023157162060016e+01
2.038229840068603949e+01
2.039133679786815634e+01
2.039739299165945852e+01
2.040051321055245381e+01
2.040059397212593950e+01
2.039768150487243759e+01
2.039182203728444165e+01
2.038301189421655835e+01
2.037124740052339789e+01
2.035657478469746806e+01
2.033894046795546373e+01
2.031839067878990690e+01
2.029492174205538646e+01
2.026857988624442086e+01
2.023941133984950724e+01
2.020736252408735467e+01
2.017252957108837208e+01
2.013485890206925788e+01
2.009434684188462583e+01
2.005113942630277180e+01
2.000508326926460967e+01
1.995632440653844242e+01
1.990485916297886959e+01
1.985063395980260736e+01
1.979374492914005401e+01
1.973418839584581619e+01
1.967206049205029572e+01
1.960730763897020879e+01
1.954002596873594300e+01
1.947026170984000970e+01
1.939801118713702266e+01
1.932337053275737304e+01
1.924638597519356509e+01
1.916700393566231497e+01
1.908532054629402452e+01
1.900138203558119443e+01
1.891518472837842779e+01
1.882682475681612999e+01
1.873624854211101365e+01
1.864360212003136752e+01
1.854882829467146266e+01
1.845210491982523138e+01
1.835335671397469426e+01
1.825260820287762442e+01
1.814998371956762924e+01
1.804545788616461621e+01
1.793905522842637268e+01
1.783085017574859776e+01
1.772081735025119542e+01
1.760903118132986123e+01
1.749551619474238962e+01
1.738029691624658568e+01
1.726339787160024741e+01
1.714489349019906683e+01
1.702485820143874307e+01
1.690326662743917296e+01
1.678029300487185438e+01
1.665586205221879013e+01
1.653014800615146740e+01
1.640312548878979015e+01
1.627486892952945396e+01
1.614545275776615441e+01
1.601490149925769657e+01
1.588328958339976360e+01
1.575059163231227188e+01
1.561693197902880748e+01
1.548233514930716126e+01
1.534682566890514899e+01
1.521052787085635138e+01
1.507346628091857355e+01
1.493571532848751104e+01
1.479729953932096187e+01
1.465829334281461982e+01
1.451882107200207983e+01
1.437885734900324941e+01
1.423852650685171106e+01
1.409785307130527698e+01
1.395696137539752790e+01
1.381582604124837488e+01
1.367462130552930688e+01
1.353327188672231962e+01
1.339200192513681920e+01
1.325073613925479243e+01
1.310964876574773541e+01
1.296871442673555030e+01
1.282805745525184093e+01
1.268770237705439108e+01
1.254772362153890164e+01
1.240824552173897111e+01
1.226934250705029328e+01
1.213103189394617232e+01
1.199340196903773403e+01
1.185643400237582235e+01
1.172030887856286085e+01
1.158490806037389476e+01
1.145036252877345362e+01
1.131670345745027539e+01
1.118386221281730286e+01
1.105196977583906026e+01
1.092105732020429443e+01
1.079110611596382974e+01
1.066214733680641480e+01
1.053426206005867449e+01
1.040743155577145274e+01
1.028173690127138329e+01
1.015720927024719877e+01
1.003387983638763714e+01
9.911729869743533428e+00
9.790890351279422532e+00
9.671392454684042406e+00
9.553167546370330498e+00
9.436396510940712190e+00
9.321010714808135589e+00
9.207091235299232679e+00
9.094669246102734306e+00
8.983825824545279559e+00
8.874492337039805889e+00
8.766799764550844642e+00
8.660729377129237960e+00
8.556362252101616050e+00
8.453629755880919916e+00
8.352662869431684456e+00
8.253442862804739377e+00
8.156000909688829736e+00
8.060418087410587518e+00
7.966725569658741790e+00
7.874954530122037610e+00
7.785136142489204936e+00
7.697301580448980829e+00
7.611531921328003492e+00
7.527808435177107960e+00
7.446212199322924441e+00
7.366724483816295077e+00
7.289376462345956931e+00
7.214249212238539322e+00
7.141274099906989470e+00
7.070582106315832505e+00
7.002154501515909679e+00
6.936022459195954504e+00
6.872217153044708482e+00
6.810766117560390853e+00
6.751682330479189531e+00
6.694925226708880572e+00
6.640554048433032541e+00
6.588578134197323521e+00
6.539006822547425379e+00
6.491749644753215698e+00
6.446915746636165068e+00
6.404414659466149295e+00
6.364305625426743163e+00
6.326548079425724502e+00
6.291201263646660991e+00
6.258224612997328684e+00
6.227627466023404779e+00
6.199369257632660890e+00
6.173509230008669135e+00
6.150006818059213565e+00
6.128871360329959828e+00
6.110112195366582455e+00
6.093688758076861944e+00
6.079610387006467498e+00
6.067886420701074535e+00
6.058426390430564190e+00
6.051339442016400838e+00
6.046535106728465614e+00
6.044022723112434825e+00
6.043761726076081864e+00
6.045761454165078597e+00
6.049981342287205521e+00
6.056430728988134504e+00
6.065118952813538300e+00
6.076005448671195630e+00
6.089049651468878999e+00
6.104210996114368903e+00
6.121548724791233020e+00
6.140972368769352485e+00
6.162441362956502466e+00
6.186014949536255969e+00
6.211652563416385497e+00
6.239263735866773963e+00
6.268857805433091457e+00
6.300394207023117588e+00
6.333832375544623972e+00
6.369181649543289581e+00
6.406401463926886919e+00
6.445451253603193820e+00
6.486290453479986340e+00
6.528878498465040536e+00
6.573224727104030052e+00
6.619238670666833357e+00
6.666932677814726205e+00
6.716231330395591392e+00
6.767162027648712552e+00
6.819702265175470401e+00
6.873779634939349847e+00
6.929421536179638075e+00
6.986605464497710472e+00
7.045209108219162353e+00
7.105309770221166055e+00
7.166884946105108511e+00
7.229812324196577933e+00
7.294119303734851734e+00
7.359783380321319513e+00
7.426732145919461736e+00
7.494992999768561148e+00
7.564493533832103545e+00
7.635161340073574721e+00
7.707073721370151453e+00
7.780058462409528808e+00
7.854192866068879120e+00
7.929354620673795040e+00
8.005571125463557536e+00
8.082720068763752153e+00
8.160878753451559220e+00
8.239874964214667585e+00
8.319786003930257579e+00
8.400489560923917409e+00
8.481913227159132873e+00
8.564134305513078971e+00
8.646980580673449879e+00
8.730529355517424150e+00
8.814608414732690633e+00
8.899245157558532071e+00
8.984367175958432483e+00
9.069951965533775251e+00
9.155877214610148584e+00
9.242170322426835227e+00
9.328758880947319199e+00
9.415570482135084518e+00
9.502582621591518119e+00
9.589672987642206436e+00
9.676868979526428660e+00
9.764098189207674139e+00
9.851238305011531082e+00
9.938316726177273353e+00
1.002526104466839563e+01
1.011194894881047901e+01
1.019840783784280802e+01
1.028451540009097087e+01
1.037024913115635094e+01
1.045554278739016141e+01
1.054035478269454451e+01
1.062469959899726035e+01
1.070849191095028630e+01
1.079179610411927825e+01
1.087447694951831068e+01
1.095659883271305013e+01
1.103812633199336446e+01
1.111897412201122037e+01
1.119915668469438330e+01
1.127863859833272286e+01
1.135743434485400982e+01
1.143545859891020555e+01
1.151267593879118145e+01
1.158915075006260587e+01
1.166479770737644195e+01
1.173958138902255754e+01
1.181346637329082760e+01
1.188646714210901045e+01
1.195849837012908168e+01
1.202957453927880316e+01
1.209971013148593677e+01
1.216876991776456762e+01
1.223676838004245226e+01
1.230367009660946032e+01
1.236948954939335721e+01
1.243419131668401079e+01
1.249769007313338953e+01
1.256000030066926421e+01
1.262108657758149732e+01
1.268091348215996206e+01
1.273949549633241674e+01
1.279669739111294291e+01
1.285258355206719649e+01
1.290711855748505243e+01
1.296021708201847389e+01
1.301184370395733225e+01
1.306206280886728877e+01
1.311073916776241965e+01
1.315793716620838438e+01
1.320357147885715321e+01
1.324765658763649689e+01
1.329010716719838214e+01
1.333098760310847197e+01
1.337016266638083906e+01
1.340764683894324705e+01
1.344345460272346493e+01
1.347755053601136233e+01
1.350984931345890772e+01
1.354036541699386298e+01
1.356906669776591023e+01
1.359593409836396916e+01
1.362100173787467305e+01
1.364425383174675410e+01
1.366562469179104333e+01
1.368519834073206809e+01
1.370295899401856765e+01
1.371884096346137305e+01
1.373292827178500985e+01
1.374515523080031443e+01
1.375555595959391830e+01
1.376411467361455365e+01
1.377086549194884846e+01
1.377579263004553667e+01
1.377888030335335046e+01
1.378011272732102199e+01
1.377957392467308040e+01
1.377719820722035671e+01
1.377296979041159020e+01
1.376697269697130288e+01
1.375909133507243531e+01
1.374945963107740887e+01
1.373801189679705814e+01
1.372473234768012240e+01
1.370970500645112367e+01
1.369291408855879943e+01
1.367434380945187478e+01
1.365407819185488414e+01
1.363205154757865856e+01
1.360829799570982956e+01
1.358285165533502514e+01
1.355574664554087683e+01
1.352691727813822098e+01
1.349644757585158672e+01
1.346427185049180508e+01
1.343047412478340341e+01
1.339503861417511388e+01
1.335794953411567398e+01
1.331929090732961107e+01
1.327904694926565199e+01
1.323725177901042827e+01
1.319388961201267740e+01
1.314899456735902561e+01
1.310260076413610264e+01
1.305469241779263889e+01
1.300535355105317059e+01
1.295456837936642103e+01
1.290237102181902706e+01
1.284879559749761313e+01
1.279382632185091673e+01
1.273754493825081546e+01
1.267992426538280704e+01
1.262093484257974652e+01
1.256069692008817640e+01
1.249913113360304884e+01
1.243630782973301407e+01
1.237219754781092185e+01
1.230682073080752126e+01
1.224019782169355786e+01
1.217239916707768543e+01
1.210349511356854535e+01
1.203340629686109509e+01
1.196220306356397600e+01
1.188995576028584189e+01
1.181668482999744185e+01
1.174236081203161675e+01
1.166700414935912633e+01
1.159068518858861374e+01
1.151337446905292872e+01
1.143519224099862264e+01
1.135600923648273941e+01
1.127599560938973333e+01
1.119512189905245236e+01
1.111340854844164383e+01
1.103092590416595087e+01
1.094774431283402727e+01
1.086378441014082163e+01
1.077916644633288357e+01
1.069391086438095861e+01
1.060798820361789652e+01
1.052151871429024688e+01
1.043447293573085588e+01
1.034692121454837377e+01
1.025888399371354964e+01
1.017033181255923502e+01
1.008138492133197239e+01
9.992113666640408454e+00
9.902438684179500683e+00
9.812480224195788026e+00
9.722308633297918945e+00
9.631944354456646096e+00
9.541407830642718579e+00
9.450769408464779531e+00
9.360099434531475637e+00
9.269368448175661968e+00
9.178596892368084070e+00
9.087954920993185581e+00
8.997363169745920430e+00
8.906891985234937081e+00
8.816561810430981083e+00
8.726487855328025844e+00
8.636665361633950155e+00
8.547084530804065494e+00
8.457735564293669128e+00
8.368708470833873037e+00
8.279993451879979816e+00
8.191630612525194977e+00
8.103560250586927083e+00
8.015872374796279232e+00
7.928607090246454270e+00
7.841704694754862537e+00
7.755255197052606242e+00
7.669248798594995975e+00
7.583725604475228366e+00
7.498675816148615780e+00
7.414089635070463480e+00
7.330106973609772147e+00
7.246618225946053649e+00
7.163663497172511718e+00
7.081332796020246789e+00
6.999566420306671866e+00
6.918454378762885604e+00
6.837986872844199482e+00
6.758204007643813682e+00
6.679145888254934604e+00
6.600852619770765983e+00
6.523364307284513330e+00
6.446621248613586097e+00
6.370713452489085604e+00
6.295681024004216475e+00
6.221464260976389049e+00
6.148153172136701983e+00
6.075737958940465866e+00
6.004208822842987736e+00
5.933655772575368914e+00
5.864069009592916437e+00
5.795438735350934678e+00
5.727854958580527622e+00
5.661257977099107386e+00
5.595787703275670211e+00
5.531384434927626437e+00
5.468088277148178911e+00
5.405889431392638222e+00
5.344877906392105693e+00
5.285043903601885695e+00
5.226327720839388569e+00
5.168869270473615884e+00
5.112608850321975318e+00
5.057586565477671492e+00
5.003892424671804839e+00
4.951413923823872132e+00
4.900276484002778155e+00
4.850502820741613874e+00
4.801965938659778388e+00
4.754838264204059861e+00
4.708992801993856503e+00
4.664452267562259280e+00
4.621289280080260298e+00
4.579426747805153575e+00
4.538937289907931216e+00
4.499743814645890794e+00
4.461869037552124162e+00
4.425335674159721400e+00
4.390116536363881217e+00
4.356234339697691915e+00
4.323711799694248015e+00
4.292521728248743784e+00
4.262636937256375269e+00
4.234080142250231660e+00
4.206824155125509890e+00
4.180941595053200288e+00
4.156355370290596873e+00
4.133138100008693527e+00
4.111212692464784269e+00
4.090601863191964505e+00
4.071278424085426728e+00
4.053314994316159492e+00
4.036584578503564558e+00
4.021209699456530728e+00
4.007113265432351135e+00
3.994268088326222710e+00
3.982696883671238641e+00
3.972422367000489452e+00
3.963367446571272712e+00
3.955554837916681610e+00
3.949007256569805779e+00
3.943697514425844375e+00
3.939598423379987224e+00
3.936732698965330179e+00
3.935073153077067065e+00
3.934592597610391707e+00
3.935313748098396402e+00
3.937159512798378724e+00
3.940202510881329445e+00
3.944365650604543472e+00
3.949671647501115324e+00
3.956043409828340796e+00
3.963553556757209773e+00
3.972124996545019826e+00
3.981730541086964781e+00
3.992394448504106297e+00
4.004097243631480119e+00
4.016820993892093128e+00
4.030547766708950874e+00
4.045309533142956937e+00
4.061038456979217059e+00
4.077766509278636597e+00
4.095425853826322182e+00
4.114078403865915945e+00
4.133661313546315164e+00
4.154166631018106237e+00
4.175586404431873788e+00
4.197902701210621146e+00
4.221097588777356968e+00
4.245163115282663213e+00
4.270081348149549427e+00
4.295829364437227404e+00
4.322399212296283544e+00
4.349767968785934080e+00
4.377917701329185896e+00
4.406830477349040542e+00
4.436478383540928938e+00
4.466843487327852635e+00
4.497907856132818516e+00
4.529648567015042815e+00
4.562047687397530638e+00
4.595077303975707572e+00
4.628714493808789854e+00
4.662936333955993717e+00
4.697719901476534510e+00
4.733037283065837819e+00
4.768870546146907863e+00
4.805191777415174670e+00
4.841968073202271405e+00
4.879181500931203175e+00
4.916799156933607584e+00
4.954793127904910222e+00
4.993140490904327322e+00
5.031808342263494715e+00
5.070768768677837102e+00
5.109998847206573380e+00
5.149455693453757199e+00
5.189116384478604793e+00
5.228943026248963122e+00
5.268917686187839067e+00
5.308997479899287164e+00
5.349154494078734778e+00
5.389350834694028869e+00
5.429563578804382118e+00
5.469749842013853502e+00
5.509885648257344393e+00
5.549957780063859758e+00
5.589951966838093256e+00
5.629858928348526526e+00
5.669664393999851448e+00
5.709359083560549664e+00
5.748928726435314829e+00
5.788359052028836160e+00
5.827640780109597962e+00
5.866759640082292115e+00
5.905701361351608725e+00
5.944446682958453465e+00
5.982991315035094182e+00
6.021315996622437439e+00
6.059406457125169787e+00
6.097248425947988437e+00
6.134827632495582606e+00
6.172129806172645949e+00
6.209135686020079703e+00
6.245831001442576635e+00
6.282176530025879835e+00
6.318217885540159173e+00
6.353895884115997816e+00
6.389166312975348205e+00
6.424034862978063920e+00
6.458557128621893462e+00
6.492589089852993212e+00
6.526186341169113447e+00
6.559354573430105972e+00
6.592049573857922340e+00
6.624227129674515879e+00
6.655892931739741059e+00
6.687002767275547654e+00
6.717612230779685945e+00
6.747627205836213449e+00
6.777053383304977530e+00
6.805896454045832655e+00
6.834112205280730379e+00
6.861706327869521616e+00
6.888634609034163248e+00
6.914902739634504414e+00
6.940416603254599082e+00
6.965281698030095114e+00
6.989403907545047367e+00
7.012739019021413611e+00
7.035342626956936130e+00
7.057170518573574469e+00
7.078178481093277519e+00
7.098372205375898858e+00
7.117707478643391816e+00
7.136192465395273743e+00
7.153795321051823031e+00
7.170586481948785007e+00
7.186436769870311103e+00
7.201466524790039792e+00
7.215596472130023642e+00
7.228897048226001765e+00
7.241288978500027618e+00
7.252792795649940949e+00
7.263429032373591276e+00
7.273218221368818348e+00
7.282081088057677398e+00
7.290088068775906649e+00
7.297259696221352065e+00
7.303466792178166855e+00
7.308829696619988603e+00
7.313319038606767464e+00
7.316905447198447376e+00
7.319609455092875194e+00
7.321451594987894218e+00
7.322402495943452827e+00
7.322482690657396986e+00
7.321712711827569109e+00
7.320013284876019100e+00
7.317454846138489621e+00
7.314008024674929942e+00
7.309743256821079171e+00
7.304581267998988103e+00
7.298542590906501815e+00
7.291697661879362968e+00
7.283917302701722107e+00
7.275321853347222145e+00
7.265881942875806132e+00
7.255618103985322698e+00
7.244451062097819971e+00
7.232451253549038839e+00
7.219639211036825266e+00
7.205985563621127632e+00
7.191510843999787461e+00
7.176235584870652495e+00
7.160130415293672002e+00
7.143215867966684840e+00
7.125512475587539640e+00
7.107040770854080591e+00
7.087821286464151882e+00
7.067824651477701892e+00
7.047071398592573033e+00
7.025532156868714573e+00
7.003277362641869175e+00
6.980277644971981665e+00
6.956552603734105666e+00
6.932068203874210965e+00
6.906939188429171317e+00
6.881030782246370769e+00
6.854457728362678637e+00
6.827185058901277692e+00
6.799227709623241189e+00
6.770600616289647711e+00
6.741318714661570510e+00
6.711347036862192361e+00
6.680700518652588293e+00
6.649443999431730035e+00
6.617542511322799470e+00
6.585010990086871630e+00
6.551864371485025984e+00
6.518067687640437313e+00
6.483735681589977595e+00
6.448783481818932017e+00
6.413325831364168117e+00
6.377277858710968417e+00
6.340704403258307309e+00
6.303570497129364902e+00
6.265990883361011399e+00
6.227930594076425130e+00
6.189354661398787982e+00
6.150327924727069906e+00
6.110865319822350372e+00
6.070981782445704411e+00
6.030642344720311243e+00
5.989911846045147037e+00
5.948805222181284158e+00
5.907387312527700551e+00
5.865573245569674299e+00
5.823427860706182457e+00
5.780966093698300945e+00
5.738202880307104792e+00
5.695203059931566614e+00
5.651931664694870960e+00
5.608453533995986895e+00
5.564733699958094526e+00
5.520837001980169134e+00
5.476778375823287526e+00
5.432572757248522954e+00
5.388235082016954891e+00
5.343780285889659254e+00
5.299223304627712849e+00
5.254628977630089182e+00
5.209962337019966583e+00
5.165288222196320334e+00
5.120571665282328766e+00
5.075874553814688106e+00
5.031197064243086992e+00
4.986586324792835256e+00
4.942039560051343372e+00
4.897504090968125112e+00
4.853027045768489423e+00
4.808655552677743472e+00
4.764386836283299509e+00
4.720218121172570669e+00
4.676096728295065397e+00
4.632119689513994665e+00
4.588284229416768056e+00
4.544537668952897569e+00
4.500927136347693924e+00
4.457449856188568482e+00
4.414152956700827524e+00
4.370983758833985711e+00
4.328039294451252239e+00
4.285216980864238856e+00
4.242663753574052343e+00
4.200326933530205586e+00
4.158203745320107281e+00
4.116291413531172338e+00
4.074637066388706153e+00
4.033237928480122747e+00
3.992141128030728847e+00
3.951293985990037338e+00
3.910693726945461801e+00
3.870487286398105908e+00
3.830522178021684265e+00
3.790945337317305430e+00
3.751704085234482289e+00
3.712795646360622648e+00
3.674317052558935703e+00
3.636215624778933897e+00
3.598488587608029032e+00
3.561232972909427641e+00
3.524396101632641276e+00
3.488025102002981104e+00
3.452067294969959121e+00
3.416619712396783637e+00
3.381629675232964427e+00
3.347144311703813546e+00
3.313210750034639052e+00
3.279776311174953829e+00
3.246838219712167906e+00
3.214493507509490922e+00
3.182739399154331572e+00
3.151523215596204075e+00
3.120892085060416044e+00
3.090891096728610066e+00
3.061507279969855055e+00
3.032725625109553569e+00
3.004531122473109495e+00
2.977008569661720561e+00
2.950043149724993263e+00
2.923719660264124887e+00
2.898023091604518875e+00
2.872938434071577785e+00
2.848500581628601314e+00
2.824644620963094432e+00
2.801405446038357283e+00
2.778768047179793754e+00
2.756767318350701768e+00
2.735388249876484323e+00
2.714665735720443340e+00
2.694534862570082456e+00
2.675030524388700925e+00
2.656187615139600666e+00
2.637941221510286649e+00
2.620376141101954826e+00
2.603397518419371615e+00
2.587075179972369021e+00
2.571384135358765644e+00
2.556319355631546220e+00
2.541885792571271008e+00
2.528078417230922970e+00
2.514897191027273049e+00
2.502337085013304208e+00
2.490403050969576704e+00
2.479095050312864590e+00
2.468403063732358849e+00
2.458337033372409497e+00
2.448891930286000829e+00
2.440067715889903788e+00
2.431854370873310245e+00
2.424246866289202718e+00
2.417250153918142797e+00
2.410854214449322352e+00
2.405059009299513662e+00
2.399854519157909039e+00
2.395240705441279871e+00
2.391217529566398436e+00
2.387779962586246807e+00
2.384922975553806168e+00
2.382641539522060370e+00
2.380930625543989709e+00
2.379795185400156665e+00
2.379220209415962461e+00
2.379205659008180263e+00
2.379737010891476157e+00
2.380811668065145881e+00
2.382432510281539351e+00
2.384587446201636762e+00
2.387274365213999161e+00
2.390486166343395613e+00
2.394225729342176479e+00
2.398480962871321953e+00
2.403244765955602880e+00
2.408520018347366953e+00
2.414294628707597479e+00
2.420566486424852393e+00
2.427323500160114111e+00
2.434568549665729442e+00
2.442284553238891043e+00
2.450469400268158626e+00
2.459115989778301703e+00
2.468212230430301801e+00
2.477751021248929320e+00
2.487730251622742195e+00
2.498132839848932640e+00
2.508951684952271499e+00
2.520174695593737191e+00
2.531799761161891205e+00
2.543814790317713737e+00
2.556202701358394780e+00
2.568961383672494936e+00
2.582073755557205530e+00
2.595537706401084499e+00
2.609331164137534742e+00
2.623452018155115084e+00
2.637888177114807053e+00
2.652622559313799311e+00
2.667653054140653790e+00
2.682952599164980967e+00
2.698519083775340999e+00
2.714335426268923435e+00
2.730384544942920932e+00
2.746659338822101670e+00
2.763142726203657862e+00
2.779822615748569259e+00
2.796681925754026743e+00
2.813703574517219863e+00
2.830875470699130592e+00
2.848185522960738680e+00
2.865611659235444364e+00
2.883141788184230059e+00
2.900763818468074184e+00
2.918450687656588549e+00
2.936195294774543996e+00
2.953982696545478959e+00
2.971796522670753227e+00
2.989642502733231400e+00
3.007516385588200780e+00
3.025408929727157137e+00
3.043310893641599346e+00
3.061228006914391120e+00
3.079146037673241132e+00
3.097060734773436685e+00
3.114967847070261975e+00
3.132863123419005191e+00
3.150737322311162991e+00
3.168586192602021789e+00
3.186400492783079130e+00
3.204170981345831226e+00
3.221893407145563604e+00
3.239563519037564454e+00
3.257167085149541119e+00
3.274699854336778682e+00
3.292152585090774242e+00
3.309521026266815991e+00
3.326790945992609494e+00
3.343963083487231369e+00
3.361018216514598755e+00
3.377952093929998512e+00
3.394760464588717497e+00
3.411429096618463053e+00
3.427948748510730503e+00
3.444310178757018281e+00
3.460504145848823043e+00
3.476521408277641001e+00
3.492357714898757681e+00
3.507993843476094220e+00
3.523430533228722794e+00
3.538648561920561875e+00
3.553638688043109894e+00
3.568396660451651492e+00
3.582913237637684212e+00
3.597169197365126081e+00
3.611165278853052829e+00
3.624882259865381595e+00
3.638315889257399238e+00
3.651446944793022897e+00
3.664276165691328746e+00
3.676784329716235256e+00
3.688957204995447547e+00
3.700795530748043127e+00
3.712280084737940022e+00
3.723401625456634001e+00
3.734150911395621275e+00
3.744515354032343701e+00
3.754493928606959852e+00
3.764082263345574830e+00
3.773280976838081280e+00
3.782095678038162490e+00
3.790512014444343603e+00
3.798540585374096334e+00
3.806177019053524457e+00
3.813421934072521946e+00
3.820265968293402370e+00
3.826714730669849018e+00
3.832768839791754534e+00
3.838423923885224021e+00
3.843675611176360363e+00
3.848524520255057091e+00
3.852971269711206848e+00
3.857011487770914737e+00
3.860650783387863161e+00
3.863879794424366132e+00
3.866709120197895810e+00
3.869129398570767098e+00
3.871151228860453486e+00
3.872765248929268100e+00
3.873977067730892898e+00
3.874782313491433872e+00
3.875181604800782331e+00
3.875180550612622898e+00
3.874769788789269587e+00
3.873954928284404353e+00
3.872731597324130970e+00
3.871100414498344300e+00
3.869061998396936541e+00
3.866621957973591428e+00
3.863775921454412288e+00
3.860524507429292651e+00
3.856873324851915807e+00
3.852818001948385085e+00
3.848364147672384217e+00
3.843507390250016531e+00
3.838258328998755076e+00
3.832602611417124105e+00
3.826555827186385539e+00
3.820108614168853833e+00
3.813266581318212722e+00
3.806030347224355292e+00
3.798400530477174186e+00
3.790382740030353581e+00
3.781977594473787008e+00
3.773190702761156423e+00
3.764022683482357134e+00
3.754478973162851840e+00
3.744559328251438668e+00
3.734268323132487577e+00
3.723605541826577436e+00
3.712575558718077318e+00
3.701182948191356736e+00
3.689422303903205247e+00
3.677298200237990589e+00
3.664815211580083609e+00
3.651977912313852936e+00
3.638790876823667197e+00
3.625258679493895908e+00
3.611375913981327734e+00
3.597162125761701912e+00
3.582611908491808439e+00
3.567729836556014167e+00
3.552525474702480590e+00
3.537003397315575448e+00
3.521168178779668256e+00
3.505029383842917401e+00
3.488586596525902195e+00
3.471849381576782356e+00
3.454827303743715383e+00
3.437519947047281921e+00
3.419931885871850152e+00
3.402077675329368667e+00
3.383951909076627462e+00
3.365569142225576460e+00
3.346933949160582067e+00
3.328050904266014243e+00
3.308929572290033150e+00
3.289579517980796286e+00
3.270005315722671835e+00
3.250226510991401696e+00
3.230242687807562074e+00
3.210073391646891316e+00
3.189718206529970512e+00
3.169196677932537121e+00
3.148503399511380696e+00
3.127662907106029344e+00
3.106669794373272175e+00
3.085538616425059999e+00
3.064283928373339627e+00
3.042905314238688153e+00
3.021412338769268846e+00
2.999824547440817835e+00
2.978151505001493948e+00
2.956397785835665815e+00
2.934577945055284243e+00
2.912701547408505398e+00
2.890781658297313594e+00
2.868815403556251198e+00
2.846808400037474041e+00
2.824766264593137066e+00
2.802679642984028163e+00
2.780559142426093366e+00
2.758405389407698305e+00
2.736219010417208164e+00
2.714005622306780552e+00
2.691770841928571301e+00
2.669515295770945595e+00
2.647254581413640562e+00
2.624994315708810255e+00
2.602730134781033211e+00
2.580477636210043002e+00
2.558232456120417719e+00
2.536010192091891824e+00
2.513806480249043407e+00
2.491631927807816282e+00
2.469492151620366727e+00
2.447382787811272831e+00
2.425314443596477521e+00
2.403297726191929495e+00
2.381328271722204182e+00
2.359426668130826688e+00
2.337593541906163974e+00
2.315829519536580339e+00
2.294155188965603109e+00
2.272566186317808157e+00
2.251073118809141071e+00
2.229676612927967927e+00
2.208392266254024516e+00
2.187220705275677801e+00
2.166167546845082281e+00
2.145238407814395121e+00
2.124443895399561466e+00
2.103794616816527796e+00
2.083286208189869981e+00
2.062944247826902888e+00
2.042764371852204164e+00
2.022762177845508713e+00
2.002943282658971924e+00
1.983323283872329812e+00
1.963902807973948672e+00
1.944687471815984559e+00
1.925692872978172376e+00
1.906919637948879975e+00
1.888378373944051836e+00
1.870074697815844011e+00
1.852019216780202315e+00
1.834211262656871400e+00
1.816664950046264160e+00
1.799368147061224832e+00
1.782328683269754022e+00
1.765549397876065241e+00
1.749023149356790041e+00
1.732757767279931249e+00
1.716751100485911508e+00
1.701000997815152349e+00
1.685515288835656156e+00
1.670286832024055590e+00
1.655323456948352812e+00
1.640618022085180483e+00
1.626183347366330079e+00
1.612007300904644724e+00
1.598097712268126358e+00
1.584457420660987159e+00
1.571079284559860012e+00
1.557966143168956652e+00
1.545120835692490591e+00
1.532541210970883139e+00
1.520235098572135568e+00
1.508195356972881873e+00
1.496429815741123992e+00
1.484936323717283679e+00
1.473722710469363539e+00
1.462781834473995790e+00
1.452126515662972572e+00
1.441744622149136124e+00
1.431648973864278807e+00
1.421827438921244413e+00
1.412287846888032217e+00
1.403023056241277544e+00
1.394040896548981445e+00
1.385339216651567007e+00
1.376910875025665559e+00
1.368768691603070131e+00
1.360900534496622294e+00
1.353314233274325318e+00
1.346012627140391160e+00
1.338988574571451595e+00
1.332244914771719690e+00
1.325784486945408069e+00
1.319600149569148728e+00
1.313699732210943383e+00
1.308071102983635381e+00
1.302722091455226661e+00
1.297645556102350550e+00
1.292844336129217897e+00
1.288321270740042213e+00
1.284069228532082052e+00
1.280086108948893964e+00
1.276379802282241238e+00
1.272943227732516558e+00
1.269774294863903696e+00
1.266880893968165722e+00
1.264250953881905115e+00
1.261892364896885166e+00
1.259793055849710131e+00
1.257955926668351765e+00
1.256373896553204084e+00
1.255054855796030377e+00
1.253986733233433570e+00
1.253167438429596992e+00
1.252599871312493729e+00
1.252281941446306668e+00
1.252201577667639620e+00
1.252366670268255877e+00
1.252770138448547899e+00
1.253409891772699458e+00
1.254283839804893441e+00
1.255384901745523640e+00
1.256710987158772941e+00
1.258264995972614431e+00
1.260029866659861719e+00
1.262013489512277653e+00
1.264208783730256025e+00
1.266608668514189961e+00
1.269211053428262570e+00
1.272013848036656958e+00
1.275004981175977159e+00
1.278187352774196039e+00
1.281553882031706504e+00
1.285102478512692326e+00
1.288821071053757095e+00
1.292707569219083252e+00
1.296759882572855016e+00
1.300970930315465290e+00
1.305338622011097405e+00
1.309850886496354727e+00
1.314505633335420809e+00
1.319300772092478535e+00
1.324224231604131718e+00
1.329273921434563466e+00
1.334442760784167348e+00
1.339718678489546733e+00
1.345104574478675152e+00
1.350588377588155531e+00
1.356163007018381439e+00
1.361821381969746669e+00
1.367557257730702247e+00
1.373367733941929902e+00
1.379250746332171040e+00
1.385204230630164846e+00
1.391231112928440927e+00
1.397319348228160063e+00
1.403471862621853194e+00
1.409681601474469081e+00
1.415946500514748685e+00
1.422269485835221836e+00
1.428638512437048647e+00
1.435051516048969633e+00
1.441511422763514405e+00
1.448006187581843740e+00
1.454538736596487469e+00
1.461102015172395907e+00
1.467693959038308904e+00
1.474307513559177218e+00
1.480945604827530460e+00
1.487591197480739202e+00
1.494252207975123481e+00
1.500916591311843851e+00
1.507582283219639940e+00
1.514242229063462508e+00
1.520899354935841163e+00
1.527536625474147147e+00
1.534156966770910069e+00
1.540753324191079798e+00
1.547323633463397297e+00
1.553855849589022453e+00
1.560347908296695341e+00
1.566797745315156698e+00
1.573193315645566415e+00
1.579532555016665007e+00
1.585813399157191883e+00
1.592023803068308929e+00
1.598156712114964906e+00
1.604215052389691198e+00
1.610181788529857272e+00
1.616059846627993846e+00
1.621837181685261031e+00
1.627511729430399123e+00
1.633071444864568678e+00
1.638514263716509989e+00
1.643838121714962242e+00
1.649025983497297565e+00
1.654080775156045124e+00
1.658990451692365253e+00
1.663747958471208266e+00
1.668351231221315123e+00
1.672789771999773301e+00
1.677064261451173266e+00
1.681181917639822165e+00
1.685144968266238719e+00
1.688950650667149445e+00
1.692601192543073063e+00
1.696103811958316721e+00
1.699455746249608934e+00
1.702664213481256850e+00
1.705726450989988319e+00
1.708649676840111153e+00
1.711431128368353427e+00
1.714073033275232749e+00
1.716582609625057154e+00
1.718957094754553827e+00
1.721198716364240822e+00
1.723309702154635970e+00
1.725297270190047305e+00
1.727153667443412477e+00
1.728891102342828834e+00
1.730501821861234468e+00
1.731993044062937637e+00
1.733366996648455505e+00
1.734620916954516145e+00
1.735762023045427149e+00
1.736792542621706570e+00
1.737709713020082036e+00
1.738515761941071380e+00
1.739217907448982192e+00
1.739813386880542767e+00
1.740309418300060251e+00
1.740703239044262718e+00
1.741002067177457757e+00
1.741203140036373664e+00
1.741308685321527605e+00
1.741325921097227614e+00
1.741247094336412005e+00
1.741084413467177239e+00
1.740835115826252277e+00
1.740496438750364749e+00
1.740080590667612004e+00
1.739584808914722114e+00
1.739011321192213133e+00
1.738367345564391986e+00
1.737645129004196765e+00
1.736856879939725706e+00
1.735999835707706440e+00
1.735081214372446112e+00
1.734093262906883037e+00
1.733048189739115008e+00
