# te
1.988482867429400391e+00
2.506822335248177325e+00
2.607230324240271457e+00
2.452727590864418161e+00
2.173201359199559590e+00
1.852043139754012691e+00
1.540734534208596074e+00
1.266472865266029979e+00
1.044952063650524954e+00
8.827158043313053648e-01
7.820152700965096182e-01
7.331507163677750682e-01
7.231076807802180317e-01
7.417729458320366787e-01
7.812623746430978899e-01
8.310385198087594238e-01
8.823458714571262851e-01
9.323460674497338063e-01
9.742082496777203504e-01
1.010733566113390047e+00
1.043184117316642290e+00
1.072838290238792736e+00
1.101042517516840347e+00
1.126404909865239778e+00
1.154448728031866711e+00
1.185519851363556310e+00
1.215515966466779618e+00
1.247361442264119713e+00
1.275548315947055533e+00
1.303516638812649564e+00
1.324383517191823456e+00
1.337716796097137451e+00
1.345652866312262441e+00
1.342748581764042770e+00
1.335914298911268894e+00
1.319233741414673977e+00
1.292490272478470370e+00
1.257766796890757321e+00
1.217034929814513333e+00
1.171914451225877896e+00
1.122572887079524850e+00
1.068546467771062547e+00
1.008293505117509037e+00
9.400677060205017144e-01
8.627275092677066937e-01
7.763026902434639887e-01
6.811033825718074697e-01
5.774896235146683710e-01
4.659147701368475114e-01
3.467795406241289680e-01
2.201383597511526180e-01
8.581805125907285281e-02
-5.693174658688048007e-02
-2.091097160236565222e-01
-3.718438313366519976e-01
-5.450561621957223934e-01
-7.279109832519012890e-01
-9.193794420775579512e-01
-1.118153225872834833e+00
-1.323220738876788483e+00
-1.534996790946044243e+00
-1.754262774069197839e+00
-1.981795089871055460e+00
-2.218410062886742029e+00
-2.464782030579041550e+00
-2.720453471013136060e+00
-2.984680154631963678e+00
-3.256737813333622000e+00
-3.536031928474742791e+00
-3.822205015372411196e+00
-4.115732946818361881e+00
-4.417153966832143119e+00
-4.726287707047576170e+00
-5.042729232727940492e+00
-5.366049603784757593e+00
-5.695364552529635915e+00
-6.030499389399528454e+00
-6.371479039382967002e+00
-6.718428234744287408e+00
-7.071293246308772318e+00
-7.429805535524475424e+00
-7.793767620589885148e+00
-8.162782405151903120e+00
-8.536702311046919789e+00
-8.915107511608862723e+00
-9.297636969833481757e+00
-9.683906918403547337e+00
-1.007358349363974170e+01
-1.046643263913853161e+01
-1.086207698846413194e+01
-1.126036439325810612e+01
-1.166094949149185389e+01
-1.206368653568837956e+01
-1.246823016381908467e+01
-1.287428491749327719e+01
-1.328155533832026158e+01
-1.368974596790934228e+01
-1.409851144423192437e+01
-1.450750640525941826e+01
-1.491638548896322902e+01
-1.532495304422845628e+01
-1.573266409447491299e+01
-1.613927308494980650e+01
-1.654438474998664788e+01
-1.694755392028104524e+01
-1.734848513744229948e+01
-1.774678313580392697e+01
-1.814200274606153585e+01
-1.853384850982442700e+01
-1.892197706810983604e+01
-1.930590336320458889e+01
-1.968539385863082103e+01
-2.006001540335908118e+01
-2.042943465363572386e+01
-2.079331826570707520e+01
-2.115128299218158503e+01
-2.150294558566770320e+01
-2.184802260604966762e+01
-2.218613080593592457e+01
-2.251688693793492391e+01
-2.284000756193089643e+01
-2.315510943053229198e+01
-2.346180929634756396e+01
-2.375982371926094316e+01
-2.404881935551876992e+01
-2.432841295772950119e+01
-2.459832108577737131e+01
-2.485821039590872772e+01
-2.510769764073200605e+01
-2.534650177086616551e+01
-2.557430139623108190e+01
-2.579082742111925342e+01
-2.599571094254738313e+01
-2.618878267208373600e+01
-2.636962380310713172e+01
-2.653796523991004719e+01
-2.669358779042288177e+01
-2.683622235893811592e+01
-2.696559984974824786e+01
-2.708150107078366631e+01
-2.718360702269896478e+01
-2.727174841706242248e+01
-2.734565615816653761e+01
-2.740501124666590371e+01
-2.744969429776670822e+01
-2.747933640848563996e+01
-2.749376829039098524e+01
-2.749272084777523517e+01
-2.747592498493088442e+01
-2.744321391577497593e+01
-2.739443086361951174e+01
-2.732942155412527541e+01
-2.724813152022882790e+01
-2.715035658395304097e+01
-2.703604227823448269e+01
-2.690503432873391532e+01
-2.675722836475001287e+01
-2.659252001558143874e+01
-2.641085481416476100e+01
-2.621207848616074898e+01
-2.599618646814385770e+01
-2.576297458213697311e+01
-2.551248816835245137e+01
-2.524457295245105115e+01
-2.495922437100724167e+01
-2.465638795695759811e+01
-2.433615895415235642e+01
-2.399848289552810598e+01
-2.364335521765929116e+01
-2.327077135712038114e+01
-2.288077665412374273e+01
-2.247336654524382737e+01
-2.204858637069299832e+01
-2.160658127795941752e+01
-2.114734862466815457e+01
-2.067094335628459589e+01
-2.017747224296266140e+01
-1.966699215121835209e+01
-1.913965975484346771e+01
-1.859563172762981864e+01
-1.803501483973129993e+01
-1.745796576493972196e+01
-1.686469108068477496e+01
-1.625519774984458010e+01
-1.562979215712462278e+01
-1.498858107267882112e+01
-1.433182097757475582e+01
-1.365966854560423904e+01
-1.297238025783486037e+01
-1.227021259533423247e+01
-1.155327232825624861e+01
-1.082181593766850725e+01
-1.007619971191440733e+01
-9.316630228423642635e+00
-8.543463775539610339e+00
-7.756956834329904460e+00
-6.957415789500022818e+00
-6.145097122117564759e+00
-5.320407024163819720e+00
-4.483545027650282400e+00
-3.634932001105114274e+00
-2.774732249448789823e+00
-1.903309692153368538e+00
-1.020978345053013436e+00
-1.280023203439896451e-01
7.753492794136445099e-01
1.688657640746141775e+00
2.611548863453861280e+00
3.543634076245795406e+00
4.484530396267479624e+00
5.433845958009628774e+00
6.391194884399509668e+00
7.356187306073351806e+00
8.328414390284988755e+00
9.307462313924457220e+00
1.029290228279043617e+01
1.128438035813843676e+01
1.228142283249302835e+01
1.328366578638214435e+01
1.429059558942003427e+01
1.530189822577253267e+01
1.631701016141598970e+01
1.733556747687834232e+01
1.835700663813594247e+01
1.938096372571671822e+01
2.040692510923492975e+01
2.143442706194270997e+01
2.246300585709220954e+01
2.349219776793556846e+01
2.452148916408703272e+01
2.555041631879874231e+01
2.657846560168494676e+01
2.760512338235989560e+01
2.862997583771361576e+01
2.965245943372247339e+01
3.067206054000070381e+01
3.168831542980045057e+01
3.270071047273596321e+01
3.370863223114568541e+01
3.471171678555756301e+01
3.570935069831004682e+01
3.670102033901737570e+01
3.768631188456960501e+01
3.866466180094305827e+01
3.963560636138990390e+01
4.059863193552438076e+01
4.155317498932281950e+01
4.249882169967528256e+01
4.343500853255811478e+01
4.436113744979983409e+01
4.527682172210298717e+01
4.618159021238442818e+01
4.707492187992306754e+01
4.795644539491153324e+01
4.882568962026665105e+01
4.968233312981895011e+01
5.052575507557156698e+01
5.135633268228560411e+01
5.217264664375782246e+01
5.297527379930089353e+01
5.376329387909058966e+01
5.453678468606060648e+01
5.529482595038668791e+01
5.603799451138153387e+01
5.676487106284189110e+01
5.747503437132250781e+01
5.816906127613606259e+01
5.884553247107933061e+01
5.950502479546499046e+01
6.014611894308980311e+01
6.076939175326647558e+01
6.137392295617073756e+01
6.196028939111527478e+01
6.252707175189686950e+01
6.307484687782820743e+01
6.360269449908502537e+01
6.411019338222205022e+01
6.459792036655198899e+01
6.506495518225054298e+01
6.551137563225147176e+01
6.593676048310946669e+01
6.634068850137926177e+01
6.672273845361559097e+01
6.708298814275217126e+01
6.742151537172269116e+01
6.773789890708188466e+01
6.803121847900548858e+01
6.830254996318518579e+01
6.855047405341773015e+01
6.877556758901580736e+01
6.897740933653415141e+01
6.915607709890646504e+01
6.931065060630848507e+01
6.944170669805291141e+01
6.954882414069447805e+01
6.963108266440890759e+01
6.968905910850889995e+01
6.972283127592817209e+01
6.973197793322141536e+01
6.971658209199114253e+01
6.967674759851496447e+01
6.961258350773920256e+01
6.952419887461027770e+01
6.941120371769558517e+01
6.927370709194147480e+01
6.911181805229433905e+01
6.892564565370055618e+01
6.871529895110649022e+01
6.848088699945851943e+01
6.822152078094507033e+01
6.793830742327047290e+01
6.763085694500212242e+01
6.729927840108639714e+01
6.694368084646966111e+01
6.656417333609829257e+01
6.616136396129766695e+01
6.573486274063515111e+01
6.528477872905713753e+01
6.481172001788898740e+01
6.431579566207703635e+01
6.379661568018871520e+01
6.325478816354939227e+01
6.269092120348438613e+01
6.210462481856110628e+01
6.149650710010489263e+01
6.086617806668316177e+01
6.021424580962127493e+01
5.954181745662353364e+01
5.884800398987838577e+01
5.813341350071116409e+01
5.739815504406823266e+01
5.664333574765396406e+01
5.586856563003570386e+01
5.507445278253886300e+01
5.426110626010976290e+01
5.342963319045274062e+01
5.257964359213523409e+01
5.171224459286153774e+01
5.082754524757804404e+01
4.992565461123110993e+01
4.900668173876712785e+01
4.807173375789041359e+01
4.712042068716836951e+01
4.615335061792636395e+01
4.517063260511073963e+01
4.417287474004688619e+01
4.316018607768115345e+01
4.213417278209683303e+01
4.109444487186137707e+01
4.004209274416600550e+01
3.897764083777069288e+01
3.790109782454338472e+01
3.681396948548895409e+01
3.571576545609635644e+01
3.460699344461249893e+01
3.348816115928429582e+01
3.235977630835866847e+01
3.122184756370353043e+01
3.007538166994478246e+01
2.891968864801979322e+01
2.775602476074393721e+01
2.658479790908832641e+01
2.540646589766198460e+01
2.422158633834971653e+01
2.303071684303631983e+01
2.183431521633082895e+01
2.063298897375593555e+01
1.942724582355856100e+01
1.821754357034771132e+01
1.700448972964609951e+01
1.578854210606273156e+01
1.457025831148243356e+01
1.335019595778999602e+01
1.212876294595654159e+01
1.090656679150478503e+01
9.684065299043732367e+00
8.461766176820292529e+00
7.240227036719283582e+00
6.019955586987610907e+00
4.801409632234292069e+00
3.585146784344131365e+00
2.371724655201939758e+00
1.161750760330430232e+00
-4.426719202348668863e-02
-1.245671782699216079e+00
-2.441955303449840464e+00
-3.632510238752641563e+00
-4.816778976722829064e+00
-5.994203905475583127e+00
-7.164227413126096344e+00
-8.326291887789562196e+00
-9.479889621219061979e+00
-1.062451290516768587e+01
-1.175955422411273510e+01
-1.288451086017107805e+01
-1.399883518218548595e+01
-1.510201449154526721e+01
-1.619351113782075657e+01
-1.727280044552817273e+01
-1.833938537890382392e+01
-1.939285550731831975e+01
-2.043284301095374289e+01
-2.145894813166393078e+01
-2.247080105348544876e+01
-2.346807687372898954e+01
-2.445031594988289925e+01
-2.541715844671133340e+01
-2.636824452897844040e+01
-2.730316445781048174e+01
-2.822170810888529857e+01
-2.912346574332914528e+01
-3.000822723681986659e+01
-3.087563275412161090e+01
-3.172542226727433601e+01
-3.255733574831797483e+01
-3.337096345837879596e+01
-3.416609527313462991e+01
-3.494237135734963573e+01
-3.569953168306376057e+01
-3.643726631867905752e+01
-3.715521542895967855e+01
-3.785311898594557078e+01
-3.853071696167666715e+01
-3.918774932819292900e+01
-3.982415567208590090e+01
-4.043972586903340982e+01
-4.103429969835120517e+01
-4.160776684299293748e+01
-4.215986727499853970e+01
-4.269054058095955639e+01
-4.319962654019173698e+01
-4.368686512473502148e+01
-4.415219592118093317e+01
-4.459535890156944760e+01
-4.501624374885418689e+01
-4.541469024235090046e+01
-4.579053816137533062e+01
-4.614362728524322677e+01
-4.647394710418400621e+01
-4.678138730115131239e+01
-4.706588746273671120e+01
-4.732728736825591653e+01
-4.756557650793836700e+01
-4.778069446837560719e+01
-4.797258083615917457e+01
-4.814137481243221117e+01
-4.828706588742412009e+01
-4.840969345500226950e+01
-4.850934681267186477e+01
-4.858606724022394729e+01
-4.863985365750640000e+01
-4.867075677392868727e+01
-4.867877739526242209e+01
-4.866396623091706175e+01
-4.862632408666419792e+01
-4.856590167191328078e+01
-4.848264988879803639e+01
-4.837676915764159702e+01
-4.824845989876716601e+01
-4.809737359248101995e+01
-4.792515786460537441e+01
-4.773096515906753723e+01
-4.751544502893177224e+01
-4.727874799088334612e+01
-4.702152359798651560e+01
-4.674342333054757859e+01
-4.644509674163077051e+01
-4.612669434792137935e+01
-4.578836666610468598e+01
-4.542976517648696699e+01
-4.505203846851145499e+01
-4.465433898610548624e+01
-4.423831435509124788e+01
-4.380311701939607616e+01
-4.334939653208420651e+01
-4.287780244621988857e+01
-4.238848527848841741e+01
-4.188229419650561169e+01
-4.135898048785357872e+01
-4.081919370559656102e+01
-4.026328398097142269e+01
-3.969165134885293611e+01
-3.910469584411585942e+01
-3.850276759799704962e+01
-3.788631654900917312e+01
-3.725569282838910112e+01
-3.661139627828737986e+01
-3.595392674085456264e+01
-3.528373415460332296e+01
-3.460136826532212240e+01
-3.390722910788570488e+01
-3.320191633172043311e+01
-3.248578006806316409e+01
-3.175946986997815102e+01
-3.102338577234017336e+01
-3.027807752093766780e+01
-2.952409486155910656e+01
-2.876193763635501455e+01
-2.799205578383809367e+01
-2.721502152822092313e+01
-2.643129739286111857e+01
-2.564121866862675247e+01
-2.484537016457537462e+01
-2.404413707521296217e+01
-2.323795449868336860e+01
-2.242725753313046511e+01
-2.161253118033601339e+01
-2.079421053844386691e+01
-1.997278060923578735e+01
-1.914862658721775901e+01
-1.832223347417152937e+01
-1.749408627187886012e+01
-1.666457017484571779e+01
-1.583417018485386762e+01
-1.500342120732296181e+01
-1.417270843675897218e+01
-1.334256677858155804e+01
-1.251348123457248107e+01
-1.168588690287559828e+01
-1.086031868891057783e+01
-1.003721169082127673e+01
-9.217050910389460228e+00
-8.400371253034782271e+00
-7.587607816901114965e+00
-6.779245603770211126e+00
-5.975769615423837777e+00
-5.177714757281654201e+00
-4.385466223849622480e+00
-3.599658727823199289e+00
-2.820727367346248293e+00
-2.049306855114224835e+00
-1.285782385633091440e+00
-5.307886715983063386e-01
2.152391888462667491e-01
9.516664830051771995e-01
1.678108016372455547e+00
2.394028883528444229e+00
3.098894179053479636e+00
3.792268804803702764e+00
4.473667758997354582e+00
5.142556136214768259e+00
5.798483867220720178e+00
6.440970940597227745e+00
7.069572277472859767e+00
7.683837808612373088e+00
8.283307484052961911e+00
8.867541215286966150e+00
9.436072464878654031e+00
9.988455654920199933e+00
1.052425044967499801e+01
1.104313429514884959e+01
1.154481233615581992e+01
1.202899969823756443e+01
1.249539653584435861e+01
1.294370799379026948e+01
1.337368912052727232e+01
1.378502509941427157e+01
1.417755581508766305e+01
1.455102134490804211e+01
1.490516176623601474e+01
1.523986686734586371e+01
1.555477691832239273e+01
1.584973180380200120e+01
1.612457140842107961e+01
1.637913561681601848e+01
1.661316450634741670e+01
1.682654786528957302e+01
1.701912557827887085e+01
1.719073752995171134e+01
1.734117370130658031e+01
1.747042368789357880e+01
1.757827747071119262e+01
1.766472464530950859e+01
1.772970490360072304e+01
1.777310803385911697e+01
1.779482382435898913e+01
1.779474206337462405e+01
1.777290225009402036e+01
1.772919417279145193e+01
1.766350761974122108e+01
1.757578228285550992e+01
1.746600775768440883e+01
1.733407383250220946e+01
1.717997010285900217e+01
1.700363626066696554e+01
1.680516170875198867e+01
1.658453604266415482e+01
1.634179876159145550e+01
1.607693946108397043e+01
1.579004754396758159e+01
1.548106270215448355e+01
1.515012424210845055e+01
1.479732156665536458e+01
1.442274407862111119e+01
1.402648118083156703e+01
1.360857237247472540e+01
1.316920686365225812e+01
1.270842415355215138e+01
1.222641345227607523e+01
1.172336087082936373e+01
1.119949002746980682e+01
1.065487173044516389e+01
1.008972649891687290e+01
9.504224948408481310e+00
8.898587598081441286e+00
8.272935159821393825e+00
7.627538056427680679e+00
6.962666710699651595e+00
6.278491738160848712e+00
5.575233657972713530e+00
4.853112989296694657e+00
4.112400154932134733e+00
3.353415481316273983e+00
2.576479294886351301e+00
1.782011729355399421e+00
9.702832075227673103e-01
1.417138631014797368e-01
-7.033759774712123880e-01
-1.564616084120176387e+00
-2.441686130408175170e+00
-3.334165982622168123e+00
-4.241685410687019875e+00
-5.163924088165489756e+00
-6.100511784982444397e+00
-7.051028367424836851e+00
-8.015153509055444658e+00
-8.992467076161213768e+00
-9.982449127753328710e+00
-1.098467953011874521e+01
-1.199873814954442963e+01
-1.302410504504155853e+01
-1.406040998653498697e+01
-1.510713303303587907e+01
-1.616377420501056861e+01
-1.722984849401675689e+01
-1.830484094942940487e+01
-1.938823662062346287e+01
-2.047953552806526289e+01
-2.157822371920252635e+01
-2.268378324919192579e+01
-2.379565225798880590e+01
-2.491326489325747673e+01
-2.603604632000739727e+01
-2.716343168397565577e+01
-2.829485613089930141e+01
-2.942969991251370487e+01
-3.056748301074035723e+01
-3.170748587003884111e+01
-3.284918854942031885e+01
-3.399195678246698549e+01
-3.513534774833786400e+01
-3.627900391531454716e+01
-3.742251784804078341e+01
-3.856548211116027147e+01
-3.970738946204095754e+01
-4.084793227260235682e+01
-4.198655339657448593e+01
-4.312289530223898737e+01
-4.425650065060168714e+01
-4.538691210266839704e+01
-4.651372222308283000e+01
-4.763642376921294641e+01
-4.875455940206453676e+01
-4.986772168628135660e+01
-5.097545328286921773e+01
-5.207724694919605213e+01
-5.317264534626767158e+01
-5.426124103872782456e+01
-5.534252678394441460e+01
-5.641604524292327483e+01
-5.748138898030814659e+01
-5.853800084982902519e+01
-5.958552331976756733e+01
-6.062339924385378964e+01
-6.165117128309349681e+01
-6.266843200213045151e+01
-6.367457435105676211e+01
-6.466914099087826173e+01
-6.565167458260077638e+01
-6.662156807631642153e+01
-6.757841403666894564e+01
-6.852165531738837956e+01
-6.945093438675631603e+01
-7.036579390577858817e+01
-7.126552701727156602e+01
-7.215027522589582532e+01
-7.301958119265718494e+01
-7.387248854218250926e+01
-7.470853993547761718e+01
-7.552777706992731055e+01
-7.632974260653740828e+01
-7.711397920631374348e+01
-7.787953049388318050e+01
-7.862643816663047858e+01
-7.935374584918254470e+01
-8.006149523892412390e+01
-8.074872996048210894e+01
-8.141549171124127326e+01
-8.206132315220746420e+01
-8.268579807688142580e+01
-8.328861480874360268e+01
-8.387000184014834758e+01
-8.442869055431305014e+01
-8.496540847997107448e+01
-8.547938603671883584e+01
-8.597085171691063010e+01
-8.644003401290081001e+01
-8.688566430790683626e+01
-8.730847013066200191e+01
-8.770818093714169095e+01
-8.808402714694231861e+01
-8.843623725241818079e+01
-8.876454070954468989e+01
-8.906916601067618444e+01
-8.934984261178804843e+01
-8.960580093247664024e+01
-8.983726946509636946e+01
-9.004397766562256322e+01
-9.022665306278857145e+01
-9.038452607619076673e+01
-9.051782519818351602e+01
-9.062677892112117206e+01
-9.071111670097906199e+01
-9.077056799373259821e+01
-9.080586032811514485e+01
-9.081622412372301767e+01
-9.080238690928959500e+01
-9.076308006803228068e+01
-9.069953016506337917e+01
-9.061146665635824604e+01
-9.049811996151331073e+01
-9.036021760926188051e+01
-9.019699001920032799e+01
-9.000966375644100026e+01
-8.979746924058026991e+01
-8.956063496397248969e+01
-8.929938941897199811e+01
-8.901346206155417917e+01
-8.870258234769441685e+01
-8.836797684250498719e+01
-8.800937500196127417e+01
-8.762650628203867598e+01
-8.721959917509147431e+01
-8.678888217347409295e+01
-8.633508280591982498e+01
-8.585743149202507141e+01
-8.535665576052312531e+01
-8.483298410376841048e+01
-8.428664501411518017e+01
-8.371736066942951027e+01
-8.312532317151882921e+01
-8.251171541683915223e+01
-8.187572415633057688e+01
-8.121803325007017804e+01
-8.053882752175600501e+01
-7.983829179508617813e+01
-7.911760896651664154e+01
-7.837596578698759231e+01
-7.761404611657602004e+01
-7.683203477898004508e+01
-7.603011659789771670e+01
-7.520897543340603875e+01
-7.436779803644519404e+01
-7.350776730347119781e+01
-7.262856902180310215e+01
-7.173038801513899898e+01
-7.081340910717698023e+01
-6.987881519437304689e+01
-6.892679110042529089e+01
-6.795752164903177572e+01
-6.697119166389052225e+01
-6.596898404145764516e+01
-6.495108360543115111e+01
-6.391767517950911781e+01
-6.286994166014760310e+01
-6.180756883466568041e+01
-6.073173959951935785e+01
-5.964213974202776569e+01
-5.854045119502586658e+01
-5.742635974583278369e+01
-5.630054925452554926e+01
-5.516270550842326514e+01
-5.401401140398195366e+01
-5.285415272852070956e+01
-5.168331430573761054e+01
-5.050267903208866471e+01
-4.931143365851399807e+01
-4.811126011784862300e+01
-4.690184419741161292e+01
-4.568536686641696321e+01
-4.446151391218376148e+01
-4.323146823116803716e+01
-4.199591368344682252e+01
-4.075603316547616117e+01
-3.951151246457513366e+01
-3.826353447719977652e+01
-3.701228402704816034e+01
-3.575844497419731738e+01
-3.450170310596635659e+01
-3.324370061168792034e+01
-3.198392456116930305e+01
-3.072282035347340923e+01
-2.946133242404210861e+01
-2.819890809918033625e+01
-2.693699085070896615e+01
-2.567452896855395039e+01
-2.441346496091510687e+01
-2.315324615409739906e+01
-2.189431794716371016e+01
-2.063772458283170863e+01
-1.938386155652641563e+01
-1.813332397822440001e+01
-1.688665705426435792e+01
-1.564440599098498197e+01
-1.440711599472496651e+01
-1.317508275363351444e+01
-1.194840234130824008e+01
-1.072732054226045939e+01
-9.512083141001459907e+00
-8.302886018404667112e+00
-7.099875151705576926e+00
-5.903346229053417105e+00
-4.713944264062651435e+00
-3.532414077623571291e+00
-2.359500490626460500e+00
-1.195948323961604443e+00
-4.240259124349017583e-02
1.100341982999705648e+00
2.231640385153484729e+00
3.351296734344453299e+00
4.459015342423393591e+00
5.554700135792695725e+00
6.638155233578951098e+00
7.709134851270855293e+00
8.767542915270805537e+00
9.813033833791672933e+00
1.084516220777058493e+01
1.186323311995514729e+01
1.286670136400666564e+01
1.385487202267275819e+01
1.482719988961473057e+01
1.578303995121808967e+01
1.672179709750625065e+01
1.764317564033001418e+01
1.854674515171783611e+01
1.943224487606705608e+01
2.029931924086299588e+01
2.114764660806472918e+01
2.197689436083101455e+01
2.278677526117948204e+01
2.357715164823502718e+01
2.434792125925383388e+01
2.509898183149208961e+01
2.583023110220598184e+01
2.654159176047064506e+01
2.723295655317848940e+01
2.790416832358401322e+01
2.855492020402802211e+01
2.918490532685131811e+01
2.979376692075681987e+01
3.038114821444744251e+01
3.094674234026398096e+01
3.149014262327145630e+01
3.201114200308647639e+01
3.250973303387722524e+01
3.298615778800138543e+01
3.344040881962716583e+01
3.387272820111223837e+01
3.428315839026269174e+01
3.467189155579832516e+01
3.503902005916310713e+01
3.538438674361155734e+01
3.570793425967397638e+01
3.600945554696694728e+01
3.628889325602077776e+01
3.654599042281417098e+01
3.678073960151533583e+01
3.699293373174085531e+01
3.718251546402103003e+01
3.734937754524827369e+01
3.749346262595286561e+01
3.761461354938932544e+01
3.771282286972583364e+01
3.778793343021688145e+01
3.783993778503069194e+01
3.786897819924913478e+01
3.787524684159199495e+01
3.785903568805484554e+01
3.782043710008170478e+01
3.775974305366813155e+01
3.767709581389601681e+01
3.757273745312303959e+01
3.744681023643109086e+01
3.729940652526416045e+01
3.713076839197994161e+01
3.694098819802240286e+01
3.673020820847344936e+01
3.649862059205285192e+01
3.624631771020461457e+01
3.597348299306524666e+01
3.568026491643817621e+01
3.536670341026775333e+01
3.503298811541202440e+01
3.467920886545326908e+01
3.430545549397371730e+01
3.391186773819353562e+01
3.349868514260867869e+01
3.306609734807719292e+01
3.261434389909501874e+01
3.214366434015811791e+01
3.165429821576243441e+01
3.114648507040390868e+01
3.062041454494060844e+01
3.007637608750637170e+01
2.951465914623504716e+01
2.893545336198468121e+01
2.833914799016492125e+01
2.772593267163381725e+01
2.709609685452521433e+01
2.644992998697297537e+01
2.578787122802460985e+01
2.511025992945188534e+01
2.441753525030233973e+01
2.371008644598560977e+01
2.298840257918712737e+01
2.225282300167864946e+01
2.150378687250771392e+01
2.074168344708395750e+01
1.996685207717911936e+01
1.917968201820285401e+01
1.838051262192690061e+01
1.756978304739880414e+01
1.674778274275240619e+01
1.591495086703524109e+01
1.507167667565696334e+01
1.421844923130301019e+01
1.335565778938300951e+01
1.248379141258240921e+01
1.160328925994874716e+01
1.071454058689166899e+01
9.818034456096611962e+00
8.914259930249009756e+00
8.003755975672193657e+00
7.086961751413718424e+00
6.164416223796908234e+00
5.236658359145097030e+00
4.304177220143726501e+00
3.367411965840339860e+00
2.427001369834064004e+00
1.483295075238388216e+00
5.366838905338076060e-01
-4.126306990090486959e-01
-1.364297497205824827e+00
-2.318065115147994071e+00
-3.273632260289114804e+00
-4.230697640082750510e+00
-5.188810251068759705e+00
-6.147568993424915362e+00
-7.106622670966877386e+00
-8.065620087510316338e+00
-9.024110239595094285e+00
-9.981692027398972655e+00
-1.093811406201341718e+01
-1.189302514725409132e+01
-1.284607408693665676e+01
-1.379690968487678049e+01
-1.474523064852801291e+01
-1.569068578170602457e+01
-1.663297379186438363e+01
-1.757169357918084174e+01
-1.850644404383318076e+01
-1.943692389327494041e+01
-2.036273202768390433e+01
-2.128341744359993726e+01
-2.219872875211449781e+01
-2.310816504612954603e+01
-2.401147493673655475e+01
-2.490823736265812016e+01
-2.579812108916506830e+01
-2.668077492007307328e+01
-2.755584266883398925e+01
-2.842296814889970591e+01
-2.928181064384984111e+01
-3.013204740257364733e+01
-3.097336365854247120e+01
-3.180545262980970023e+01
-3.262800304310130883e+01
-3.344070362514328565e+01
-3.424320317975129058e+01
-3.503526029874436176e+01
-3.581642397866237104e+01
-3.658634302332097121e+01
-3.734456642926005543e+01
-3.809079290393315631e+01
-3.882457144388015280e+01
-3.954555085291671190e+01
-4.025333003122059949e+01
-4.094740807169377916e+01
-4.162743377815191792e+01
-4.229298580530598173e+01
-4.294376144055136990e+01
-4.357948762945452614e+01
-4.419994122121987346e+01
-4.480489906505176378e+01
-4.539428772106827381e+01
-4.596813355666328249e+01
-4.652651284286853439e+01
-4.706935213980212751e+01
-4.759667781485791949e+01
-4.810846633179188814e+01
-4.860479396163577093e+01
-4.908558726450768006e+01
-4.955067299324986152e+01
-5.000002761161829312e+01
-5.043357767973106576e+01
-5.085124975770622768e+01
-5.125292050202397576e+01
-5.163851647280237955e+01
-5.200776461560789699e+01
-5.236044177964492974e+01
-5.269632481411785108e+01
-5.301509076095523909e+01
-5.331656637299939661e+01
-5.360042869217887329e+01
-5.386650447133597197e+01
-5.411506959605403466e+01
-5.434630014464062953e+01
-5.456047200267911279e+01
-5.475786105575283358e+01
-5.493879309308307057e+01
-5.510344419297734930e+01
-5.525209024101904731e+01
-5.538455799005043900e+01
-5.550062428927590474e+01
-5.560011589153774025e+01
-5.568280964604029037e+01
-5.574853230562584372e+01
-5.579711062313667469e+01
-5.582832144777718497e+01
-5.584234085785490720e+01
-5.583934493167743796e+01
-5.581936003663861356e+01
-5.578301138378709112e+01
-5.573002591868932853e+01
-5.566112865966979939e+01
-5.557604655229495449e+01
-5.547500557851027025e+01
-5.535773268388222590e+01
-5.522545192311421403e+01
-5.507788192436460406e+01
-5.491470804615913437e+01
-5.473610636599438095e+01
-5.454225296136696954e+01
-5.433382294615242358e+01
-5.411049336146837163e+01
-5.387194124843242804e+01
-5.361934075729912053e+01
-5.335186989280710179e+01
-5.306970473245295494e+01
-5.277401942649120770e+01
-5.246349294328152268e+01
-5.213979846945742480e+01
-5.180211400975754543e+01
-5.145061564167846768e+01
-5.108647751547473348e+01
-5.070887763588499553e+01
-5.031849111678478437e+01
-4.991549403567071863e+01
-4.950006247003937432e+01
-4.907237249738732743e+01
-4.863309923159015824e+01
-4.818191971376546689e+01
-4.771950905778883367e+01
-4.724604334115682747e+01
-4.676119960498707684e+01
-4.626615199953410240e+01
-4.576107660229451568e+01
-4.524565045438590971e+01
-4.472104770606283353e+01
-4.418644636206390430e+01
-4.364302057264369950e+01
-4.309094641529877379e+01
-4.253039996752573870e+01
-4.196205634320013189e+01
-4.138509354706061316e+01
-4.080118476574068609e+01
-4.021000704035797213e+01
-3.961173644840904018e+01
-3.900704810376947052e+01
-3.839661712031483631e+01
-3.778012053916273061e+01
-3.715873251056769533e+01
-3.653213007564734482e+01
-3.590148738465622102e+01
-3.526648147871194539e+01
-3.462778747169007687e+01
-3.398608047746616023e+01
-3.334153657353681410e+01
-3.269483087377757613e+01
-3.204560448068428258e+01
-3.139485185140249612e+01
-3.074203439531904891e+01
-3.008801082368194812e+01
-2.943284138953278983e+01
-2.877668615318899725e+01
-2.811980498224377456e+01
-2.746245774429032593e+01
-2.680485440328395796e+01
-2.614725482681789259e+01
-2.548991888248533044e+01
-2.483300663060368407e+01
-2.417692764967984687e+01
-2.352179209639334445e+01
-2.286790974197527859e+01
-2.221559035765675461e+01
-2.156499400375518505e+01
-2.091638054786378120e+01
-2.027010966485154242e+01
-1.962629151139798722e+01
-1.898528576237210785e+01
-1.834730238172922867e+01
-1.771260123706254319e+01
-1.708144219596527336e+01
-1.645408512603062690e+01
-1.583088970212758362e+01
-1.521211579184938323e+01
-1.459812307006501086e+01
-1.398912150072978200e+01
-1.338547075871269598e+01
-1.278748061524486523e+01
-1.219536103428158569e+01
-1.160942178705398220e+01
-1.102992274115524829e+01
-1.045712376417860412e+01
-9.891234820079343848e+00
-9.332615583726479258e+00
-8.781476019075327599e+00
-8.238075993719082390e+00
-7.702725278888860494e+00
-7.175733645815763673e+00
-6.657360962092996104e+00
-6.147867095313771735e+00
-5.647561816709192328e+00
-5.156704993872467391e+00
-4.675606398034702238e+00
-4.204475993151204349e+00
-3.743573646815189004e+00
-3.293209130257753525e+00
-2.853592407434209388e+00
-2.424956792659105353e+00
-2.007479290770225244e+00
-1.601210546050900074e+00
-1.206251106422349118e+00
-8.227015198058059697e-01
-4.507122377603879904e-01
-9.028400093152973149e-02
2.583828354837468533e-01
5.952376272021189241e-01
9.202297299402574238e-01
1.233258595776928868e+00
1.534323484066711041e+00
1.823323846888378563e+00
2.100159136320695730e+00
2.364828611718244211e+00
2.617231725159794742e+00
2.857367735999912117e+00
3.085136096317371734e+00
3.300536065466746827e+00
3.503516999164709045e+00
3.693978349490027124e+00
3.871969279435178990e+00
4.037389241078926716e+00
4.190212541956897851e+00
4.330463393242610870e+00
4.458116102471682218e+00
4.573174919362477553e+00
4.675619141814401303e+00
4.765448029182025813e+00
4.842650860092342135e+00
4.907236874627496803e+00
4.959230283961011843e+00
4.998634838774862921e+00
5.025471756024299630e+00
5.039752271936984052e+00
5.041492613104370690e+00
5.030716491663601353e+00
5.007483051334721047e+00
4.971846445473985909e+00
4.923875798529024017e+00
4.863635244583672801e+00
4.791183927357976380e+00
4.706595961663352590e+00
4.609930491219848214e+00
4.501281592294038347e+00
4.380748331516288729e+00
4.248424785153172678e+00
4.104420000562635451e+00
3.948773160009566130e+00
3.781683137400122963e+00
3.603141711535124969e+00
3.413360257189872904e+00
3.212343054034320300e+00
3.000244092652118777e+00
2.777117556351123007e+00
2.543117435714981944e+00
2.298347817689445183e+00
2.042862885582372279e+00
1.776866533615309329e+00
1.500412945096107453e+00
1.213755917884213442e+00
9.169995389253817741e-01
6.102478951653625971e-01
2.936549771878021464e-01
-3.257532078574587597e-02
-3.683389118095323211e-01
-7.134319016620124243e-01
-1.067700299759530846e+00
-1.431040019156338383e+00
-1.803147358355091656e+00
-2.184018037685834912e+00
-2.573348355651227770e+00
-2.970934418029718138e+00
-3.376622234237656173e+00
-3.790058199139805684e+00
-4.211088322152512831e+00
-4.639508709054233293e+00
-5.074965754709728216e+00
-5.517305468535337099e+00
-5.966274052671626471e+00
-6.421667612897043576e+00
-6.883132544076348225e+00
-7.350564759263791714e+00
-7.823610653324128528e+00
-8.302116235673711486e+00
-8.785777804815198877e+00
-9.274341562889144797e+00
-9.767503808398203091e+00
-1.026501074348293407e+01
-1.076655866664599159e+01
-1.127184387639003127e+01
-1.178056267121771583e+01
-1.229246125326959316e+01
-1.280728582468622356e+01
-1.332464285742204524e+01
-1.384426358252624567e+01
-1.436583930813768895e+01
-1.488906633275903779e+01
-1.541364095489294606e+01
-1.593923951158691210e+01
-1.646554953303647295e+01
-1.699236320639483466e+01
-1.751950387341839388e+01
-1.804680485659112321e+01
-1.857407951694184334e+01
-1.910116117695453752e+01
-1.962787667164025507e+01
-2.015404924294811551e+01
-2.067950552627462812e+01
-2.120406956202711513e+01
-2.172757127924218779e+01
-2.224983501774898187e+01
-2.277068910966771043e+01
-2.328994691602717637e+01
-2.380742179785621104e+01
-2.432290216436467389e+01
-2.483619638621760473e+01
-2.534709786298866163e+01
-2.585539999425149915e+01
-2.636092612176252459e+01
-2.686341974145748779e+01
-2.736276407945828382e+01
-2.785864274733518187e+01
-2.835093897121006279e+01
-2.883938626629111823e+01
-2.932381795506231370e+01
-2.980401745636974198e+01
-3.027971828542157695e+01
-3.075080366833969947e+01
-3.121700712033229053e+01
-3.167816196388333339e+01
-3.213400171420100548e+01
-3.258435969376928654e+01
-3.302896941779636819e+01
-3.346766420876622306e+01
-3.390022748552492970e+01
-3.432644266691855961e+01
-3.474604326815531863e+01
-3.515881270808126402e+01
-3.556458430918040392e+01
-3.596309158666088734e+01
-3.635416786300671532e+01
-3.673749674978817126e+01
-3.711301137676502293e+01
-3.748039535550756085e+01
-3.783948200849975763e+01
-3.819005475458769183e+01
-3.853189701261745626e+01
-3.886484210507303061e+01
-3.918862354716257812e+01
-3.950314749020510874e+01
-3.980821217175647320e+01
-4.010388827275913570e+01
-4.038999695596605477e+01
-4.066655899868182189e+01
-4.093344546729728251e+01
-4.119062723547909854e+01
-4.143807517689394615e+01
-4.167571026157060743e+01
-4.190340355589992782e+01
-4.212122574082437865e+01
-4.232904788273481245e+01
-4.252679095166003265e+01
-4.271452562854247503e+01
-4.289207307613509812e+01
-4.305950397538039454e+01
-4.321678919994502621e+01
-4.336384971985772552e+01
-4.350065640878520412e+01
-4.362723004403199667e+01
-4.374349159562686395e+01
-4.384946184087439747e+01
-4.394511165344124493e+01
-4.403041190699406116e+01
-4.410533347519954361e+01
-4.416989713536221274e+01
-4.422412366478666002e+01
-4.426793403350165335e+01
-4.430134901881174869e+01
-4.432443930165940316e+01
-4.433717575571129288e+01
-4.433957915827197382e+01
-4.433167028664599485e+01
-4.431342001450006052e+01
-4.428484911913868416e+01
-4.424607818514225244e+01
-4.419707808617743439e+01
-4.413791950318669421e+01
-4.406857330983666543e+01
-4.398916009070772759e+01
-4.389970062310445087e+01
-4.380016578069349009e+01
-4.369072605169311174e+01
-4.357135230976995643e+01
-4.344211523586651680e+01
-4.330308551092522862e+01
-4.315433381588856321e+01
-4.299588092806107653e+01
-4.282779752838524701e+01
-4.265030400871721383e+01
-4.246346512692428377e+01
-4.226732194857314795e+01
-4.206200942343114946e+01
-4.184761259762770180e+01
-4.162416661365436710e+01
-4.139180642127846710e+01
-4.115061706662944374e+01
-4.090063369219881650e+01
-4.064204115139183671e+01
-4.037482468306214400e+01
-4.009911923697705305e+01
-3.981505976290390691e+01
-3.952268140333423929e+01
-3.922216901167329439e+01
-3.891365753768838687e+01
-3.859723202750896576e+01
-3.827302743090236703e+01
-3.794117869763591244e+01
-3.760182077747693796e+01
-3.725513852383067359e+01
-3.690126688646444819e+01
-3.654034081514561194e+01
-3.617254516327936642e+01
-3.579806478427097716e+01
-3.541703462788775170e+01
-3.502958964389703311e+01
-3.463596458934194544e+01
-3.423629441398982465e+01
-3.383076397124589363e+01
-3.341945830723960853e+01
-3.300266208265197321e+01
-3.258046034361243670e+01
-3.215303794352621480e+01
-3.172062963943645286e+01
-3.128347018838627136e+01
-3.084184425105669547e+01
-3.039588677721506116e+01
-2.994593233118029829e+01
-2.949216576635762266e+01
-2.903482183979016185e+01
-2.857418521215895169e+01
-2.811039083323132814e+01
-2.764372336368831284e+01
-2.717436765693514289e+01
-2.670260837365282924e+01
-2.622858046360870787e+01
-2.575261849112172285e+01
-2.527485740595919239e+01
-2.479568167607792262e+01
-2.431532605852106599e+01
-2.383404920585381603e+01
-2.335190593090229072e+01
-2.286912465292839158e+01
-2.238578408028028477e+01
-2.190196292130618616e+01
-2.141778978799217370e+01
-2.093344319596225844e+01
-2.044895194992671605e+01
-1.996449456550954338e+01
-1.948019965469682191e+01
-1.899614592583676398e+01
-1.851256179819124270e+01
-1.802947607647055150e+01
-1.754721698721239065e+01
-1.706581333512704646e+01
-1.658549353947639560e+01
-1.610638621224654443e+01
-1.562871977269937851e+01
-1.515252302554518771e+01
-1.467807429368375338e+01
-1.420550218910118367e+01
-1.373488542014565184e+01
-1.326645240607906295e+01
-1.280028185524960449e+01
-1.233660218691916022e+01
-1.187559191671171810e+01
-1.141732975297547803e+01
-1.096199421133442797e+01
-1.050986361468835284e+01
-1.006096676774754251e+01
-9.615581993411788986e+00
-9.173788000029285072e+00
-8.735813206861910984e+00
-8.301786225895771310e+00
-7.871935476392747155e+00
-7.446389570338926234e+00
-7.025376926996201199e+00
-6.608976254712751519e+00
-6.197465876388389638e+00
-5.790924500371284367e+00
-5.389580545923333688e+00
-4.993562625030622648e+00
-4.603049253317151646e+00
-4.218268850044796459e+00
-3.839300123561762756e+00
-3.466321589492024735e+00
-3.099611570735387289e+00
-2.739198872002126084e+00
-2.385411719829934718e+00
-2.038328822566999765e+00
-1.698158953462043153e+00
-1.364982398073169234e+00
-1.038859795945313858e+00
-7.198517866234094287e-01
-4.079691060144999271e-01
-1.032224900256150935e-01
1.942775181604045609e-01
4.845201826365291842e-01
7.674947674957128818e-01
1.043090729555133489e+00
1.311347236545642669e+00
1.572153745284414761e+00
1.825499519864405729e+00
2.071373824378579531e+00
2.309765922919901904e+00
2.540515368667640939e+00
2.763711232990554656e+00
2.979242972705809400e+00
3.187099851906370684e+00
3.387321038323092726e+00
3.579795988773148085e+00
3.764563870987398975e+00
3.941564045420904439e+00
4.110785776166629546e+00
4.272168423679638671e+00
4.425801059328693832e+00
4.571573139930957375e+00
4.709523833217289734e+00
4.839652384008236830e+00
4.961923104577810939e+00
5.076340230110341523e+00
5.182903005426372722e+00
5.281630636801606826e+00
5.372522369056583535e+00
5.455587427739426509e+00
5.530845019125838036e+00
5.598289397672567169e+00
5.657944760019107733e+00
5.709825322077370480e+00
5.753958773741500110e+00
5.790371806832876445e+00
5.819090115100137517e+00
5.840133403855357841e+00
5.853532856247333882e+00
5.859317659279346557e+00
5.857526980682257189e+00
5.848224940005875006e+00
5.831455695344850199e+00
5.807273385521412479e+00
5.775727158994000909e+00
5.736862354903766281e+00
5.690724046214076459e+00
5.637343515843427078e+00
5.576781988893054098e+00
5.509080729009034449e+00
5.434285990201235705e+00
5.352444026479523664e+00
5.263591111126186384e+00
5.167848353607936041e+00
5.065182162114003184e+00
4.955758559385210482e+00
4.839643760886580992e+00
4.716953885721041573e+00
4.587705245715715918e+00
4.452063863611429362e+00
4.310046051235309150e+00
4.161767927690275926e+00
4.007345612079255659e+00
3.846895223505171657e+00
3.680433073795150722e+00
3.508125185690015968e+00
3.330087678292689812e+00
3.146336863430300390e+00
2.957038763843667706e+00
2.762309498635716398e+00
2.562265186909370218e+00
2.357071851405450946e+00
2.146795707588981639e+00
1.931652681838683661e+00
1.711659085981684036e+00
1.486980942758803437e+00
1.257784274910864308e+00
1.024185201540789292e+00
7.863497453894000566e-01
5.443940255596206867e-01
2.984341611543727679e-01
4.863617491447878166e-02
-2.048339104192403171e-01
-4.618100721059633096e-01
-7.220763837669728069e-01
-9.855666299372431993e-01
-1.252014980600151928e+00
-1.521305316652780570e+00
-1.793221711716413536e+00
-2.067598143050224824e+00
-2.344268587913392210e+00
-2.623067023565098577e+00
-2.903777523626622337e+00
-3.186234065357141709e+00
-3.470270626015840687e+00
-3.755691865771905835e+00
-4.042434694624082780e+00
-4.330356801843222136e+00
-4.619465587613879265e+00
-4.909618741206907444e+00
-5.200773759168956900e+00
-5.492788330770886240e+00
-5.785619952559347468e+00
-6.079126313805198301e+00
-6.373314814692984775e+00
-6.667943337217772992e+00
-6.963019281564108987e+00
-7.258400337002847813e+00
-7.553994096442747441e+00
-7.849658249154660261e+00
-8.145350291685245381e+00
-8.440927913305351638e+00
-8.736348610561631034e+00
-9.031420169087047256e+00
-9.326050181790355609e+00
-9.620176183763042843e+00
-9.913670835367337730e+00
-1.020640679696546371e+01
-1.049824674819207182e+01
-1.078906833977317348e+01
-1.107872926097962818e+01
-1.136711215290123889e+01
-1.165406971444507356e+01
-1.193948458670093693e+01
-1.222322943003105422e+01
-1.250518189516144396e+01
-1.278521963281811757e+01
-1.306322528409088335e+01
-1.333907150934196295e+01
-1.361263595929737669e+01
-1.388380626541072083e+01
-1.415244011695284598e+01
-1.441840767910408694e+01
-1.468158061415391025e+01
-1.494182459595523405e+01
-1.519900929065201645e+01
-1.545299588076976249e+01
-1.570366201703449072e+01
-1.595086538871705351e+01
-1.619447366581588810e+01
-1.643434952796563664e+01
-1.667036064516474525e+01
-1.690236969704785253e+01
-1.713023936324960772e+01
-1.735383731376844452e+01
-1.757305256990358799e+01
-1.778783959670222714e+01
-1.799816422978476638e+01
-1.820399729513540166e+01
-1.840532958019347376e+01
-1.860210196876043653e+01
-1.879425534463774738e+01
-1.898184536999402283e+01
-1.916472809244627840e+01
-1.934295917416314481e+01
-1.951639466276163404e+01
-1.968509022041036971e+01
-1.984895179836428269e+01
-2.000793525151618013e+01
-2.016204633839679161e+01
-2.031129081753683607e+01
-2.045557464019122307e+01
-2.059490356489068574e+01
-2.072928335016595014e+01
-2.085861994727191515e+01
-2.098301892201511265e+01
-2.110233632201257237e+01
-2.121662780943290372e+01
-2.132579933553101625e+01
-2.142990656247555137e+01
-2.152890534515931975e+01
-2.162275153847513920e+01
-2.171140099731584172e+01
-2.179495928748792366e+01
-2.187328245660842896e+01
-2.194647607048386817e+01
-2.201444608036915795e+01
-2.207724814843291838e+01
-2.213483812956796726e+01
-2.218727168594293175e+01
-2.223445476881272143e+01
-2.227649294398386104e+01
-2.231329216271127081e+01
-2.234490808716357080e+01
-2.237139637950937399e+01
-2.239266299100360413e+01
-2.240876358381487776e+01
-2.241975382011181139e+01
-2.242558955478722993e+01
-2.242627654637184875e+01
-2.242192036067218197e+01
-2.241247685258104738e+01
-2.239795178062917813e+01
-2.237840080698516942e+01
-2.235382969017976151e+01
-2.232429221277676845e+01
-2.228983463892084416e+01
-2.225045144951393894e+01
-2.220613712545802443e+01
-2.215698595493085321e+01
-2.210304232247228029e+01
-2.204425080534636905e+01
-2.198070569173086852e+01
-2.191245136616565503e+01
-2.183953221319057292e+01
-2.176199261734548074e+01
-2.167982705953233946e+01
-2.159317973156680637e+01
-2.150204511435083177e+01
-2.140641768878638374e+01
-2.130644164668911600e+01
-2.120216137259888356e+01
-2.109357134741764739e+01
-2.098076585932316007e+01
-2.086378929285528372e+01
-2.074273593619177802e+01
-2.061765017387249088e+01
-2.048867619771307957e+01
-2.035580848861550507e+01
-2.021919123839542110e+01
-2.007891873523058379e+01
-1.993503536366084461e+01
-1.978763541186396679e+01
-1.963681316801770294e+01
-1.948261301666191514e+01
-1.932517914961225003e+01
-1.916460585504646374e+01
-1.900088761386651370e+01
-1.883421852152596543e+01
-1.866464296256465971e+01
-1.849225522516035980e+01
-1.831724940476662056e+01
-1.813966988592329344e+01
-1.795961095680813457e+01
-1.777721680923679770e+01
-1.759258173138703896e+01
-1.740580001143661804e+01
-1.721706574483907914e+01
-1.702637341249638681e+01
-1.683391710986208523e+01
-1.663979112511394121e+01
-1.644413965006759781e+01
-1.624700706926291716e+01
-1.604863738179135169e+01
-1.584907497219275463e+01
-1.564849842506729161e+01
-1.544692447432582760e+01
-1.524450405393952224e+01
-1.504123838696585658e+01
-1.483717860010020217e+01
-1.463242572367582284e+01
-1.442693107711229672e+01
-1.422084559438079943e+01
-1.401417049853879782e+01
-1.380695691628166522e+01
-1.359930587794267787e+01
-1.339126851021719844e+01
-1.318289593980060559e+01
-1.297418938975037328e+01
-1.276534969767556404e+01
-1.255637808663365540e+01
-1.234732568332001357e+01
-1.213834342170581593e+01
-1.192938262121063175e+01
-1.172064411944353246e+01
-1.151212913946199201e+01
-1.130393871159926711e+01
-1.109622376982654401e+01
-1.088893563356338845e+01
-1.068227514041886828e+01
-1.047624351345046279e+01
-1.027094178299143579e+01
-1.006647097937505464e+01
-9.862932132934600915e+00
-9.660326466727536143e+00
-9.458804914725035928e+00
-9.258418603622468268e+00
-9.059268563753109405e+00
-8.861405921812325559e+00
-8.664981611771290559e+00
-8.470096663963264660e+00
-8.276802205083628294e+00
-8.085299072741447546e+00
-7.895588489994192827e+00
-7.707821390813024642e+00
-7.522048901893332307e+00
-7.338471860844169470e+00
-7.157041587085114287e+00
-6.977909014587335257e+00
-6.801175173684105957e+00
-6.626941094708691971e+00
-6.455208000718570815e+00
-6.286226632960701721e+00
-6.119948310854663731e+00
-5.956573872009524706e+00
-5.796141369256868181e+00
-5.638736367248941228e+00
-5.484331549498410396e+00
-5.332949503155831827e+00
-5.184662719009671683e+00
-5.039393976934698927e+00
-4.897265671357263983e+00
-4.758250485790038731e+00
-4.622371007383580199e+00
-4.489599919650554938e+00
-4.360009713379427332e+00
-4.233573072082856825e+00
-4.110412390187204501e+00
-3.990450447567235326e+00
-3.873709831373516543e+00
-3.760312936032398135e+00
-3.650182541418654836e+00
-3.543391138320742595e+00
-3.439911410251330182e+00
-3.339815847998873100e+00
-3.243127038713934596e+00
-3.149767762271284521e+00
-3.059810509459382377e+00
-2.973277867428790966e+00
-2.890142519692171952e+00
-2.810476957037989276e+00
-2.734203959341010126e+00
-2.661396017389691337e+00
-2.592025814696704344e+00
-2.526165842050498878e+00
-2.463738879325851894e+00
-2.404867320949116483e+00
-2.349424043157164466e+00
-2.297481536738455343e+00
-2.249062388843550142e+00
-2.204089379347216049e+00
-2.162684902675813703e+00
-2.124721835066210929e+00
-2.090322570944766145e+00
-2.059359986548347621e+00
-2.031906572665417077e+00
-2.007935012808637509e+00
-1.987467894128573276e+00
-1.970477900137889371e+00
-1.956937714349249235e+00
-1.946820020275318530e+00
-1.940197308704557200e+00
-1.937042263149630461e+00
-1.937227759847407471e+00
-1.940876193224247315e+00
-1.947905930519517659e+00
-1.958312505343007937e+00
-1.972092029032897154e+00
-1.989220651472205059e+00
-2.009669532180164975e+00
-2.033419811403584632e+00
-2.060442648661696463e+00
-2.090714193837521773e+00
-2.124215587177869846e+00
-2.160917988201972229e+00
-2.200787566065270262e+00
-2.243785499559415086e+00
-2.289882948203636914e+00
-2.339046081153378864e+00
-2.391236077200290744e+00
-2.446414115136024137e+00
-2.504551354479811032e+00
-2.565598993295722163e+00
-2.629513220011620245e+00
-2.696250223055365325e+00
-2.765766190854820561e+00
-2.838012321474056687e+00
-2.912949793704727508e+00
-2.990529805610901093e+00
-3.070688584165282897e+00
-3.153377327431944099e+00
-3.238527272019797287e+00
-3.326079635265335455e+00
-3.415980624868839577e+00
-3.508171458166802203e+00
-3.602583371768137699e+00
-3.699152592645546189e+00
-3.797815347771732242e+00
-3.898497883391818686e+00
-4.001136426478506536e+00
-4.105657223276919510e+00
-4.211996500759761730e+00
-4.320080505172154695e+00
-4.429835482759221676e+00
-4.541177699038505544e+00
-4.654028409891340701e+00
-4.768303880835271791e+00
-4.883925367751628777e+00
-5.000814126521746950e+00
-5.118881432299379419e+00
-5.238048540965860589e+00
-5.358226727674942680e+00
-5.479322277216591708e+00
-5.601251455108348765e+00
-5.723920546140178089e+00
-5.847262181088929367e+00
-5.971234528858359702e+00
-6.095807133247735266e+00
-6.220944547692542237e+00
-6.346601344900677510e+00
-6.472752059035203231e+00
-6.599356253167811381e+00
-6.726373490370191277e+00
-6.853768324077825547e+00
-6.981500317362405283e+00
-7.109524042931828269e+00
-7.237794073494001168e+00
-7.366274962484402167e+00
-7.494921282610934377e+00
-7.623687606581492915e+00
-7.752528507103988886e+00
-7.881398556886318296e+00
-8.010237357545012316e+00
-8.138999481787976720e+00
-8.267629521595527109e+00
-8.396072068947988853e+00
-8.524276706189477082e+00
-8.652188025300306506e+00
-8.779750618260800721e+00
-8.906899096323705578e+00
-9.033578051469342896e+00
-9.159727085314239403e+00
-9.285285799474934265e+00
-9.410193795567952435e+00
-9.534390675209833077e+00
-9.657816040017101145e+00
-9.780404501242506043e+00
-9.902090670138782968e+00
-1.002281913868626084e+01
-1.014252950850146462e+01
-1.026114641010956241e+01
-1.037861942585466579e+01
-1.049486819589814424e+01
-1.060982234112895028e+01
-1.072341148243604181e+01
-1.083556524070836602e+01
-1.094620325610729594e+01
-1.105526013988557743e+01
-1.116266551293216125e+01
-1.126833901540842042e+01
-1.137221525856709725e+01
-1.147422885366093226e+01
-1.157430942157887976e+01
-1.167238658320989586e+01
-1.176838496907913623e+01
-1.186224943206595839e+01
-1.195395581082856573e+01
-1.204347521456042003e+01
-1.213086358863938585e+01
-1.221600221571070222e+01
-1.229894704115225146e+01
-1.237970410670400412e+01
-1.245817964683014800e+01
-1.253442960690856189e+01
-1.260846002867921456e+01
-1.268017714660630091e+01
-1.274958700242979504e+01
-1.281674554152757217e+01
-1.288155899836381657e+01
-1.294408331831640879e+01
-1.300427463948742357e+01
-1.306208909997894629e+01
-1.311758264516885220e+01
-1.317066150952132375e+01
-1.322138163841424152e+01
-1.326969916994968202e+01
-1.331562014586762643e+01
-1.335910070427015484e+01
-1.340014688689724665e+01
-1.343876473548887951e+01
-1.347496029178503640e+01
-1.350863979024989447e+01
-1.353990907989923365e+01
-1.356867439519723284e+01
-1.359494177788387681e+01
-1.361871726969913965e+01
-1.364000691238299900e+01
-1.365881674767543608e+01
-1.367510291367853270e+01
-1.368887145213226830e+01
-1.370012840477661875e+01
-1.370882990971366766e+01
-1.371503191232128849e+01
-1.371869055070156840e+01
-1.371986177023237552e+01
-1.371850170901580057e+01
-1.371456650515391473e+01
-1.370816200766249970e+01
-1.369919445100573974e+01
-1.368771978056150296e+01
-1.367369413443188186e+01
-1.365717345799474103e+01
-1.363811388935216939e+01
-1.361652147024414461e+01
-1.359245214604854368e+01
-1.356586234571822835e+01
-1.353675956524709356e+01
-1.350520149511771351e+01
-1.347119592217476480e+01
-1.343470072962503004e+01
-1.339582351158897566e+01
-1.335457205491128185e+01
-1.331085433916083183e+01
-1.326482786209599318e+01
-1.321640060328564559e+01
-1.316568015685026616e+01
-1.311262440599663037e+01
-1.305729104120731243e+01
-1.299968784932699251e+01
-1.293982261720034366e+01
-1.287775303530994186e+01
-1.281348689050046730e+01
-1.274708187325448705e+01
-1.267854577041668662e+01
-1.260793627246963133e+01
-1.253521126262011087e+01
-1.246052823862648573e+01
-1.238379518005764268e+01
-1.230506977739615770e+01
-1.222445962476249193e+01
-1.214192260536343682e+01
-1.205751640968156657e+01
-1.197129872819944829e+01
-1.188327734776176392e+01
-1.179350995885108766e+01
-1.170205425194998838e+01
-1.160896791754104918e+01
-1.151430864610684246e+01
-1.141808422449203952e+01
-1.132035234317921990e+01
-1.122117069265095957e+01
-1.112059696338982562e+01
-1.101868884587840114e+01
-1.091545412696135564e+01
-1.081100040075916624e+01
-1.070533545411650955e+01
-1.059851697751595978e+01
-1.049065256507798516e+01
-1.038170010000937182e+01
-1.027181708006848559e+01
-1.016101129210000309e+01
-1.004934042658650029e+01
-9.936912077648447195e+00
-9.823734032130522209e+00
-9.709913884153198893e+00
-9.595451279649079623e+00
-9.480463011816190999e+00
-9.364908022026785517e+00
-9.248795155291023917e+00
-9.132183160256953869e+00
-9.015080881934736112e+00
-8.897547068972414763e+00
-8.779540662742258306e+00
-8.661120411892312632e+00
-8.542295161432734929e+00
-8.423073756373684162e+00
-8.303514945363206223e+00
-8.183627573411460077e+00
-8.063470389166500496e+00
-7.943052237638478452e+00
-7.822431867475450495e+00
-7.701668027325470511e+00
-7.580769562198691247e+00
-7.459795220743164812e+00
-7.338803751606947756e+00
-7.217754096162295241e+00
-7.096754906695158738e+00
-6.975864931853591244e+00
-6.855043113009849698e+00
-6.734348198811989761e+00
-6.613888841545958464e+00
-6.493623982584015408e+00
-6.373612370574212704e+00
-6.253912754164604237e+00
-6.134583882003243005e+00
-6.015634599100284419e+00
-5.897173557741678174e+00
-5.779209602937579682e+00
-5.661801483336043717e+00
-5.544958043947223914e+00
-5.428787937057074409e+00
-5.313250104037844146e+00
-5.198503100813391065e+00
-5.084505868755968550e+00
-4.971367060151528072e+00
-4.859095520010225044e+00
-4.747749996980111575e+00
-4.637389239709240663e+00
-4.528071996845666192e+00
-4.419857017037442048e+00
-4.312753145294720980e+00
-4.206918937541355596e+00
-4.102363238787497757e+00
-3.999144797681196462e+00
-3.897272459232616448e+00
-3.796846928992593906e+00
-3.697837318295745579e+00
-3.600254695379471848e+00
-3.504160032119072898e+00
-3.409464589476159269e+00
-3.316279242963926066e+00
-3.224515253543981608e+00
-3.134283496729527219e+00
-3.045545137120063028e+00
-2.958261339315098493e+00
-2.872542978827830051e+00
-2.788301316619865577e+00
-2.705647228204403287e+00
-2.624541878180947752e+00
-2.544946431149004873e+00
-2.466971762621771536e+00
-2.390529133560858277e+00
-2.315729419479461537e+00
-2.242483881339189189e+00
-2.170853491015338754e+00
-2.100849316745318607e+00
-2.032482426766526906e+00
-1.965763889316369362e+00
-1.900654868994351210e+00
-1.837216337675772859e+00
-1.775409459960137326e+00
-1.715295207722747017e+00
-1.656884649201002979e+00
-1.600138948994414889e+00
-1.545119078978279381e+00
-1.491786203752100803e+00
-1.440201295191183339e+00
-1.390375421532928479e+00
-1.342269747376840128e+00
-1.295945244598220913e+00
-1.251363077796574519e+00
-1.208534315209303767e+00
-1.167470025073812367e+00
-1.128181275627502034e+00
-1.090679135107777808e+00
-1.054924768114142708e+00
-1.020979146521900249e+00
-9.888533385684488142e-01
-9.584586052154006053e-01
-9.299058219759499533e-01
-9.031561534496046484e-01
-8.781907256910284065e-01
-8.550405683927825295e-01
-8.336967883371111387e-01
-8.141554826700477809e-01
-7.964168260143591471e-01
-7.804773414445875801e-01
-7.663276487844262741e-01
-7.539683485851502720e-01
-7.433850703066653409e-01
-7.345634434088753606e-01
-7.275040684430552629e-01
-7.221925748691092606e-01
-7.186245728745234151e-01
-7.167807015554125138e-01
-7.166565710992599536e-01
-7.182428013297621483e-01
-7.215100506154537019e-01
-7.264589195076097683e-01
-7.330600663747653956e-01
-7.413041110406161094e-01
-7.511716926012768081e-01
-7.626534308804419071e-01
-7.757249746104375454e-01
-7.903619725235890847e-01
-8.065500540798014040e-01
-8.242648680113999760e-01
-8.434870534145003651e-01
-8.641972493852181358e-01
-8.863711046558779838e-01
-9.099842679588060479e-01
-9.350173783901171154e-01
-9.614410943183473446e-01
-9.892260741120320056e-01
-1.018357947231076421e+00
-1.048807372044016750e+00
-1.080549997283178021e+00
-1.113546500589516430e+00
-1.147772530695357451e+00
-1.183198745969237020e+00
-1.219785824052111334e+00
-1.257504423312516106e+00
-1.296320211755197072e+00
-1.336203847748690388e+00
-1.377120999297741566e+00
-1.419032344043307470e+00
-1.461898559626343186e+00
-1.505690304415385761e+00
-1.550364762796737850e+00
-1.595890097957039844e+00
-1.642227486573628381e+00
-1.689336608214699664e+00
-1.737175146302937900e+00
-1.785701283297403519e+00
-1.834873700693536946e+00
-1.884656140569072935e+00
-1.935034084440060642e+00
-1.985998074404844438e+00
-2.037534660270735820e+00
-2.089628445603168849e+00
-2.142264133774853363e+00
-2.195426777483964642e+00
-2.249101179910488302e+00
-2.303272393752599179e+00
-2.357924174213887003e+00
-2.413038929099717844e+00
-2.468596221708099669e+00
-2.524578110518931773e+00
-2.580964657866600565e+00
-2.637736924158249341e+00
-2.694875969801020066e+00
-2.752360360020163377e+00
-2.810164168713514599e+00
-2.868258475560638843e+00
-2.926615358313857218e+00
-2.985206894725490390e+00
-3.044003665438725026e+00
-3.102978746278640898e+00
-3.162102717888420678e+00
-3.221348157056767025e+00
-3.280686143463241944e+00
-3.340088754860168763e+00
-3.399527569963488371e+00
-3.458974666525524100e+00
-3.518401124225839727e+00
-3.577778172454910699e+00
-3.637072100143064812e+00
-3.696248447666057757e+00
-3.755272605688733556e+00
-3.814110314201399454e+00
-3.872726265217970365e+00
-3.931086697765133753e+00
-3.989157202122282531e+00
-4.046901871459676947e+00
-4.104285297983953029e+00
-4.161273571010884353e+00
-4.217829785637971618e+00
-4.273919532144610400e+00
-4.329507901773815171e+00
-4.384557989623087515e+00
-4.439029397535273702e+00
-4.492882725425978663e+00
-4.546071087665123578e+00
-4.598561072604862687e+00
-4.650306792687872282e+00
-4.701278327445587379e+00
-4.751454730762786127e+00
-4.800841004340577811e+00
-4.849427178788709547e+00
-4.897208275080707551e+00
-4.944189294917686439e+00
-4.990360268909389774e+00
-5.035716218029348212e+00
-5.080252163251095965e+00
-5.123963125548165465e+00
-5.166839135530296723e+00
-5.208875214171024837e+00
-5.250056401716300947e+00
-5.290382709503449021e+00
-5.329844168142209071e+00
-5.368425817878537565e+00
-5.406127670049752254e+00
-5.442934764901809608e+00
-5.478842123408239395e+00
-5.513844766542574938e+00
-5.547932724914559799e+00
-5.581091038770146895e+00
-5.613319719446657530e+00
-5.644603807190044620e+00
-5.674943313337629469e+00
-5.704323278135366770e+00
-5.732738722556787181e+00
-5.760184667575425799e+00
-5.786646153437229323e+00
-5.812118201115738181e+00
-5.836590841220690606e+00
-5.860059094725618145e+00
-5.882512992240266136e+00
-5.903942564374375479e+00
-5.924337841737689736e+00
-5.943688854939950694e+00
-5.961995615318479658e+00
-5.979243163119230431e+00
-5.995426519315735447e+00
-6.010545695245317788e+00
-6.024585731153930368e+00
-6.037546638378894492e+00
-6.049413457166162189e+00
-6.060191189216843632e+00
-6.069864874776897956e+00
-6.078439515547430894e+00
-6.085900151774400690e+00
-6.092241804431334451e+00
-6.097469475219346791e+00
-6.101568204384389738e+00
-6.104539247199673113e+00
-6.106383844318170162e+00
-6.107104480328739093e+00
-6.106713620547813193e+00
-6.105208759200469792e+00
-6.102602361603143066e+00
-6.098891921980902353e+00
-6.094089905650186267e+00
-6.088198797199853907e+00
-6.081226071582555015e+00
-6.073179203750937560e+00
-6.064070659021435716e+00
-6.053902921982916574e+00
-6.042683467588024548e+00
-6.030419770789407607e+00
-6.017149248722455823e+00
-6.002819491974335619e+00
-5.987487879135599655e+00
-5.971136933339941777e+00
-5.953848984996862548e+00
-5.935556653602161781e+00
-5.916292365927437125e+00
-5.896088548744285340e+00
-5.874927725186407379e+00
-5.852842322025400001e+00
-5.829864766032862633e+00
-5.805977580342493560e+00
-5.781213191725888656e+00
-5.755604026954649122e+00
-5.729132609162472356e+00
-5.701781461483058422e+00
-5.673632914325904331e+00
-5.644719394462605067e+00
-5.614973521388965771e+00
-5.584477625514478127e+00
-5.553214229972845750e+00
-5.521265665173560322e+00
-5.488564550612427873e+00
-5.455193216698939196e+00
-5.421134186566798796e+00
-5.386469790625498355e+00
-5.351182552008739712e+00
-5.315254993850220266e+00
-5.278819350197336391e+00
-5.241758336907990312e+00
-5.204204188029576628e+00
-5.166139426695792736e+00
-5.127646383316135648e+00
-5.088657677386406952e+00
-5.049205735678205187e+00
-5.009419089673839309e+00
-4.969161942405802002e+00
-4.928594216168890263e+00
-4.887576411430512024e+00
-4.846218546847565811e+00
-4.804480930163258279e+00
-4.762373772758688339e+00
-4.719907286014963788e+00
-4.677091681313181759e+00
-4.633987073672347634e+00
-4.590553770835661851e+00
-4.546752080546333730e+00
-4.502692021461258243e+00
-4.458383804961540520e+00
-4.413737835152486078e+00
-4.368864130690992553e+00
-4.323722999320266602e+00
-4.278324652421411578e+00
-4.232729205013424867e+00
-4.186946868477410710e+00
-4.140937950556575764e+00
-4.094762566269918302e+00
-4.048430926998540791e+00
-4.001953244123546583e+00
-3.955389632663937505e+00
-3.908700400362916660e+00
-3.861895758601586515e+00
-3.815085726036847813e+00
-3.768230610411902770e+00
-3.721340623107855183e+00
-3.674475879143705104e+00
-3.627596686262657855e+00
-3.580763159483715263e+00
-3.533985510187976686e+00
-3.487273949756547697e+00
-3.440688593208427015e+00
-3.394239651924717993e+00
-3.347887433648625954e+00
-3.301741957037048092e+00
-3.255813433471087759e+00
-3.210062170693950723e+00
-3.164548283724635258e+00
-3.119331887582144081e+00
-3.074423193647579211e+00
-3.029782509664144197e+00
-2.985519854288738451e+00
-2.941595535264565964e+00
-2.898069667610629008e+00
-2.854952462708029159e+00
-2.812304035575766026e+00
-2.770080718257669439e+00
-2.728372650913753361e+00
-2.687116287090963063e+00
-2.646397791249938347e+00
-2.606103713299724234e+00
-2.566320217700960971e+00
-2.527083565276388111e+00
-2.488330209572950924e+00
-2.450096411413390740e+00
-2.412318624344651941e+00
-2.375132916465271471e+00
-2.338425837684297015e+00
-2.302283552462364380e+00
-2.266642514346421944e+00
-2.231588887797107290e+00
-2.197059126361363468e+00
-2.163089490861933140e+00
-2.129666338483658716e+00
-2.096875833687180446e+00
-2.064604526381541572e+00
-2.032938581027384117e+00
-2.001864354809548718e+00
-1.971418108550776926e+00
-1.941586199435911597e+00
-1.912354984649796696e+00
-1.883760725015170889e+00
-1.855789777716877920e+00
-1.828458442122499861e+00
-1.801783017599619008e+00
-1.775769822788233698e+00
-1.750420185964560948e+00
-1.725740425768598429e+00
-1.701741851204141120e+00
-1.678425790547398710e+00
-1.655803552802166845e+00
-1.633881456608442528e+00
-1.612675801333810721e+00
-1.592192905618272425e+00
-1.572439088101829530e+00
-1.553420667424483925e+00
-1.535153942953818129e+00
-1.517645233329832477e+00
-1.500895866828740211e+00
-1.484912162090542775e+00
-1.469705428119033819e+00
-1.455281983554211900e+00
-1.441643156672292481e+00
-1.428800256477065211e+00
-1.416754611244743556e+00
-1.405517529979119162e+00
-1.395092699507335166e+00
-1.385468289041309697e+00
-1.376644807071473187e+00
-1.368602800633094363e+00
-1.361337787852815007e+00
-1.354835306129694272e+00
-1.349090873590370832e+00
-1.344085037270116745e+00
-1.339808324931780925e+00
-1.336256254702003154e+00
-1.333409373616053717e+00
-1.331258209436782636e+00
-1.329793289927039490e+00
-1.329000152485884767e+00
-1.328869324876168490e+00
-1.329386344496949368e+00
-1.330541739111079425e+00
-1.332326036481407128e+00
-1.334719783643202984e+00
-1.337713508359317460e+00
-1.341287757665020397e+00
-1.345438049686951132e+00
-1.350139941096590634e+00
-1.355383959656789372e+00
-1.361155642766606055e+00
-1.367435537461312300e+00
-1.374209181139967484e+00
-1.381462111201632093e+00
-1.389179865045365947e+00
-1.397337999342650017e+00
-1.405932032220123418e+00
-1.414937520349266897e+00
-1.424340001129140942e+00
-1.434120021595015393e+00
-1.444258128782160977e+00
-1.454739860089637071e+00
-1.465545762552715292e+00
-1.476651392842874833e+00
-1.488042288359176402e+00
-1.499698996136890727e+00
-1.511602063211287650e+00
-1.523727046253847917e+00
-1.536054492299841590e+00
-1.548564948384539841e+00
-1.561238961543211623e+00
-1.574047098083549034e+00
-1.586979885768400989e+00
-1.600002900541668938e+00
-1.613101679802413591e+00
-1.626246789858324382e+00
-1.639426271929189882e+00
-1.652648163245287405e+00
-1.665942966312779161e+00
-1.679331202910251175e+00
-1.692823414088706624e+00
-1.706445111990519514e+00
-1.720211828030484780e+00
-1.734149074350975317e+00
-1.748272382366786282e+00
-1.762597283492711497e+00
-1.777144299507335434e+00
-1.791933952189241896e+00
-1.806976782589435393e+00
-1.822293312486500616e+00
-1.837899073295230945e+00
-1.853809596430421314e+00
-1.870040413306865767e+00
-1.886607055339359018e+00
-1.903525053942694667e+00
-1.920809940531667426e+00
-1.938472256157282247e+00
-1.956527532234332956e+00
-1.974991300177613818e+00
-1.993874101038129565e+00
-2.013196456594464223e+00
-2.032963917533832543e+00
-2.053187024907239255e+00
-2.073881310129478184e+00
-2.095052323887764967e+00
-2.116720587960682742e+00
-2.138881672307867632e+00
-2.161561089071692532e+00
-2.184764388939373081e+00
-2.208497122598123585e+00
-2.232774821462738313e+00
-2.257603036220432013e+00
-2.282992307922209640e+00
-2.308958167982865906e+00
-2.335501176725824468e+00
-2.362631875202090281e+00
-2.390360804462668742e+00
-2.418693515194773713e+00
-2.447640548449411035e+00
-2.477202464550003924e+00
-2.507389804547557777e+00
-2.538213109493077102e+00
-2.569672939709987336e+00
-2.601779836249292099e+00
-2.634539349798207031e+00
-2.667957031043946436e+00
