# tt
7.031923903152145385e+02
6.655038175656388830e+02
6.276722609279614744e+02
5.978841581386376447e+02
5.760184790414663212e+02
5.607839434670765968e+02
5.505958628317978309e+02
5.443052531947341777e+02
5.410538053193974974e+02
5.400074270137760095e+02
5.414844292706893611e+02
5.439653857162419399e+02
5.474250305269034698e+02
5.511521976847897122e+02
5.562718004806845329e+02
5.626179090822148510e+02
5.693712315994212076e+02
5.770348478157891350e+02
5.845285097984595950e+02
5.923135275402993329e+02
6.004010546708877882e+02
6.085291351716418831e+02
6.169082482129321079e+02
6.256111656620211079e+02
6.342927933836865577e+02
6.432301176930515112e+02
6.523166551605147561e+02
6.615106748136820443e+02
6.709511341193654061e+02
6.802223334430858586e+02
6.898563976155874116e+02
6.995064955419107946e+02
7.091693165848045055e+02
7.192381725337527314e+02
7.291079346163734272e+02
7.391277690049234934e+02
7.493648059893880600e+02
7.597499792640365968e+02
7.702263342392639061e+02
7.807340436370535599e+02
7.912766448825915404e+02
8.018647834402313492e+02
8.125340565932763184e+02
8.233300423526081886e+02
8.342324060805736963e+02
8.452316325538126875e+02
8.563121782659064820e+02
8.674684804380160585e+02
8.787398895654104081e+02
8.901675454631798630e+02
9.017149090412762007e+02
9.133322594381029376e+02
9.250048083385925111e+02
9.367277481552572453e+02
9.485749657019947563e+02
9.606157421157032559e+02
9.728233902020240293e+02
9.851412805838607483e+02
9.975576971582246415e+02
1.010079051169524973e+03
1.022709407794916615e+03
1.035460978831372813e+03
1.048335995348287497e+03
1.061351659506423857e+03
1.074533174944695929e+03
1.087867886121566016e+03
1.101331177518488630e+03
1.114893443253127771e+03
1.128535058170727552e+03
1.142241457403757749e+03
1.156088182326648166e+03
1.170150844237264437e+03
1.184435189340414809e+03
1.198941973477119291e+03
1.213641385300773209e+03
1.228451209807335090e+03
1.243363462444724746e+03
1.258410081571180399e+03
1.273608034453571008e+03
1.288975076402907462e+03
1.304517143815394775e+03
1.320216009312430515e+03
1.336068416606782648e+03
1.352066119047428401e+03
1.368204552911308383e+03
1.384463944004478890e+03
1.400833191424749202e+03
1.417321155725087920e+03
1.433931707094673584e+03
1.450673062982051761e+03
1.467545878054286959e+03
1.484560144601599859e+03
1.501710883822843016e+03
1.519008088008237337e+03
1.536446778356634240e+03
1.554026966430675884e+03
1.571753654156793118e+03
1.589611882006258611e+03
1.607611642269293498e+03
1.625747956144749196e+03
1.644020835195268091e+03
1.662420310255911318e+03
1.680946392889321032e+03
1.699594104294349336e+03
1.718358465669847192e+03
1.737234498214667155e+03
1.756212232763871270e+03
1.775296671243890387e+03
1.794477844489787003e+03
1.813750750834762130e+03
1.833115287513205203e+03
1.852566338530064286e+03
1.872098787890287895e+03
1.891707519598825684e+03
1.911392408024414863e+03
1.931148337172004631e+03
1.950965200682754130e+03
1.970842872925401252e+03
1.990776237904894970e+03
2.010760179626183344e+03
2.030784591730425518e+03
2.050849348586360520e+03
2.070949334198936413e+03
2.091074442209312110e+03
2.111224546986225960e+03
2.131389542170837103e+03
2.151564311768093376e+03
2.171748730146734943e+03
2.191932690947918218e+03
2.212106201632365810e+03
2.232274696030413452e+03
2.252423760336801934e+03
2.272553951837639943e+03
2.292655847091456963e+03
2.312730003384361225e+03
2.332766997274883124e+03
2.352762395685342653e+03
2.372706775174267477e+03
2.392605683391557704e+03
2.412444706531952761e+03
2.432219411517771732e+03
2.451930355635123306e+03
2.471563125078748271e+03
2.491118277134754862e+03
2.510576407634093357e+03
2.529933083499082386e+03
2.549178881288252796e+03
2.568304377560132707e+03
2.587300148873252510e+03
2.606151723064264843e+03
2.624864355992632227e+03
2.643428274068364772e+03
2.661843684429047698e+03
2.680105803848479354e+03
2.698219829828036836e+03
2.716170998413937014e+03
2.733964507107558802e+03
2.751590582318907309e+03
2.769044440821782700e+03
2.786311318662400481e+03
2.803386432614559453e+03
2.820264999452056600e+03
2.836932255221110154e+03
2.853388407059307156e+03
2.869623681376655441e+03
2.885633294946951082e+03
2.901412464543993792e+03
2.916956406941579189e+03
2.932260338913505166e+03
2.947314486869780012e+03
2.962124048311781280e+03
2.976674259285724474e+03
2.990960336565408852e+03
3.004982487288420998e+03
3.018731054333741668e+03
3.032201836820027893e+03
3.045385759971124116e+03
3.058283729738448983e+03
3.070891661709635173e+03
3.083200481108523036e+03
3.095211093886535309e+03
3.106919415631300581e+03
3.118316371566663292e+03
3.129402867644042544e+03
3.140169829087280959e+03
3.150618161847799911e+03
3.160743781513228896e+03
3.170537613307410538e+03
3.180000563181765756e+03
3.189128546723926320e+03
3.197912489157733489e+03
3.206348306070818126e+03
3.214441893778391659e+03
3.222184177504294894e+03
3.229576063199949203e+03
3.236618456816776870e+03
3.243312264306196994e+03
3.249643420528262141e+03
3.255622812161972888e+03
3.261241335995034660e+03
3.266494765434395958e+03
3.271368864723289789e+03
3.275869359560108933e+03
3.279977023824296793e+03
3.283697583214244332e+03
3.287021792336975977e+03
3.289945396163302121e+03
3.292489091482986623e+03
3.294643632903050730e+03
3.296414746121887674e+03
3.297813147201678476e+03
3.298839571477026311e+03
3.299499744646321687e+03
3.299794402044168692e+03
3.299714298277589478e+03
3.299260168681187679e+03
3.298432748589563744e+03
3.297227782973529884e+03
3.295641016803901039e+03
3.293678175779068170e+03
3.291330014506054795e+03
3.288602258683250511e+03
3.285500634009050373e+03
3.282025875818055738e+03
3.278173729081079728e+03
3.273949919496513303e+03
3.269355182398959187e+03
3.264395243486810614e+03
3.259065847730879341e+03
3.253372720829557238e+03
3.247321588481236631e+03
3.240908195656730186e+03
3.234133277690640170e+03
3.227007550645149422e+03
3.219521769127279185e+03
3.211691639563002354e+03
3.203512906923131595e+03
3.194991296906058324e+03
3.186127544846384808e+03
3.176922386078713771e+03
3.167386536665228050e+03
3.157520731940527639e+03
3.147325707239217991e+03
3.136812178623477848e+03
3.125985871791702266e+03
3.114842531714703000e+03
3.103397864818449762e+03
3.091647616073757035e+03
3.079602501542806294e+03
3.067258155738799815e+03
3.054619752072077063e+03
3.041687363131579332e+03
3.028471042233822573e+03
3.014960881240169329e+03
3.001166933467138279e+03
2.987094261867458499e+03
2.972752919757648669e+03
2.958147970090439230e+03
2.943294456546138463e+03
2.928192451713686296e+03
2.912856999273390556e+03
2.897293162177983049e+03
2.881506003380190123e+03
2.865495595468953979e+03
2.849267001397001422e+03
2.832830274480854314e+03
2.816185487309450309e+03
2.799332712471729792e+03
2.782277012920422294e+03
2.765033432335837460e+03
2.747597052943122435e+03
2.729987908786378284e+03
2.712201082090754426e+03
2.694246626172769083e+03
2.676139584712732358e+03
2.657880030299583268e+03
2.639473025886050891e+03
2.620928624788655725e+03
2.602256880323915084e+03
2.583457865080769352e+03
2.564541632375738118e+03
2.545518235525340060e+03
2.526387747118514653e+03
2.507160220471781486e+03
2.487840718537870089e+03
2.468444284997088289e+03
2.448970992438376470e+03
2.429425903814465073e+03
2.409824062805660560e+03
2.390170532364694282e+03
2.370465385080504802e+03
2.350718674269612166e+03
2.330940453248533686e+03
2.311130794606212021e+03
2.291299751659164031e+03
2.271447396996329189e+03
2.251588774298017597e+03
2.231728946516958786e+03
2.211872976605880467e+03
2.192030715412161953e+03
2.172211203906616902e+03
2.152418290227128637e+03
2.132660812875369174e+03
2.112947610353011896e+03
2.093277540434149614e+03
2.073664431984245766e+03
2.054112133141181857e+03
2.034624492042842576e+03
2.015200366463319597e+03
1.995858575631866415e+03
1.976592986958785104e+03
1.957417429309540012e+03
1.938335750822013324e+03
1.919346809270297854e+03
1.900464433519856811e+03
1.881692471708572612e+03
1.863039762338118635e+03
1.844505163182587921e+03
1.826092522379862430e+03
1.807820659159196339e+03
1.789678450567102118e+03
1.771684715832832580e+03
1.753833322366690709e+03
1.736138099034139259e+03
1.718597903609271953e+03
1.701221574593760806e+03
1.684012960125489371e+03
1.666975908342340290e+03
1.650119257745986715e+03
1.633441866110521460e+03
1.616952571937617222e+03
1.600650233001367951e+03
1.584543687803446346e+03
1.568641774845524651e+03
1.552943351901695678e+03
1.537452267109843660e+03
1.522172368607850558e+03
1.507112494897389979e+03
1.492276494116344111e+03
1.477663224038806902e+03
1.463276532802661222e+03
1.449120268545789713e+03
1.435193289042285642e+03
1.421499442430032559e+03
1.408042576846912652e+03
1.394821550067019871e+03
1.381840210228236856e+03
1.369107395832236762e+03
1.356621964653112400e+03
1.344392705664621189e+03
1.332423219365068235e+03
1.320712066361053985e+03
1.309262797622968037e+03
1.298083954484990045e+03
1.287169107189929946e+03
1.276521806708178019e+03
1.266145604010123861e+03
1.256039059702367467e+03
1.246200734391509286e+03
1.236634179047938460e+03
1.227337954278255665e+03
1.218320601416640102e+03
1.209570700342111877e+03
1.201101782752641384e+03
1.192907418891038105e+03
1.184991159727692093e+03
1.177351565869203341e+03
1.169987197922172300e+03
1.162906597220777485e+03
1.156098343644040597e+03
1.149570978526140607e+03
1.143318072109887680e+03
1.137343175365672096e+03
1.131639858536303791e+03
1.126211672592172818e+03
1.121062168503668317e+03
1.116179926149811990e+03
1.111573486864782353e+03
1.107241411255179628e+03
1.103177269563814434e+03
1.099384612761076596e+03
1.095862001453565654e+03
1.092603005884092454e+03
1.089606186659256991e+03
1.086875094749448408e+03
1.084408290761267608e+03
1.082194354573734472e+03
1.080236837157239052e+03
1.078534299118381341e+03
1.077085301063761790e+03
1.075878422872400051e+03
1.074922205878476461e+03
1.074205229961011355e+03
1.073726055726604500e+03
1.073483243781856117e+03
1.073470364369576373e+03
1.073690968460155318e+03
1.074138626296402890e+03
1.074811898484919539e+03
1.075709520361253453e+03
1.076825935812956459e+03
1.078160753820318860e+03
1.079713583363630505e+03
1.081474052695602495e+03
1.083441770796524224e+03
1.085616346646686679e+03
1.087992398862589198e+03
1.090559555696943107e+03
1.093327406857617689e+03
1.096275599869744383e+03
1.099413724441192244e+03
1.102736399188461974e+03
1.106238242728053820e+03
1.109908883312678427e+03
1.113757910650205304e+03
1.117769962629555266e+03
1.121949638594808221e+03
1.126286566798675040e+03
1.130785346585234947e+03
1.135435606207199044e+03
1.140231964281067576e+03
1.145179020150920223e+03
1.150266402069467404e+03
1.155488728653210273e+03
1.160845608882438228e+03
1.166321680646072082e+03
1.171926533651981799e+03
1.177639815425297911e+03
1.183461134946311176e+03
1.189390101195311445e+03
1.195416342425008679e+03
1.201544457979483923e+03
1.207759085747657082e+03
1.214064825073608063e+03
1.220456294573837795e+03
1.226928112864845843e+03
1.233474898563133593e+03
1.240096260648989983e+03
1.246781827375126113e+03
1.253526217358042459e+03
1.260319058850449437e+03
1.267159960832637125e+03
1.274038551557316168e+03
1.280949449640986586e+03
1.287887273700149308e+03
1.294846642351304354e+03
1.301832154938531630e+03
1.308833439714541555e+03
1.315845115295834603e+03
1.322867033360598953e+03
1.329900016378616328e+03
1.336930158426196158e+03
1.343958524671018267e+03
1.350976199553182596e+03
1.357979257876579140e+03
1.364963774445096988e+03
1.371920833698836532e+03
1.378841520077897485e+03
1.385736879477539105e+03
1.392588015610281218e+03
1.399410964735173366e+03
1.406186830564735146e+03
1.412931649358015648e+03
1.419626524827535604e+03
1.426282502868553365e+03
1.432890667921169779e+03
1.439442104425483421e+03
1.445937877549175255e+03
1.452369071732344310e+03
1.458726771415090298e+03
1.465012041765093500e+03
1.471215967222453173e+03
1.477339612954848917e+03
1.483379053766170728e+03
1.489335354824098204e+03
1.495199600568730375e+03
1.500977846531537580e+03
1.506671157880198507e+03
1.512265628691023494e+03
1.517772304859271344e+03
1.523172290097463019e+03
1.528471639937067266e+03
1.533661438818184251e+03
1.538732771180914142e+03
1.543691692556725684e+03
1.548529287385718590e+03
1.553241630471783310e+03
1.557834777346388137e+03
1.562299812449634146e+03
1.566637800949200027e+03
1.570849808012765834e+03
1.574936898808010028e+03
1.578895148138823060e+03
1.582720630809094700e+03
1.586414411986504092e+03
1.589967576111150947e+03
1.593381188350715320e+03
1.596651323509086751e+03
1.599774056390154783e+03
1.602745524910505992e+03
1.605567109801305833e+03
1.608235264542626282e+03
1.610751432978329831e+03
1.613122049316067887e+03
1.615338576672123963e+03
1.617407449254148787e+03
1.619325120542215700e+03
1.621088044016396225e+03
1.622707644248132510e+03
1.624170393989917784e+03
1.625487717813193058e+03
1.626651078834241162e+03
1.627661920896923675e+03
1.628521687845103997e+03
1.629231823522643026e+03
1.629788781409613421e+03
1.630189014986088068e+03
1.630438958459718378e+03
1.630530074946786954e+03
1.630468798654945886e+03
1.630251583064267379e+03
1.629874881654824094e+03
1.629350118998057042e+03
1.628668758210249507e+03
1.627842223862842957e+03
1.626866969435909596e+03
1.625744438773311913e+03
1.624476075718911488e+03
1.623068314480360414e+03
1.621512618173941291e+03
1.619820411371096043e+03
1.617988147551896873e+03
1.616012280196416214e+03
1.613904233876095532e+03
1.611655471707217657e+03
1.609277418261223602e+03
1.606766527018186935e+03
1.604129232185758156e+03
1.601356996880221004e+03
1.598466236036806322e+03
1.595453403135586996e+03
1.592314951656634321e+03
1.589062306171391128e+03
1.585696910523718998e+03
1.582215218193690362e+03
1.578623663388957084e+03
1.574923689953381654e+03
1.571116741730825197e+03
1.567204262565150884e+03
1.563197493632721716e+03
1.559086981074428195e+03
1.554883049091241446e+03
1.550591031520342995e+03
1.546206281471334705e+03
1.541729142417608955e+03
1.537174928923926018e+03
1.532534003736097930e+03
1.527811700691306669e+03
1.523008363262943931e+03
1.518134315651981069e+03
1.513179920604229665e+03
1.508155502320661071e+03
1.503066394638457723e+03
1.497902960303430746e+03
1.492675523516551721e+03
1.487389418115002627e+03
1.482039997208384648e+03
1.476632594633879762e+03
1.471167553864878982e+03
1.465650208738564743e+03
1.460085893092117885e+03
1.454474950398930105e+03
1.448817724132393550e+03
1.443129528857268951e+03
1.437400727319369253e+03
1.431646634083453819e+03
1.425862602259125879e+03
1.420053965683566503e+03
1.414226058193957442e+03
1.408384213627479767e+03
1.402528775457525398e+03
1.396660087157486487e+03
1.390788472928333249e+03
1.384914276243458517e+03
1.379037840576253302e+03
1.373164499763899130e+03
1.367304578007367581e+03
1.361448438052470465e+03
1.355611394463969191e+03
1.349793790715255227e+03
1.343995970279720495e+03
1.338223266994545838e+03
1.332476024333123860e+03
1.326764566496425459e+03
1.321089236957841877e+03
1.315450379190765716e+03
1.309853327032377592e+03
1.304303414319859485e+03
1.298800984526602861e+03
1.293356128616630485e+03
1.287958043151009633e+03
1.282625633636598195e+03
1.277347863397515084e+03
1.272128666849248020e+03
1.266976968771075690e+03
1.261886722850906381e+03
1.256866853868017870e+03
1.251921296237898559e+03
1.247039013284667362e+03
1.242238910515181942e+03
1.237509951253560985e+03
1.232856069915292437e+03
1.228291181643445270e+03
1.223799259398346976e+03
1.219399208686856127e+03
1.215084983196880557e+03
1.210860517343909805e+03
1.206724755179640852e+03
1.202681631119563008e+03
1.198740069942953596e+03
1.194894025337721359e+03
1.191142441355564870e+03
1.187494242775762359e+03
1.183948373650011945e+03
1.180508768393801802e+03
1.177169380695040900e+03
1.173944125696796391e+03
1.170821966723187870e+03
1.167811828553492887e+03
1.164912655239410242e+03
1.162123390832637597e+03
1.159452960112454093e+03
1.156895316766767110e+03
1.154454395211065957e+03
1.152134129860838357e+03
1.149933464767782652e+03
1.147851343983597417e+03
1.145891701923771052e+03
1.144053482640001448e+03
1.142340620547777462e+03
1.140747069335007382e+03
1.139286744144759041e+03
1.137943617937361751e+03
1.136731605855882890e+03
1.135649651952020804e+03
1.134691709913684917e+03
1.133861714156362723e+03
1.133158608731752793e+03
1.132591318419133586e+03
1.132148764422095155e+03
1.131834670553486603e+03
1.131652718505628172e+03
1.131601599607050048e+03
1.131684995550073154e+03
1.131891616935648244e+03
1.132230135819885390e+03
1.132699243531315460e+03
1.133297631398469093e+03
1.134023990749876475e+03
1.134877012914068473e+03
1.135860379583365557e+03
1.136967791722508537e+03
1.138202931023817655e+03
1.139564488815823779e+03
1.141046166063267492e+03
1.142651644458469036e+03
1.144384605693748881e+03
1.146233760370058462e+03
1.148207780543507852e+03
1.150300367178837632e+03
1.152510211604577989e+03
1.154836005149260473e+03
1.157276439141415040e+03
1.159835195273362160e+03
1.162505974509843327e+03
1.165287468179388043e+03
1.168173377246738028e+03
1.171172373768002899e+03
1.174278158707923467e+03
1.177484433031241679e+03
1.180789888066486128e+03
1.184198205505979104e+03
1.187708076678250336e+03
1.191308212184250579e+03
1.195002293716300983e+03
1.198789012602931962e+03
1.202667060172673700e+03
1.206635127754056839e+03
1.210686916311822642e+03
1.214821117174501524e+03
1.219036421670623895e+03
1.223331521128720851e+03
1.227700116513532521e+03
1.232145889517380283e+03
1.236652560377424379e+03
1.241233791513565620e+03
1.245873303162964021e+03
1.250579767381731244e+03
1.255341894770817589e+03
1.260158564910785117e+03
1.265024420026530606e+03
1.269944271322562372e+03
1.274917939639598217e+03
1.279930274726986909e+03
1.284996068516815967e+03
1.290100170758434615e+03
1.295242402292560882e+03
1.300427574323701947e+03
1.305645526964997089e+03
1.310896081057164565e+03
1.316184047804711554e+03
1.321494276956987051e+03
1.326831579718499597e+03
1.332195776929966542e+03
1.337576708704527164e+03
1.342974195882899039e+03
1.348388059305800653e+03
1.353813129450159977e+03
1.359249227156695497e+03
1.364691182902335413e+03
1.370138817527797983e+03
1.375591951873801236e+03
1.381045416417273600e+03
1.386499031998932651e+03
1.391947629095707498e+03
1.397391028548316172e+03
1.402829051197476701e+03
1.408246546792537401e+03
1.413653316901796188e+03
1.419044192002181944e+03
1.424409012206833040e+03
1.429752588720256881e+03
1.435069752019382349e+03
1.440350342217348043e+03
1.445604160882451197e+03
1.450816057764040579e+03
1.455990844066624732e+03
1.461123350267131400e+03
1.466208406842489921e+03
1.471240844269627132e+03
1.476220483389262426e+03
1.481147145042112925e+03
1.486010669341318362e+03
1.490810877127595631e+03
1.495542598877874070e+03
1.500205655432871481e+03
1.504794877269515837e+03
1.509310085228525850e+03
1.513746109786829948e+03
1.518097997959111808e+03
1.522361662911081567e+03
1.526543215073784040e+03
1.530638784150685296e+03
1.534644499845250266e+03
1.538556491860944789e+03
1.542385860992603966e+03
1.546123746579903354e+03
1.549771268690098168e+03
1.553324557026654702e+03
1.556784731656827489e+03
1.560147922284082142e+03
1.563415248975674558e+03
1.566577851071280293e+03
1.569636848638154788e+03
1.572593361743553260e+03
1.575438529727151490e+03
1.578178463019994524e+03
1.580799310597968542e+03
1.583312173255908647e+03
1.585708190333490620e+03
1.587983491534179848e+03
1.590144187289020920e+03
1.592181416937690756e+03
1.594096300547444343e+03
1.595894948549326045e+03
1.597573490646802156e+03
1.599133046907128119e+03
1.600574737397558692e+03
1.601894691821560173e+03
1.603099020610177149e+03
1.604178863103085860e+03
1.605140329731330894e+03
1.605974559834588035e+03
1.606682673480113635e+03
1.607255810007582340e+03
1.607700079848040332e+03
1.608011612704952313e+03
1.608181547917994521e+03
1.608220986282001377e+03
1.608121067136649117e+03
1.607887900912982786e+03
1.607517617314467998e+03
1.607011336408359966e+03
1.606365187898124759e+03
1.605585282214806966e+03
1.604672739425662030e+03
1.603623689234155790e+03
1.602444242071332837e+03
1.601130527640659466e+03
1.599683696466040374e+03
1.598110011261770978e+03
1.596400794107426691e+03
1.594562338173953549e+03
1.592585965540926509e+03
1.590467988651710812e+03
1.588209710313462438e+03
1.585812433333336685e+03
1.583272470154698794e+03
1.580591123584703837e+03
1.577769696430507793e+03
1.574819472226844937e+03
1.571736763417081193e+03
1.568527863172161688e+03
1.565199064663030640e+03
1.561751670696844712e+03
1.558181993716968464e+03
1.554491336530557192e+03
1.550676011580976819e+03
1.546732331311593043e+03
1.542656608165771104e+03
1.538450144950666299e+03
1.534109254109644098e+03
1.529640228813649856e+03
1.525049362233628244e+03
1.520337957176735017e+03
1.515512306813915075e+03
1.510573713952323942e+03
1.505533462126695895e+03
1.500392854144186231e+03
1.495153192811951158e+03
1.489810790573355234e+03
1.484361959871764611e+03
1.478812993878124416e+03
1.473155214672010288e+03
1.467384934696787013e+03
1.461508447123400856e+03
1.455532045122796035e+03
1.449447050774548870e+03
1.443274728340973525e+03
1.437011390265435239e+03
1.430663329718879595e+03
1.424231849508461664e+03
1.417733223532706234e+03
1.411153783507399112e+03
1.404504812967274802e+03
1.397777633991909624e+03
1.390978539752248935e+03
1.384103842691657292e+03
1.377149855253500846e+03
1.370127677606958514e+03
1.363032705367613971e+03
1.355870131513075421e+03
1.348640158657160782e+03
1.341357960505057690e+03
1.334013758943003950e+03
1.326622727676187196e+03
1.319185069318425349e+03
1.311700986483536553e+03
1.304170681785338729e+03
1.296599348201439398e+03
1.288982197981867102e+03
1.281329414468019422e+03
1.273636209909923991e+03
1.265902786921399866e+03
1.258139328843843259e+03
1.250336057563493796e+03
1.242498166057958315e+03
1.234630847304844792e+03
1.226729313554181772e+03
1.218798757783577003e+03
1.210844372970638005e+03
1.202861371365392870e+03
1.194859936309239629e+03
1.186840270415995747e+03
1.178807566663269426e+03
1.170762027664878588e+03
1.162718827126009955e+03
1.154668186932902699e+03
1.146620290426953716e+03
1.138570349858191776e+03
1.130528548568014457e+03
1.122490098806449168e+03
1.114455203187314510e+03
1.106429054688218685e+03
1.098411855922978702e+03
1.090403809505412710e+03
1.082415098776919194e+03
1.074435945623735734e+03
1.066481523751049508e+03
1.058547045408889289e+03
1.050637703574862826e+03
1.042753700862787582e+03
1.034905220614061363e+03
1.027082484714922657e+03
1.019300666870558530e+03
1.011554979330997639e+03
1.003850615073847734e+03
9.961927670767159952e+02
9.885816379534209091e+02
9.810172291785881953e+02
9.735087183976539791e+02
9.660551013892838910e+02
9.586553739321421972e+02
9.513135221686836758e+02
9.440285418775735025e+02
9.368094095650556028e+02
9.296501306460049818e+02
9.225546912628767586e+02
9.155220871943353131e+02
9.085563045828356508e+02
9.016613295708323221e+02
8.948361579369899346e+02
8.880797854599735501e+02
8.813912079184477761e+02
8.747794018186573339e+02
8.682383725754771149e+02
8.617671159675719537e+02
8.553746085011863443e+02
8.490598459549851214e+02
8.428168337438430626e+02
8.366545483740051168e+02
8.305769759879253797e+02
8.245731316366894816e+02
8.186569821903316324e+02
8.128225330637266097e+02
8.070737703993293053e+02
8.014146803395939287e+02
7.958442586631859967e+02
7.903615011487698894e+02
7.849654035750104413e+02
7.796649424481521464e+02
7.744541231830703509e+02
7.693369319222190370e+02
7.643123644442639488e+02
7.593794165278688979e+02
7.545420743154893444e+02
7.497993335857897819e+02
7.451551804812248747e+02
7.406036204166696280e+02
7.361536298983687630e+02
7.317992143411967163e+02
7.275443598876088345e+02
7.233880623162693837e+02
7.193343077696334831e+02
7.153771016625759103e+02
7.115254205013411593e+02
7.077732697008040077e+02
7.041196450396298587e+02
7.005735230240624105e+02
6.971288789207999343e+02
6.937845577676192761e+02
6.905443648179100364e+02
6.874021245974821568e+02
6.843666327235148401e+02
6.814317137218181415e+02
6.786011728457815479e+02
6.758688346212148872e+02
6.732385043015078736e+02
6.707139871400497668e+02
6.682891076626506219e+02
6.659676711227000396e+02
6.637484924097976773e+02
6.616303864135433059e+02
6.596121680235363556e+02
6.576926521293768246e+02
6.558756439844543138e+02
6.541549681145783097e+02
6.525344297731389815e+02
6.510128438497357592e+02
6.495840348701782432e+02
6.482518080878563751e+02
6.470149783923696987e+02
6.458773510371078146e+02
6.448277601840908346e+02
6.438700110867082458e+02
6.430079089983495351e+02
6.422352784448245302e+02
6.415509343157332296e+02
6.409586818644650066e+02
6.404523456168300299e+02
6.400307404624276160e+02
6.396926812908576494e+02
6.394419733555097309e+02
6.392724411821938020e+02
6.391828996605095199e+02
6.391771540438462580e+02
6.392490288580145261e+02
6.393973389926131858e+02
6.396208993372425766e+02
6.399185247815023558e+02
6.402940205787816694e+02
6.407362208911011976e+02
6.412539213356400296e+02
6.418359560744181636e+02
6.424861303608253138e+02
6.432032590844610240e+02
6.439861571349250653e+02
6.448286490380276064e+02
6.457345400471579069e+02
6.466928192118398329e+02
6.477130565867697669e+02
6.487850156589895505e+02
6.499134310069093772e+02
6.510880661175705200e+02
6.523186459331733431e+02
6.535949339407590060e+02
6.549216647187381568e+02
6.562985824817315006e+02
6.577154507167800830e+02
6.591819943660846093e+02
6.606879769166860115e+02
6.622331425832052219e+02
6.638272163078423773e+02
6.654549712138491486e+02
6.671261322434254453e+02
6.688404436111925406e+02
6.705876688041914804e+02
6.723725424008327991e+02
6.741948086157370881e+02
6.760492212997356773e+02
6.779355246674491582e+02
6.798434822059186899e+02
6.817828188573447505e+02
6.837383077449786697e+02
6.857196738110206979e+02
6.877166805425123357e+02
6.897290721540741743e+02
6.917665735879064641e+02
6.938139579672606487e+02
6.958809502343373197e+02
6.979573138761776363e+02
7.000527738349815081e+02
7.021570935977906629e+02
7.042750077430151805e+02
7.063962797576967887e+02
7.085156634926661354e+02
7.106428838901236986e+02
7.127677044371105239e+02
7.148848789844579414e+02
7.169991421105760310e+02
7.191052476662964636e+02
7.211979495024495463e+02
7.232869725612357570e+02
7.253620803296967097e+02
7.274230170224527683e+02
7.294695268541249789e+02
7.315013540393337053e+02
7.335132524289105049e+02
7.355049662374757418e+02
7.374714218763684812e+02
7.394132263627496968e+02
7.413311592742882112e+02
7.432260001886530745e+02
7.450885479559333362e+02
7.469245725175874213e+02
7.487298630874950049e+02
7.505051992433246824e+02
7.522463701989553329e+02
7.539591458958460635e+02
7.556393155478754124e+02
7.572876587327125435e+02
7.588999646642367907e+02
7.604770129201165219e+02
7.620145927142311848e+02
7.635184739880392044e+02
7.649794555916300851e+02
7.664082978302519678e+02
7.677908091902047545e+02
7.691377499767366999e+02
7.704399190399371946e+02
7.717030863212643226e+02
7.729180506708083840e+02
7.740905820300272353e+02
7.752164696128005517e+02
7.763014833605861895e+02
7.773364221234742217e+02
7.783270558429229595e+02
7.792641833690219073e+02
7.801585650070190923e+02
7.810009996070042462e+02
7.817922667466459643e+02
7.825331460036130693e+02
7.832244169555748385e+02
7.838618688164099240e+02
7.844462811637874893e+02
7.849784335753762434e+02
7.854541152650550657e+02
7.858741058104933472e+02
7.862391847893596832e+02
7.865501317793227827e+02
7.868027359942619796e+02
7.869977770118458693e+02
7.871360344097437292e+02
7.872182877656241544e+02
7.872403262933661381e+02
7.872079199344285598e+02
7.871168579026902989e+02
7.869629294120304621e+02
7.867568947676976450e+02
7.864845913568984770e+02
7.861569239894176917e+02
7.857648649207882272e+02
7.853193478617013170e+02
7.848113450676904677e+02
7.842418095218674807e+02
7.836166845711346696e+02
7.829269424710247449e+02
7.821835169322293950e+02
7.813773802102815580e+02
7.805144756520835472e+02
7.795907658769576756e+02
7.786121942318058018e+02
7.775747233359508073e+02
7.764793061725050620e+02
7.753268957245805950e+02
7.741184449752896626e+02
7.728549069077449758e+02
7.715322441412688477e+02
7.701514096589734208e+02
7.687183468077612361e+02
7.672290182069542652e+02
7.656843768396652194e+02
7.640903660527962984e+02
7.624379581018797580e+02
7.607281059700283095e+02
7.589717433679336409e+02
7.571648329149184065e+02
7.553033372303051465e+02
7.533981900247856629e+02
7.514403635538926665e+02
7.494358011645282431e+02
7.473854558398048766e+02
7.452852901990451073e+02
7.431412475891507938e+02
7.409542809932343062e+02
7.387203530306182984e+02
7.364454070482047428e+02
7.341303960291061230e+02
7.317662922288551499e+02
7.293690197219333413e+02
7.269295507638735216e+02
7.244538287015777769e+02
7.219378161543684200e+02
7.193874564691481055e+02
7.168037026290286349e+02
7.141875076171226056e+02
7.115348340527523305e+02
7.088516252828201232e+02
7.061388342904381261e+02
7.033972910142446153e+02
7.006273332149795579e+02
6.978341659726991111e+02
6.950080232760900572e+02
6.921591005689981557e+02
6.892826222038993365e+02
6.863837932608499841e+02
6.834628284561158580e+02
6.805199425059635132e+02
6.775553501266589365e+02
6.745692660344683418e+02
6.715668953094473181e+02
6.685434623040728184e+02
6.655041720984003177e+02
6.624492394086962577e+02
6.593738885874365678e+02
6.562833247146777467e+02
6.531777625066856672e+02
6.500624070435163731e+02
6.469324826776461350e+02
6.437931944891307694e+02
6.406447571942366039e+02
6.374873855092299664e+02
6.343212941503766160e+02
6.311466978339429943e+02
6.279688016399848038e+02
6.247878202847685998e+02
6.215989781207703118e+02
6.184124705918358131e+02
6.152235220504416020e+02
6.120323472128535514e+02
6.088441511591279323e+02
6.056591486055307314e+02
6.024775542683281628e+02
5.992995828637862132e+02
5.961254491081712104e+02
5.929603580815390842e+02
5.898045245001558214e+02
5.866581630802876361e+02
5.835164981744112538e+02
5.803947155901615815e+02
5.772830493162257426e+02
5.741867044326592122e+02
5.711108860195182615e+02
5.680508184292791611e+02
5.650067163782080115e+02
5.619837849463607427e+02
5.589872292137931709e+02
5.560122735329822490e+02
5.530591326201933953e+02
5.501328725359579721e+02
5.472330128989170817e+02
5.443589343081873722e+02
5.415150077266745257e+02
5.386956233897054744e+02
5.359051522601860142e+02
5.331429749372326796e+02
5.304134623837513800e+02
5.277159951988585362e+02
5.250449636178807395e+02
5.224047386037240130e+02
5.197996911192946072e+02
5.172242113999187723e+02
5.146826704085030997e+02
5.121794391079529305e+02
5.097039173698057084e+02
5.072654665207571156e+02
5.048634671599234025e+02
5.024972998864208762e+02
5.001613549355762984e+02
4.978699839978750674e+02
4.956075965810642856e+02
4.933885443756295217e+02
4.912022272531077078e+02
4.890580065401947536e+02
4.869502724722169091e+02
4.848833960120804818e+02
4.828567577589017787e+02
4.808747286755867663e+02
4.789316989974622629e+02
4.770270493236444622e+02
4.751651506170393304e+02
4.733503738405531749e+02
4.715721188657225866e+02
4.698397470192436458e+02
4.681476485364427731e+02
4.665001943802259348e+02
4.648967651497095517e+02
4.633367414440101584e+02
4.618195038622438346e+02
4.603494233673167741e+02
4.589258805583452840e+02
4.575432656706558987e+02
4.562059496671547549e+02
4.549133131469581599e+02
4.536697270729721367e+02
4.524695816805234472e+02
4.513172479325179438e+02
4.502071160642823315e+02
4.491485474025123494e+02
4.481309185190312974e+02
4.471584838781772078e+02
4.462354746445743672e+02
4.453561412552678007e+02
4.445247148748819086e+02
4.437404363042513182e+02
4.430025463442105433e+02
4.423102857955945524e+02
4.416579050954478589e+02
4.410596161359747498e+02
4.404996886266404204e+02
4.399873440958589867e+02
4.395218233444653038e+02
4.390973768095040555e+02
4.387182356555996989e+02
4.383786503197973161e+02
4.380878423305107958e+02
4.378400621247852769e+02
4.376345505034552730e+02
4.374705482673554684e+02
4.373472962173204905e+02
4.372690255179748533e+02
4.372299866063632976e+02
4.372289212469416952e+02
4.372700606043341622e+02
4.373511483702388318e+02
4.374714253454899904e+02
4.376301323309224358e+02
4.378265101273709661e+02
4.380602985720489642e+02
4.383307384657910575e+02
4.386370706094322145e+02
4.389785358038068352e+02
4.393543748497496608e+02
4.397643275844741879e+02
4.402071357724362315e+02
4.406825392508495156e+02
4.411892797841694573e+02
4.417265981732309115e+02
4.422947332916263576e+02
4.428919278674325710e+02
4.435174227014841790e+02
4.441704585946158090e+02
4.448507753840411851e+02
4.455561167614579290e+02
4.462867216004586908e+02
4.470408326291201320e+02
4.478181896846559766e+02
4.486170354951428294e+02
4.494366108614153745e+02
4.502762548811228385e+02
4.511352008027939746e+02
4.520127801717721923e+02
4.529083245334006733e+02
4.538226625421597191e+02
4.547536286342559606e+02
4.557015524277903182e+02
4.566657654681063150e+02
4.576455993005474170e+02
4.586398864340776527e+02
4.596489564867986246e+02
4.606716419676744749e+02
4.617072744220487266e+02
4.627551853952646184e+02
4.638147064326652753e+02
4.648851690795943910e+02
4.659659048813950903e+02
4.670562453834106691e+02
4.681555221309847639e+02
4.692625676330813462e+02
4.703772124714229790e+02
4.714987881913527872e+02
4.726256282654563847e+02
4.737575632754558796e+02
4.748934257303158120e+02
4.760325471753793067e+02
4.771742591559899438e+02
4.783173941811119221e+02
4.794607847597095542e+02
4.806042614735051757e+02
4.817466568314632696e+02
4.828863043061691087e+02
4.840235335157240684e+02
4.851566779327133645e+02
4.862845700661015940e+02
4.874070404976107511e+02
4.885224226998263930e+02
4.896305472544709687e+02
4.907297476341295805e+02
4.918188563477668254e+02
4.928977039771048680e+02
4.939646239947291519e+02
4.950189479459829158e+02
4.960590093034517167e+02
4.970846386488576627e+02
4.980941694547863108e+02
4.990869332665808997e+02
5.000612635568267592e+02
5.010169909072462815e+02
5.019524487904247962e+02
5.028670806311178012e+02
5.037602783353499944e+02
5.046330427976950546e+02
5.054798874398000521e+02
5.063083006291654442e+02
5.071137938601961537e+02
5.078968689910871603e+02
5.086580278800330461e+02
5.093927820214389044e+02
5.101016332734993171e+02
5.107850834944093208e+02
5.114486249061532135e+02
5.120827786393463157e+02
5.126930369159731526e+02
5.132799015942285905e+02
5.138338938047277225e+02
5.143654961332448465e+02
5.148702200741851129e+02
5.153435771219534445e+02
5.157960498623240255e+02
5.162131690621223470e+02
5.166054173071228206e+02
5.169683060917304829e+02
5.173023372741398589e+02
5.176030223487560988e+02
5.178758535375638985e+02
5.181213326987577830e+02
5.183349713267427887e+02
5.185172712797136683e+02
5.186637440520755717e+02
5.187848722296025699e+02
5.188711769429102105e+02
5.189231600501929051e+02
5.189413234096456335e+02
5.189311592432528641e+02
5.188881790454196334e+02
5.188078943105509779e+02
5.186957972606312524e+02
5.185473993900656069e+02
5.183681929208385100e+02
5.181536893473549981e+02
5.179043905278098237e+02
5.176257886841875688e+02
5.173084049471033268e+02
5.169527411747519636e+02
5.165642895891180615e+02
5.161435520483962591e+02
5.156810496832018771e+02
5.151872650793092134e+02
5.146527193673334750e+02
5.140879159518658525e+02
5.134834800576072666e+02
5.128450288194443374e+02
5.121731890084741963e+02
5.114635970320043157e+02
5.107168796611317703e+02
5.099336636669536915e+02
5.091195661843570974e+02
5.082652332568592897e+02
5.073812723831371727e+02
5.064583296067082756e+02
5.055020220624596163e+02
5.045079861576982125e+02
5.034818390273114233e+02
5.024192170786061524e+02
5.013257374464697591e+02
5.001970365382092609e+02
4.990387314887116759e+02
4.978464587052844763e+02
4.966208449590245664e+02
4.953625170210291913e+02
4.940721016623954256e+02
4.927552160180102874e+02
4.914025061313914193e+02
4.900195891374253279e+02
4.886070918072095992e+02
4.871606505480514215e+02
4.856858824948376423e+02
4.841834144186654498e+02
4.826538730906319756e+02
4.810928949180446352e+02
4.795060970357901056e+02
4.778891158511760864e+02
4.762475684990891409e+02
4.745770913868368552e+02
4.728833016493060200e+02
4.711618356938041074e+02
4.694133202914282492e+02
4.676433725770650085e+02
4.658526193218120284e+02
4.640366969329763833e+02
4.621962321816551480e+02
4.603318518389456244e+02
4.584491730397346032e+02
4.565438321913294999e+02
4.546164560648273891e+02
4.526726617951152321e+02
4.507080857895003305e+02
4.487233548190799866e+02
4.467240860187408202e+02
4.447108303453078406e+02
4.426788451347265436e+02
4.406283022724598482e+02
4.385643640077606733e+02
4.364872022260922222e+02
4.343969888129171864e+02
4.322938956536987121e+02
4.301731042701102297e+02
4.280397769114042035e+02
4.258940854630437798e+02
4.237362018104920480e+02
4.215662978392120976e+02
4.193845454346666770e+02
4.171911164823191029e+02
4.149861828676322375e+02
4.127749068398588861e+02
4.105524699206722516e+02
4.083240343593253101e+02
4.060847816774910939e+02
4.038348837606326924e+02
4.015844932217926271e+02
3.993238012188546122e+02
3.970529796372813962e+02
3.947821810901157278e+02
3.925015967352409234e+02
3.902213791856995044e+02
3.879367099631649580e+02
3.856477609531002031e+02
3.833596944047579882e+02
3.810676918398115731e+02
3.787769155075137064e+02
3.764825469295377047e+02
3.741897483551363734e+02
3.719036820335624043e+02
3.696145391226994548e+02
3.673324722355899326e+02
3.650476725301173815e+02
3.627702926193242092e+02
3.605005043886736757e+02
3.582309941779440123e+02
3.559694194182829960e+02
3.537149539223955799e+02
3.514682686121237225e+02
3.492295353729305134e+02
3.469999241630370079e+02
3.447801059042851080e+02
3.425712505548958688e+02
3.403735300003320390e+02
3.381881141988150148e+02
3.360156740721865276e+02
3.338567909127631310e+02
3.317126855675172692e+02
3.295824931083802767e+02
3.274668457164198117e+02
3.253663755727042144e+02
3.232807167855434045e+02
3.212100024996264551e+02
3.191548648960214791e+02
3.171154371194174360e+02
3.150918523145034555e+02
3.130842436259685542e+02
3.110942413076386970e+02
3.091209804314449912e+02
3.071655922148345326e+02
3.052287088388752068e+02
3.033099644118771039e+02
3.014099911149083368e+02
2.995294211290369049e+02
2.976678885625729549e+02
2.958260255965844294e+02
2.940039653757605151e+02
2.922018410447898873e+02
2.904197857483621306e+02
2.886584316675448463e+02
2.869179119470273349e+02
2.851988587678774820e+02
2.835009062384054346e+02
2.818246865396792487e+02
2.801708318527668666e+02
2.785389762859785492e+02
2.769297520203821250e+02
2.753427931642876842e+02
2.737792309351423796e+02
2.722386994412561307e+02
2.707213318273181812e+02
2.692277602743963030e+02
2.677571198544218305e+02
2.663110408212205584e+02
2.648891572831027474e+02
2.634916023847573570e+02
2.621185092708734032e+02
2.607710091588980390e+02
2.594482371207621441e+02
2.581513243739128711e+02
2.568794059902813842e+02
2.556336131873144950e+02
2.544140791097013334e+02
2.532199388293731204e+02
2.520523235637767243e+02
2.509108674212222638e+02
2.497956823428254722e+02
2.487067954554085247e+02
2.476447117185994955e+02
2.466084389828892540e+02
2.455984822079056471e+02
2.446148473168978228e+02
2.436575402331144176e+02
2.427265668798045795e+02
2.418219331802171155e+02
2.409431460212220486e+02
2.400902113260681858e+02
2.392636340543836297e+02
2.384624220566592214e+02
2.376875793289019043e+02
2.369381137216025479e+02
2.362145301943891695e+02
2.355158365977527524e+02
2.348425378913210864e+02
2.341946399983431490e+02
2.335711507693099804e+02
2.329730742002283819e+02
2.323989191052103820e+02
2.318491904438838844e+02
2.313238941394978383e+02
2.308225370789221529e+02
2.303446261490267943e+02
2.298906663094396947e+02
2.294601644470307633e+02
2.290531264850489777e+02
2.286685602739852641e+02
2.283069707734675831e+02
2.279678648703658155e+02
2.276507494515498990e+02
2.273551314038898852e+02
2.270805176142556547e+02
2.268274130422751398e+02
2.265948255384392951e+02
2.263822619896180868e+02
2.261897283190604071e+02
2.260167314136362791e+02
2.258627781602155835e+02
2.257278744820472980e+02
2.256110282296223488e+02
2.255122453261897135e+02
2.254310326586193582e+02
2.253663980774021525e+02
2.253188465421660851e+02
2.252873859034021677e+02
2.252710240116012130e+02
2.252707648627702497e+02
2.252846723673308702e+02
2.253130231119747293e+02
2.253556487797032162e+02
2.254123810535176631e+02
2.254830516164193739e+02
2.255669931150306979e+02
2.256645362687320073e+02
2.257750137241456514e+02
2.258982571642729340e+02
2.260340982721151590e+02
2.261823687306737725e+02
2.263429002229499929e+02
2.265150253955662265e+02
2.266985759315238056e+02
2.268933835138240340e+02
2.270992798254683009e+02
2.273155975130789272e+02
2.275421682596572737e+02
2.277783247118256611e+02
2.280238985525854503e+02
2.282787214649379735e+02
2.285421260955055516e+02
2.288139441272895738e+02
2.290935082069123894e+02
2.293806500173753307e+02
2.296752012416796731e+02
2.299759954900688683e+02
2.302833634819231747e+02
2.305966378638649985e+02
2.309151512825166890e+02
2.312387354208795216e+02
2.315667229255759878e+02
2.318984464432282948e+02
2.322342366932168432e+02
2.325729272857849423e+02
2.329138508675550554e+02
2.332573381579074407e+02
2.336022227670853795e+02
2.339483363780903460e+02
2.342950116375446612e+02
2.346415811920706744e+02
2.349878767246697180e+02
2.353332308819641412e+02
2.356774753469552763e+02
2.360194437298864898e+02
2.363589677137592275e+02
2.366953799451956968e+02
2.370280130708183037e+02
2.373566987736284375e+02
2.376802706638694076e+02
2.379986286808142495e+02
2.383119457888225838e+02
2.386189660993888708e+02
2.389209289059023433e+02
2.392165783198573479e+02
2.395056565255063106e+02
2.397889037798594529e+02
2.400655632307901612e+02
2.403358760989297878e+02
2.405990855321517472e+02
2.408554327510871644e+02
2.411041609036095963e+02
2.413460102467293211e+02
2.415802239283195831e+02
2.418065441326328653e+02
2.420247130439213663e+02
2.422349718828165237e+02
2.424370628335706783e+02
2.426302290440571028e+02
2.428147117349072062e+02
2.429902530903732725e+02
2.431565952947077278e+02
2.433134805321628278e+02
2.434611500233699246e+02
2.435988469162023478e+02
2.437268124312914779e+02
2.438447887528896558e+02
2.439530171016281770e+02
2.440502415890014447e+02
2.441367034356407544e+02
2.442131428985563559e+02
2.442778050528637834e+02
2.443314301555732300e+02
2.443737603909371501e+02
2.444045379432077425e+02
2.444235049966374618e+02
2.444304037354785919e+02
2.444254753803624567e+02
2.444084621155414823e+02
2.443786070888888560e+02
2.443361515210361290e+02
2.442813366326144546e+02
2.442129065351182646e+02
2.441321005219368203e+02
2.440371636681855705e+02
2.439293352672538049e+02
2.438078584670147961e+02
2.436719764153420158e+02
2.435224293692456854e+02
2.433589595129781742e+02
2.431813285859285259e+02
2.429893765480324817e+02
2.427834619507415823e+02
2.425634443091282719e+02
2.423296821746438923e+02
2.420815360259820750e+02
2.418193644145942187e+02
2.415430268555528244e+02
2.412533809366883020e+02
2.409492881003151581e+02
2.406316059342638312e+02
2.402996949172278391e+02
2.399539136006586659e+02
2.395946205360076533e+02
2.392216752383473874e+02
2.388354362591292386e+02
2.384352640770467531e+02
2.380215172435513864e+02
2.375950533464735202e+02
2.371547338281277462e+02
2.367019153127234574e+02
2.362359582789540866e+02
2.357567222418921347e+02
2.352655638257471082e+02
2.347613444728333718e+02
2.342444227346024661e+02
2.337156561988847727e+02
2.331744053443738665e+02
2.326210287225211744e+02
2.320558848847780951e+02
2.314788333462171579e+02
2.308902326582897899e+02
2.302899423360683784e+02
2.296783209310046345e+02
2.290552279581707467e+02
2.284220200417763067e+02
2.277780576605147189e+02
2.271236993658374672e+02
2.264593037091960355e+02
2.257852292420417939e+02
2.251018345158263116e+02
2.244089790456219475e+02
2.237070213828801570e+02
2.229958210426735263e+02
2.222767346492113631e+02
2.215486236448082593e+02
2.208123456172945680e+02
2.200687581545007845e+02
2.193167226987413869e+02
2.185580949106048081e+02
2.177921981613144453e+02
2.170197045013505885e+02
2.162407498373444810e+02
2.154549710395483544e+02
2.146625040145934520e+02
2.138639837054900283e+02
2.130590469824903437e+02
2.122478297522256128e+02
2.114304679213270504e+02
2.106075964328049679e+02
2.097788521569115119e+02
2.089443710002779255e+02
2.081047879059145487e+02
2.072597397440735563e+02
2.064103604941441859e+02
2.055562870263786408e+02
2.046976552474081643e+02
2.038351001002430394e+02
2.029687574915144239e+02
2.020987633278536748e+02
2.012252535158918931e+02
2.003483639622603505e+02
1.994687296099693583e+02
1.985859873292710631e+02
1.977012710995547593e+02
1.968137187546936673e+02
1.959244642740769677e+02
1.950336435643359607e+02
1.941408934957228780e+02
1.932473480476269003e+02
1.923526440903003163e+02
1.914574165667532384e+02
1.905618013836170803e+02
1.896664334839020114e+02
1.887709497378602350e+02
1.878764841248809319e+02
1.869831725515953735e+02
1.860906518882558487e+02
1.852000561142515380e+02
1.843115211362136279e+02
1.834246838243944637e+02
1.825406781581832263e+02
1.816596400442110735e+02
1.807812063527303224e+02
1.799065110631301820e+02
1.790351910456629128e+02
1.781683802797176952e+02
1.773057156355467612e+02
1.764483310925393766e+02
1.755958635209477166e+02
1.747493969091248687e+02
1.739088172085205315e+02
1.730739603795485664e+02
1.722451614190015903e+02
1.714227553236721633e+02
1.706065780539740899e+02
1.697964655703208905e+02
1.689927528695053809e+02
1.681952759119411098e+02
1.674043696944207227e+02
1.666198701773580240e+02
1.658421123575455738e+02
1.650709321953970345e+02
1.643066646877050800e+02
1.635496448312623556e+02
1.627997085864825522e+02
1.620571909501582581e+02
1.613219278827032497e+02
1.605942543809101153e+02
1.598740064051925174e+02
1.591615189523431013e+02
1.584571270191545409e+02
1.577601675296615440e+02
1.570709754806567275e+02
1.563903849053118051e+02
1.557177327276613710e+02
1.550533539444980988e+02
1.543975835526146341e+02
1.537507565488036221e+02
1.531122098570997991e+02
1.524832765470538050e+02
1.518632935427002622e+02
1.512525958408318445e+02
1.506510194018622144e+02
1.500588992225839888e+02
1.494765702997898984e+02
1.489033695575145941e+02
1.483401310289297328e+02
1.477861916380699938e+02
1.472423854181069203e+02
1.467085483294543167e+02
1.461845163325258170e+02
1.456711234604930496e+02
1.451677066373906371e+02
1.446746008600113385e+02
1.441921411251477139e+02
1.437206624295924939e+02
1.432590026610013751e+02
1.428084948889248835e+02
1.423684760373978122e+02
1.419392650697370755e+02
1.415211168153568622e+02
1.411132719974376926e+02
1.407164684482969790e+02
1.403304459274943383e+02
1.399554432309681715e+02
1.395907010818989988e+02
1.392369573126043178e+02
1.388934526462645920e+02
1.385614239515763586e+02
1.382391138789621152e+02
1.379277592971183140e+02
1.376270999656044296e+02
1.373368756439800222e+02
1.370568260918045951e+02
1.367866910686376229e+02
1.365272084067965466e+02
1.362781178658408692e+02
1.360386601689511394e+02
1.358095731484448834e+02
1.355905965638814621e+02
1.353809711384415095e+02
1.351814347044424665e+02
1.349912279850648247e+02
1.348110888126260818e+02
1.346402579103067296e+02
1.344789740740452828e+02
1.343269770634012161e+02
1.341840066379340328e+02
1.340498025572032930e+02
1.339251026535263520e+02
1.338091476500838439e+02
1.337016773064352151e+02
1.336024313821399687e+02
1.335116486731366194e+02
1.334295679753636250e+02
1.333549309756225227e+02
1.332884755062307818e+02
1.332294422903689508e+02
1.331780701239754876e+02
1.331340987666098954e+02
1.330977670142106319e+02
1.330683155899583028e+02
1.330454842534123259e+02
1.330295118005112442e+02
1.330201379908145327e+02
1.330171025838816945e+02
1.330201453392722328e+02
1.330290060165456509e+02
1.330439234116404634e+02
1.330636648452896225e+02
1.330890963194677568e+02
1.331196123609440747e+02
1.331556055692455800e+02
1.331964704711415379e+02
1.332425996661589807e+02
1.332933876810670597e+02
1.333487280790139380e+02
1.334095124959056591e+02
1.334746364221323915e+02
1.335439934208422983e+02
1.336179760915624399e+02
1.336959789610619964e+02
1.337778955924890738e+02
1.338641185853708180e+02
1.339540424664762952e+02
1.340475607989536968e+02
1.341445671459511573e+02
1.342454541069957088e+02
1.343491171724776336e+02
1.344559489419239071e+02
1.345658429784827490e+02
1.346781938089232540e+02
1.347938930691514940e+02
1.349113372131787401e+02
1.350309188405320810e+02
1.351530305507385208e+02
1.352765678341883131e+02
1.354019232904085470e+02
1.355289904825473570e+02
1.356571639373738662e+02
1.357858381816572546e+02
1.359159048513035941e+02
1.360462594367029965e+02
1.361772945373826929e+02
1.363084046801116642e+02
1.364394834280381872e+02
1.365704243443103394e+02
1.367006219556972155e+02
1.368299698253470069e+02
1.369583615164078481e+02
1.370856905920277882e+02
1.372118506153549902e+02
1.373357370767796510e+02
1.374577425758288598e+02
1.375777606756507225e+02
1.376951859030144192e+02
1.378099118210680558e+02
1.379213329565807840e+02
1.380293428727007097e+02
1.381343710567142864e+02
1.382354974378080499e+02
1.383328369056858946e+02
1.384265043500516299e+02
1.385166146606091218e+02
1.386027836906832533e+02
1.386851263299778338e+02
1.387637574681967294e+02
1.388382929586648231e+02
1.389088476910859526e+02
1.389755365551639841e+02
1.390374763678447323e+02
1.390957800915900862e+02
1.391495645433459458e+02
1.391984455764370523e+02
1.392435361533253513e+02
1.392839530909566861e+02
1.393193122426559114e+02
1.393507265708848024e+02
1.393768138562103616e+02
1.393981880247153242e+02
1.394149639661035849e+02
1.394262584973209869e+02
1.394326855444504361e+02
1.394343599971957417e+02
1.394303986725027471e+02
1.394209164600753752e+02
1.394060282496174068e+02
1.393853498944537534e+02
1.393594953206672358e+02
1.393275813452037539e+02
1.392902218941461001e+02
1.392470328208191290e+02
1.391976299785477806e+02
1.391426272934148187e+02
1.390811415823662003e+02
1.390137867714846323e+02
1.389401787140951114e+02
1.388599332635224073e+02
1.387736643458494257e+02
1.386809878144009645e+02
1.385815195225019636e+02
1.384748753234772494e+02
1.383621681797886538e+02
1.382420158720030372e+02
1.381155313625822600e+02
1.379818314684721656e+02
1.378405320429976371e+02
1.376927460486205064e+02
1.375370912659076339e+02
1.373746940561445342e+02
1.372047382303950656e+02
1.370274190713049052e+02
1.368429318615195598e+02
1.366514718836845930e+02
1.364527353840666137e+02
1.362464186089322595e+02
1.360332158773059632e+02
1.358128234354544190e+02
1.355854365660230769e+02
1.353507515152786311e+02
1.351089635658665600e+02
1.348597689640535293e+02
1.346038620288640004e+02
1.343409390065646676e+02
1.340706961434220261e+02
1.337943267948396340e+02
1.335105291343260490e+02
1.332204965172849427e+02
1.329234261536037991e+02
1.326200123623072216e+02
1.323104504260407168e+02
1.319939375546919393e+02
1.316711680672854357e+02
1.313423372464667693e+02
1.310066423021235096e+02
1.306647775532802314e+02
1.303169382825825267e+02
1.299628207362969192e+02
1.296026201970690011e+02
1.292370309839233187e+02
1.288652503067474981e+02
1.284874734481870746e+02
1.281043947272666230e+02
1.277157103902526813e+02
1.273216157197908700e+02
1.269218069621477412e+02
1.265169784363478414e+02
1.261068263886577796e+02
1.256915461017230768e+02
1.252708338218103705e+02
1.248453838679441930e+02
1.244153915227700509e+02
1.239805530325545675e+02
1.235415627163223320e+02
1.230981168203398823e+02
1.226499115908737991e+02
1.221981403833276545e+02
1.217424994439679580e+02
1.212831840554403442e+02
1.208198732587103450e+02
1.203531753462973910e+02
1.198826833326619692e+02
1.194084892686435495e+02
1.189306852050815877e+02
1.184498622291944372e+02
1.179651143190636020e+02
1.174775315982865465e+02
1.169862080449447319e+02
1.164922337826355516e+02
1.159947027894405238e+02
1.154947051889569991e+02
1.149913349592665099e+02
1.144851831875874382e+02
1.139768409611382651e+02
1.134654022580004522e+02
1.129514581653924239e+02
1.124355997705326189e+02
1.119169210515024844e+02
1.113965121318994989e+02
1.108739660261840356e+02
1.103488757488166243e+02
1.098223314233946724e+02
1.092939260643786525e+02
1.087642507589869325e+02
1.082323994853010589e+02
1.076994623669184250e+02
1.071650324182994609e+02
1.066297007266626480e+02
1.060935593428473709e+02
1.055567003176931280e+02
1.050192157020393608e+02
1.044811975467254967e+02
1.039427379025909914e+02
1.034049268932332240e+02
1.028663594603547722e+02
1.023281257275529441e+02
1.017908167820462353e+02
1.012535266019160929e+02
1.007168462743809698e+02
1.001808678502803360e+02
9.964568338045353357e+01
9.911188395211914326e+01
9.857956161611649293e+01
9.804830938690611219e+01
9.751921738808535167e+01
9.699187863411469834e+01
9.646638517583360795e+01
9.594332810046053339e+01
9.542230042245589061e+01
9.490386610559761493e+01
9.438798158352248890e+01
9.387457616642677749e+01
9.336357916450684513e+01
9.285541892433785449e+01
9.234952571973717284e+01
9.184682693365900263e+01
9.134625380354172819e+01
9.084923274871847809e+01
9.035469500662763664e+01
8.986356796022343474e+01
8.937528188332318280e+01
8.889026512250210033e+01
8.840794795157755459e+01
8.792925775350373385e+01
8.745362480209793432e+01
8.698147744393548919e+01
8.651224595283360941e+01
8.604685771174661113e+01
8.558424395811277918e+01
8.512583111126531321e+01
8.467055040864256910e+01
8.421883019681980898e+01
8.377159785875127795e+01
8.332728559549627789e+01
8.288731982638807949e+01
8.245113082524396475e+01
8.201914693863918160e+01
8.159129747677000921e+01
8.116701271345378643e+01
8.074722003164471573e+01
8.033134970516015017e+01
7.991983008057526661e+01
7.951259046808642950e+01
7.911005921426887255e+01
7.871216562931884653e+01
7.831833998705369027e+01
7.792950967042763466e+01
7.754560398963697310e+01
7.716655225487794212e+01
7.679228377634686353e+01
7.642322690061898527e+01
7.605881190151163196e+01
7.569996616197900607e+01
7.534611995583843225e+01
7.499720259328618965e+01
7.465364242089755464e+01
7.431536874886882060e+01
7.398280992377517862e+01
7.365539621943398174e+01
7.333354434161077506e+01
7.301712539645335198e+01
7.270649788567872918e+01
7.240102223824595740e+01
7.210155599225110734e+01
7.180696054027424680e+01
7.151809342041143225e+01
7.123481409800071162e+01
7.095648300200114988e+01
7.068395767050874667e+01
7.041659853248265222e+01
7.015476408963985477e+01
6.989831380731840227e+01
6.964710715085641368e+01
6.940100358559190852e+01
6.916036161324191767e+01
6.892504069914454590e+01
6.869490030863782692e+01
6.846979990705980867e+01
6.825009799612756467e+01
6.803515500480015987e+01
6.782582847117360814e+01
6.762147882420698863e+01
6.742246456561736068e+01
6.722864516074277219e+01
6.703988007492129952e+01
6.685602877349096218e+01
6.667695072178987914e+01
6.650300442153505287e+01
6.633404933806455972e+01
6.616944590033746465e+01
6.601005164644980994e+01
6.585522700536064633e+01
6.570533047878704735e+01
6.555972249568809218e+01
6.541876155778081170e+01
6.528280616678225101e+01
6.515071771527250633e+01
6.502335374134757728e+01
6.490057371034556866e+01
6.478173805122554541e+01
6.466720526570453842e+01
6.455683481912060984e+01
6.444998714043283883e+01
6.434751976773726767e+01
6.424929216637193008e+01
6.415466476529594786e+01
6.406349702984734051e+01
6.397614746174317446e+01
6.389247552632147631e+01
6.381235124275821846e+01
6.373568684558074438e+01
6.366240512315426514e+01
6.359292790022300323e+01
6.352667892877322942e+01
6.346358099717014056e+01
6.340405593015795205e+01
6.334752747972292752e+01
6.329441747060928236e+01
6.324464869118219923e+01
6.319764489342797020e+01
6.315382790209080355e+01
6.311312050553590325e+01
6.307544549212850171e+01
6.304022661385486259e+01
6.300838473183816291e+01
6.297934359806467342e+01
6.295302600089959810e+01
6.292885569232917931e+01
6.290775353347662247e+01
6.288914327632819123e+01
6.287294770924908960e+01
6.285958865698351872e+01
6.284799083513878060e+01
6.283907510483803094e+01
6.283176618168857175e+01
6.282698492681358005e+01
6.282415509219929106e+01
6.282270042983194003e+01
6.282354180083476081e+01
6.282610295719397442e+01
6.283030668727479906e+01
6.283557674306350549e+01
6.284283398568329204e+01
6.285100313074141098e+01
6.286100503936103223e+01
6.287176442714946489e+01
6.288370311885088171e+01
6.289624486645156054e+01
6.291031053107467130e+01
6.292432579194849041e+01
6.293921151019625881e+01
6.295489047418315920e+01
6.297078643589545521e+01
6.298682218369837216e+01
6.300292050595714954e+01
6.301900419103700557e+01
6.303499602730315843e+01
6.305081880312086895e+01
6.306639530685534822e+01
6.308166734322691838e+01
6.309615374599727033e+01
6.310989140166224587e+01
6.312341623309657024e+01
6.313576705403806244e+01
6.314797882374050886e+01
6.315958939232066882e+01
6.317063564627437700e+01
6.318065543571841403e+01
6.319018468352753359e+01
6.319926027619752062e+01
6.320742006384522682e+01
6.321420189658742572e+01
6.322064073367784687e+01
6.322627442523333485e+01
6.323113985774964618e+01
6.323477488134360414e+01
6.323721638251098653e+01
6.323900028412657548e+01
6.323966443630716583e+01
6.323924572554853540e+01
6.323778103834647624e+01
6.323530726119678036e+01
6.323136224421624263e+01
6.322598287390068350e+01
6.321970507312482823e+01
6.321156765562652424e+01
6.320210654428051811e+01
6.319135862558263028e+01
6.317936078602863148e+01
6.316565087573530946e+01
6.315026578119847755e+01
6.313274335253493774e+01
6.311411854899840534e+01
6.309343018432676331e+01
6.307121418139472979e+01
6.304700839031913517e+01
6.302084969759575728e+01
6.299277498972038103e+01
6.296282115318881267e+01
6.293052603811783285e+01
6.289642556738221657e+01
6.286005759109877289e+01
6.282145899576327963e+01
6.278066666787153594e+01
6.273721845754035797e+01
6.269165028764448522e+01
6.264350000830074094e+01
6.259330354238388594e+01
6.254009970363175341e+01
6.248443388502734308e+01
6.242639032360759188e+01
6.236506465375974528e+01
6.230204769176590673e+01
6.223593603563435295e+01
6.216732242888922855e+01
6.209630057867570940e+01
6.202246515576003105e+01
6.194590986728735515e+01
6.186722745678186186e+01
6.178601259500973697e+01
6.170185995273720891e+01
6.161536227348842942e+01
6.152661326440858147e+01
6.143520759626387928e+01
6.134123897619951293e+01
6.124480111136065119e+01
6.114598770889249835e+01
6.104439343956125441e+01
6.094061104689107822e+01
6.083423520164817688e+01
6.072535961097773338e+01
6.061457701840392076e+01
6.050098305831396317e+01
6.038517047423203365e+01
6.026673393692431802e+01
6.014626618991500351e+01
6.002336190397026883e+01
5.989861382261429412e+01
5.977111758023431776e+01
5.964146592035448435e+01
5.950975255011999820e+01
5.937607117667602807e+01
5.924001647078878818e+01
5.910168213960348282e+01
5.896116189026524523e+01
5.881904846629829819e+01
5.867443750208981612e+01
5.852792174116400759e+01
5.837959489066604846e+01
5.822905162136212454e+01
5.807688467677642308e+01
5.792268872767512988e+01
5.776655748120342082e+01
5.760858464450652860e+01
5.744936296110858365e+01
5.728798806539683142e+01
5.712505270089540943e+01
5.696015153837053901e+01
5.679387732134637901e+01
5.662631790565383483e+01
5.645703870548764058e+01
5.628609832010719316e+01
5.611355534877195339e+01
5.593996742712030112e+01
5.576439508165370285e+01
5.558789498438954979e+01
5.540952766182928713e+01
5.523034978599030609e+01
5.504942188337407316e+01
5.486730158961899662e+01
5.468354846760551169e+01
5.449872015297200534e+01
5.431237620859896253e+01
5.412507427012474182e+01
5.393687293680877559e+01
5.374683273515255877e+01
5.355601033717343284e+01
5.336446434213083023e+01
5.317125527652624584e+01
5.297743981237702826e+01
5.278257751256361985e+01
5.258722601272444308e+01
5.239044583936094313e+01
5.219329366449050411e+01
5.199532905099357549e+01
5.179611156175060671e+01
5.159669786877896058e+01
5.139664753495910077e+01
5.119651819592942132e+01
5.099537037819138163e+01
5.079376171738337575e+01
5.059175081276484320e+01
5.038939626359520929e+01
5.018725570551286097e+01
4.998438966501926473e+01
4.978135577775282883e+01
4.957871167935195444e+01
4.937601693269706971e+01
4.917283110066864538e+01
4.897021085528404427e+01
4.876821479580267038e+01
4.856590344872603993e+01
4.836433348607148730e+01
4.816306447071946906e+01
4.796265403830839347e+01
4.776266175171869577e+01
4.756314621020980127e+01
4.736466504942011824e+01
4.716677783223008191e+01
4.696952955243276051e+01
4.677390885471370297e+01
4.657839559639720761e+01
4.638446385308144215e+01
4.619109251846972342e+01
4.599875759540223186e+01
4.580743605034020760e+01
4.561660581336591491e+01
4.542724192369856695e+01
4.523832327504139528e+01
4.505082490661366279e+01
4.486372571211858684e+01
4.467800073077540191e+01
4.449312789266633672e+01
4.430908416425264562e+01
4.412634554837455880e+01
4.394438997511429079e+01
4.376369344731210020e+01
4.358373389505023709e+01
4.340548635754787909e+01
4.322792972850832172e+01
4.305154001077177384e+01
4.287679320717845144e+01
4.270266821143164293e+01
4.253014006275052594e+01
4.235868669121737184e+01
4.218828506329341366e+01
4.201941118181886026e+01
4.185204201325498019e+01
4.168565548768399509e+01
4.152072760794614226e+01
4.135723534050263339e+01
4.119515565181472994e+01
4.103496454472264787e+01
4.087564091292965429e+01
4.071815979565495525e+01
4.056199912298080079e+01
4.040763489774739980e+01
4.025454505003703076e+01
4.010320558268990965e+01
3.995359346216724816e+01
3.980568565493030775e+01
3.965896009106133135e+01
3.951439180977951793e+01
3.937195777754610759e+01
3.923063688806438876e+01
3.909190321693251491e+01
3.895473565785378867e+01
3.881911117728942173e+01
3.868600481445862727e+01
3.855439098504049156e+01
3.842522233813325272e+01
3.829745089929508595e+01
3.817202483960001302e+01
3.804839522098518501e+01
3.792701117814569756e+01
3.780782280939762785e+01
3.769028117667810562e+01
3.757433637830322937e+01
3.746093658534708482e+01
3.734953285974678039e+01
3.723957626343943872e+01
3.713251400387810719e+01
3.702679907024193540e+01
3.692337963360501618e+01
3.682170675590444375e+01
3.672222957183533509e+01
3.662489817971376027e+01
3.652966267785582488e+01
3.643597412819867998e+01
3.634478070181637577e+01
3.625553346064602067e+01
3.616818250300374160e+01
3.608267792720562284e+01
3.599946886794676004e+01
3.591800638716427585e+01
3.583873961955325171e+01
3.576161866342977902e+01
3.568659361710999889e+01
3.561311554253099843e+01
3.554213261076684205e+01
3.547309588375466660e+01
3.540595545981058478e+01
3.534066143725068088e+01
3.527766295077004344e+01
3.521691009868477806e+01
3.515785394293201449e+01
3.510094361820682707e+01
3.504563018644634553e+01
3.499236278234565845e+01
3.494159054059983305e+01
3.489226548676703032e+01
3.484483675554232462e+01
3.479950396343130592e+01
3.475601759419850367e+01
3.471447745707369137e+01
3.467478374673509478e+01
3.463698636877460046e+01
3.460098551787041998e+01
3.456683109961446121e+01
