# k_h
9.735159437695983797e-06
1.074847023119218647e-05
1.186725421575829387e-05
1.310249081143410876e-05
1.446629994461545721e-05
1.597206573933362961e-05
1.763456202752422541e-05
1.947010423464234918e-05
2.149670399376191199e-05
2.373424831603188068e-05
2.620469422254245728e-05
2.893228156608529389e-05
3.194377859472297132e-05
3.526873479131609201e-05
3.893978282576426864e-05
4.299293505027890205e-05
4.746797640109434724e-05
5.240881364443339407e-05
5.786393012385815382e-05
6.388685869751498103e-05
7.053669833112508059e-05
7.787870708853006363e-05
8.598493150202557445e-05
9.493491234024986625e-05
1.048164704116061330e-04
1.157265869551338255e-04
1.277723058592528105e-04
1.410718541592359543e-04
1.557556970510631800e-04
1.719679712550714612e-04
1.898677292047068477e-04
2.096306416206061840e-04
2.314506273251026869e-04
2.555418177507817745e-04
2.821405942086130381e-04
3.115079889539629221e-04
3.439321590121835470e-04
3.797312965616583824e-04
4.192566848360002041e-04
4.628961905837059021e-04
5.110780475661158562e-04
5.642750184051692486e-04
6.230091094039380550e-04
6.878567510284483433e-04
7.594542694278061390e-04
8.385041728615760803e-04
9.257821948267519474e-04
1.022144802846014500e-03
1.128537580370903015e-03
1.246004598215222359e-03
1.375698484480381012e-03
1.518891891464591026e-03
1.676989952102303505e-03
1.851544133387506008e-03
2.044267253950238228e-03
2.257050480693578720e-03
2.491981722414493561e-03
2.751366700977087021e-03
3.037750255316495895e-03
3.353943116962909698e-03
3.703047521412372589e-03
4.088489338755607605e-03
4.514051135629415512e-03
4.983908962458372116e-03
5.502672865986824036e-03
6.075433921068906784e-03
6.707812193781137466e-03
7.406013552099466324e-03
8.176889270544052124e-03
9.028003551065921783e-03
9.967708028852939606e-03
1.100522466003894806e-02
1.215073466300964355e-02
1.341547723859548569e-02
1.481186505407094955e-02
1.635359972715377808e-02
1.805580779910087585e-02
1.993519812822341919e-02
2.201020903885364532e-02
2.430120296776294708e-02
2.683066017925739288e-02
2.962340414524078369e-02
3.270683810114860535e-02
3.611122071743011475e-02
3.986995667219161987e-02
4.385695233941078186e-02
4.784395173192024231e-02
5.183094739913940430e-02
5.581794306635856628e-02
5.980493873357772827e-02
6.379193067550659180e-02
6.777893006801605225e-02
7.176592946052551270e-02
7.575292140245437622e-02
7.973992079496383667e-02
8.372691273689270020e-02
8.868119865655899048e-02
9.363548457622528076e-02
9.858976304531097412e-02
1.035440489649772644e-01
1.084983348846435547e-01
1.134526133537292480e-01
1.184068992733955383e-01
1.233611851930618286e-01
1.283154636621475220e-01
1.332697421312332153e-01
1.382240355014801025e-01
1.431783139705657959e-01
1.481325924396514893e-01
1.530868858098983765e-01
1.580411642789840698e-01
1.629954427480697632e-01
1.679497361183166504e-01
1.729040145874023438e-01
1.778582930564880371e-01
1.828125864267349243e-01
1.877668648958206177e-01
1.927211433649063110e-01
1.976754367351531982e-01
2.026297152042388916e-01
2.075839936733245850e-01
2.125382870435714722e-01
2.174925655126571655e-01
2.224468439817428589e-01
2.274011373519897461e-01
2.323554158210754395e-01
2.373096942901611328e-01
2.422639876604080200e-01
2.472182661294937134e-01
2.521725594997406006e-01
2.571268379688262939e-01
2.620811164379119873e-01
2.670353949069976807e-01
2.719896733760833740e-01
2.769439816474914551e-01
2.818982601165771484e-01
2.868525385856628418e-01
2.918068170547485352e-01
2.967610955238342285e-01
3.017153739929199219e-01
3.066696822643280029e-01
3.116239607334136963e-01
3.165782392024993896e-01
3.215325176715850830e-01
3.264867961406707764e-01
3.314410746097564697e-01
3.363953828811645508e-01
3.413496613502502441e-01
3.463039398193359375e-01
3.512582182884216309e-01
3.562124967575073242e-01
3.611667752265930176e-01
3.661210834980010986e-01
3.710753619670867920e-01
3.760296404361724854e-01
3.809839189052581787e-01
3.859381973743438721e-01
3.908924758434295654e-01
3.958467841148376465e-01
4.008010625839233398e-01
4.057553410530090332e-01
4.107096195220947266e-01
4.156638979911804199e-01
4.206181764602661133e-01
4.255724847316741943e-01
4.305267632007598877e-01
4.354810416698455811e-01
4.404353201389312744e-01
4.453895986080169678e-01
4.503438770771026611e-01
4.552981853485107422e-01
4.602524638175964355e-01
4.652067422866821289e-01
4.701610207557678223e-01
4.751152992248535156e-01
4.800695776939392090e-01
4.850238859653472900e-01
4.899781644344329834e-01
4.949324429035186768e-01
4.998867213726043701e-01
5.048410296440124512e-01
5.097953081130981445e-01
5.147495865821838379e-01
5.197038650512695312e-01
5.246581435203552246e-01
5.296124219894409180e-01
5.345667004585266113e-01
5.395209789276123047e-01
5.444752573966979980e-01
5.494295358657836914e-01
5.543838143348693848e-01
5.593381524085998535e-01
5.642924308776855469e-01
5.692467093467712402e-01
5.742009878158569336e-01
5.791552662849426270e-01
5.841095447540283203e-01
6.084474325180053711e-01
7.458793520927429199e-01
9.223511815071105957e-01
1.140575528144836426e+00
1.410430788993835449e+00
1.744132637977600098e+00
2.156786918640136719e+00
2.667073249816894531e+00
3.298091411590576172e+00
4.078405380249023438e+00
5.043338775634765625e+00
6.236570835113525391e+00
7.712116718292236328e+00
9.536770820617675781e+00
1.179312896728515625e+01
1.458333301544189453e+01
