# t_k
6.559639000000000000e+06
6.559637000000000000e+06
6.559635500000000000e+06
6.559632500000000000e+06
6.559630000000000000e+06
6.559627000000000000e+06
6.559622000000000000e+06
6.559617000000000000e+06
6.559611000000000000e+06
6.559603500000000000e+06
6.559593500000000000e+06
6.559582500000000000e+06
6.559569000000000000e+06
6.559551500000000000e+06
6.559531000000000000e+06
6.559506000000000000e+06
6.559475500000000000e+06
6.559438000000000000e+06
6.559392500000000000e+06
6.559337000000000000e+06
6.559269500000000000e+06
6.559187000000000000e+06
6.559086500000000000e+06
6.558964000000000000e+06
6.558815000000000000e+06
6.558633500000000000e+06
6.558412000000000000e+06
6.558142500000000000e+06
6.557814000000000000e+06
6.557414500000000000e+06
6.556928000000000000e+06
6.556336000000000000e+06
6.555616000000000000e+06
6.554740500000000000e+06
6.553676000000000000e+06
6.552384000000000000e+06
6.550817000000000000e+06
6.548917000000000000e+06
6.546617000000000000e+06
6.543836000000000000e+06
6.540480000000000000e+06
6.536438000000000000e+06
6.531580500000000000e+06
6.525760500000000000e+06
6.518809500000000000e+06
6.510538000000000000e+06
6.500735500000000000e+06
6.489174500000000000e+06
6.475605500000000000e+06
6.459765500000000000e+06
6.441376000000000000e+06
6.420138000000000000e+06
6.395734500000000000e+06
6.367822000000000000e+06
6.336028000000000000e+06
6.299953500000000000e+06
6.259179500000000000e+06
6.213275500000000000e+06
6.161809500000000000e+06
6.104350500000000000e+06
6.040473500000000000e+06
5.969760500000000000e+06
5.891793000000000000e+06
5.806140500000000000e+06
5.712489000000000000e+06
5.610104000000000000e+06
5.498700000000000000e+06
5.377762000000000000e+06
5.247035500000000000e+06
5.106101000000000000e+06
4.954509000000000000e+06
4.791856500000000000e+06
4.617829000000000000e+06
4.432140500000000000e+06
4.234635000000000000e+06
4.025367250000000000e+06
3.804732000000000000e+06
3.573604250000000000e+06
3.333559500000000000e+06
3.087086750000000000e+06
2.837812500000000000e+06
2.590615500000000000e+06
2.351534250000000000e+06
2.127328500000000000e+06
1.924514875000000000e+06
1.753410750000000000e+06
1.620539375000000000e+06
1.514060750000000000e+06
1.424938000000000000e+06
1.346421625000000000e+06
1.272248625000000000e+06
1.198494250000000000e+06
1.123954750000000000e+06
1.049649625000000000e+06
9.776961250000000000e+05
9.102230625000000000e+05
8.353421250000000000e+05
7.728559375000000000e+05
7.236978750000000000e+05
6.861983750000000000e+05
6.566947500000000000e+05
6.311194375000000000e+05
6.061914375000000000e+05
5.798921250000000000e+05
5.515543125000000000e+05
5.216652812500000000e+05
4.915054687500000000e+05
4.627927812500000000e+05
4.372120937500000000e+05
4.157794375000000000e+05
3.984779687500000000e+05
3.845269062500000000e+05
3.728398750000000000e+05
3.622484375000000000e+05
3.516245000000000000e+05
3.401830625000000000e+05
3.277483437500000000e+05
3.146666875000000000e+05
3.015079062500000000e+05
2.888704375000000000e+05
2.772986875000000000e+05
2.671626250000000000e+05
2.585375000000000000e+05
2.512095156250000000e+05
2.447872500000000000e+05
2.388190312500000000e+05
2.328950000000000000e+05
2.267451250000000000e+05
2.202902812500000000e+05
2.136141406250000000e+05
2.068972343750000000e+05
2.003615156250000000e+05
1.942203281250000000e+05
1.886206718750000000e+05
1.836037031250000000e+05
1.791105468750000000e+05
1.750180937500000000e+05
1.711747812500000000e+05
1.674315937500000000e+05
1.636755156250000000e+05
1.598552031250000000e+05
1.559834218750000000e+05
1.521169687500000000e+05
1.483309375000000000e+05
1.446983437500000000e+05
1.412749687500000000e+05
1.380871093750000000e+05
1.351262656250000000e+05
1.323555312500000000e+05
1.297240000000000000e+05
1.271801640625000000e+05
1.246802812500000000e+05
1.221954687500000000e+05
1.197186250000000000e+05
1.172639609375000000e+05
1.148561953125000000e+05
1.125186093750000000e+05
1.102692500000000000e+05
1.081209921875000000e+05
1.060780937500000000e+05
1.041322421875000000e+05
1.022655625000000000e+05
1.004587187500000000e+05
9.869619531250000000e+04
9.696665625000000000e+04
9.526322656250000000e+04
9.358482812500000000e+04
9.193649218750000000e+04
9.032673437500000000e+04
8.876350000000000000e+04
8.725121875000000000e+04
8.579046875000000000e+04
8.437940625000000000e+04
8.301482031250000000e+04
8.169154687500000000e+04
8.040237500000000000e+04
7.914061718750000000e+04
7.790282812500000000e+04
7.668877343750000000e+04
7.549917187500000000e+04
7.433454687500000000e+04
7.319607812500000000e+04
7.208602343750000000e+04
7.100620312500000000e+04
6.995621093750000000e+04
6.893376562500000000e+04
6.793660156250000000e+04
6.696325781250000000e+04
6.601224218750000000e+04
6.508120703125000000e+04
6.416803125000000000e+04
6.327221484375000000e+04
6.239462109375000000e+04
6.153583203125000000e+04
6.069546093750000000e+04
5.987307031250000000e+04
5.906892968750000000e+04
5.536877734375000000e+04
3.995280468750000000e+04
2.828357617187500000e+04
1.992736523437500000e+04
1.397961718750000000e+04
9.768644531250000000e+03
6.801841308593750000e+03
4.720670410156250000e+03
3.266539306640625000e+03
2.254178710937500000e+03
1.551675048828125000e+03
1.065644042968750000e+03
7.302988891601562500e+02
4.995014648437500000e+02
3.410237426757812500e+02
2.324353942871093750e+02
