# d_l
0.000000000000000000e+00
4.602958918726918682e+02
9.800502758786072945e+02
1.552673394503008467e+03
2.172084461023011954e+03
2.832806492866508961e+03
3.529995623049049755e+03
4.259423877092670409e+03
5.017433439499212909e+03
5.800876707741882456e+03
6.607052095207098318e+03
7.433641756651463766e+03
8.278654572996207207e+03
9.140375826261997645e+03
1.001732382977535599e+04
1.090821313563378862e+04
1.181192363658568320e+04
1.272747477783442628e+04
1.365400410516388001e+04
1.459074944233956921e+04
1.553703407937837983e+04
1.649225444541365505e+04
1.745586982610672931e+04
1.842739376181755506e+04
1.940638682794695342e+04
2.039245055342076012e+04
2.138522227830693737e+04
2.238437078837477020e+04
2.338959259434628984e+04
2.440060874785907436e+04
2.541716210580144252e+04
