# d_v
0.000000000000000000e+00
4.150959700567109394e+02
8.028945931259733015e+02
1.162756579841256553e+03
1.494935033470884719e+03
1.800369182274782361e+03
2.080471512779619388e+03
2.336938990166970598e+03
2.571602344565082149e+03
2.786315503404140145e+03
2.982880621036893444e+03
3.163001540306071547e+03
3.328258334163752352e+03
3.480096559362461903e+03
3.619826212501030568e+03
3.748626694175010016e+03
3.867555187539691815e+03
3.977556705170236910e+03
4.079474676175248078e+03
4.174061378524489555e+03
4.261987815163398409e+03
4.343852825726465198e+03
4.420191348942217701e+03
4.491481826584057671e+03
4.558152784026600784e+03
4.620588646176343900e+03
4.679134858266163064e+03
4.734102383742726488e+03
4.785771649520473147e+03
4.834396004344052926e+03
4.880204750232108381e+03
