# k_h
1.028183669404825196e-05
1.135322781919967383e-05
1.253626032848842442e-05
1.384256756864488125e-05
1.528499524283688515e-05
1.687772601144388318e-05
1.863642501120921224e-05
2.057838355540297925e-05
2.272269739478360862e-05
2.509045589249581099e-05
2.770493847492616624e-05
3.059185837628319860e-05
3.377960092620924115e-05
3.729951276909559965e-05
4.118620563531294465e-05
4.547790376818738878e-05
5.021680772188119590e-05
5.544951272895559669e-05
6.122748163761571050e-05
6.760752876289188862e-05
7.465238741133362055e-05
8.243133925134316087e-05
9.102086914936080575e-05
1.005054582492448390e-04
1.109783552237786353e-04
1.225425512529909611e-04
1.353117695543915033e-04
1.494115713285282254e-04
1.649806072236970067e-04
1.821719633881002665e-04
2.011547039728611708e-04
2.221154863946139812e-04
2.452604239806532860e-04
2.708171377889811993e-04
2.990368811879307032e-04
3.301972174085676670e-04
3.646045515779405832e-04
4.025971866212785244e-04
4.445487284101545811e-04
4.908717237412929535e-04
5.420217057690024376e-04
5.985015886835753918e-04
6.608668481931090355e-04
7.297307020053267479e-04
8.057703380472958088e-04
8.897334337234497070e-04
9.824456647038459778e-04
1.084818853996694088e-03
1.197859412059187889e-03
1.322679105214774609e-03
1.460505416616797447e-03
1.612693420611321926e-03
1.780739752575755119e-03
1.966296928003430367e-03
2.171189524233341217e-03
2.397432690486311913e-03
2.647250657901167870e-03
2.923100255429744720e-03
3.227693960070610046e-03
3.564027138054370880e-03
3.935406915843486786e-03
4.345485474914312363e-03
4.798294976353645325e-03
5.298288539052009583e-03
5.850382149219512939e-03
6.460005417466163635e-03
7.133153267204761505e-03
7.876443676650524139e-03
8.697187528014183044e-03
9.603454731404781342e-03
1.060415711253881454e-02
1.170913409441709518e-02
1.292925328016281128e-02
1.427651103585958481e-02
1.576415635645389557e-02
1.740681752562522888e-02
1.922064833343029022e-02
2.122348360717296600e-02
2.343502081930637360e-02
2.587700262665748596e-02
2.857344597578048706e-02
3.155086562037467957e-02
3.483853861689567566e-02
3.846879303455352783e-02
4.247733205556869507e-02
4.672506451606750488e-02
5.097279697656631470e-02
5.522053316235542297e-02
5.946826562285423279e-02
6.371600180864334106e-02
6.796373426914215088e-02
7.221146672964096069e-02
7.645919919013977051e-02
8.070693165063858032e-02
8.495466411113739014e-02
8.920239657163619995e-02
9.447947889566421509e-02
9.975655376911163330e-02
1.050336360931396484e-01
1.103107109665870667e-01
1.155877932906150818e-01
1.208648681640625000e-01
1.261419504880905151e-01
1.314190179109573364e-01
1.366961002349853516e-01
1.419731825590133667e-01
1.472502648830413818e-01
1.525273323059082031e-01
1.578044146299362183e-01
1.630814969539642334e-01
1.683585643768310547e-01
1.736356467008590698e-01
1.789127290248870850e-01
1.841898113489151001e-01
1.894668787717819214e-01
1.947439610958099365e-01
2.000210434198379517e-01
2.052981108427047729e-01
2.105751931667327881e-01
2.158522754907608032e-01
2.211293578147888184e-01
2.264064252376556396e-01
2.316835075616836548e-01
2.369605898857116699e-01
2.422376573085784912e-01
2.475147396326065063e-01
2.527918219566345215e-01
2.580688893795013428e-01
2.633459866046905518e-01
2.686230540275573730e-01
2.739001214504241943e-01
2.791772186756134033e-01
2.844542860984802246e-01
2.897313535213470459e-01
2.950084507465362549e-01
3.002855181694030762e-01
3.055626153945922852e-01
3.108396828174591064e-01
3.161167502403259277e-01
3.213938474655151367e-01
3.266709148883819580e-01
3.319479823112487793e-01
3.372250795364379883e-01
3.425021469593048096e-01
3.477792143821716309e-01
3.530563116073608398e-01
3.583333790302276611e-01
3.636104464530944824e-01
3.688875436782836914e-01
3.741646111011505127e-01
3.794417083263397217e-01
3.847187757492065430e-01
3.899958431720733643e-01
3.952729403972625732e-01
4.005500078201293945e-01
4.058270752429962158e-01
4.111041724681854248e-01
4.163812398910522461e-01
4.216583073139190674e-01
4.269354045391082764e-01
4.322124719619750977e-01
4.374895393848419189e-01
4.427666366100311279e-01
4.480437040328979492e-01
4.533208012580871582e-01
4.585978686809539795e-01
4.638749361038208008e-01
4.691520333290100098e-01
4.744291007518768311e-01
4.797061681747436523e-01
4.849832653999328613e-01
4.902603328227996826e-01
4.955374002456665039e-01
5.008144974708557129e-01
5.060915946960449219e-01
5.113686323165893555e-01
5.166457295417785645e-01
5.219228267669677734e-01
5.271998643875122070e-01
5.324769616127014160e-01
5.377540588378906250e-01
5.430310964584350586e-01
5.483081936836242676e-01
5.535852909088134766e-01
5.588623285293579102e-01
5.641394257545471191e-01
5.694165229797363281e-01
5.746935606002807617e-01
5.799706578254699707e-01
5.852477550506591797e-01
5.905247926712036133e-01
5.958018898963928223e-01
6.010789871215820312e-01
6.063560247421264648e-01
6.116331219673156738e-01
6.169102191925048828e-01
6.426147818565368652e-01
8.040296435356140137e-01
1.006995081901550293e+00
1.261196255683898926e+00
1.579566836357116699e+00
1.978305339813232422e+00
2.477699756622314453e+00
3.103158712387084961e+00
3.886505603790283203e+00
4.867597103118896484e+00
6.096350669860839844e+00
7.635285377502441406e+00
9.562701225280761719e+00
1.197666549682617188e+01
1.499999904632568359e+01
