# k_h
9.735159437695975327e-06
1.043644046222513391e-05
1.118823890031201386e-05
1.199419381958190740e-05
1.285820643119129320e-05
1.378445897357465177e-05
1.477743495649868083e-05
1.584194086341570725e-05
1.698312941716535900e-05
1.820652452164239275e-05
1.951804800016021437e-05
2.092404825993620662e-05
2.243133102144981308e-05
2.404719226141708888e-05
2.577945352884296828e-05
2.763649980509661305e-05
2.962732009127205704e-05
3.176155091929616810e-05
3.404952299739804635e-05
3.650231121572801045e-05
3.913178825417560459e-05
4.195068205187599291e-05
4.497263741658435418e-05
4.821228207213649363e-05
5.168529746369936742e-05
5.540849466354046425e-05
5.939989574473964449e-05
6.367882101672831289e-05
6.826598254492077496e-05
7.318358440711709382e-05
7.845543017196509965e-05
8.410703811973314545e-05
9.016576476311281049e-05
9.666093726595740448e-05
1.036239954009211876e-04
1.110886437331482391e-04
1.190910147666497378e-04
1.276698438430779467e-04
1.368666566394938645e-04
1.467259701727028915e-04
1.572955082831232771e-04
1.686264326412279457e-04
1.807735903947452303e-04
1.937957796553501787e-04
2.077560341099286617e-04
2.227219281340749642e-04
2.387659038847111872e-04
2.559656219551249140e-04
2.744043372897567905e-04
2.941713021783509447e-04
3.153621982801548484e-04
3.380795997693706429e-04
3.624334698437147199e-04
3.885416929994115506e-04
4.165306456491078791e-04
4.465358078447592607e-04
4.787024190665305668e-04
5.131861812520438666e-04
5.501540124689718913e-04
5.897848548791275467e-04
6.322705409049639291e-04
6.778167217911777471e-04
7.266438630560776834e-04
7.789883116511987608e-04
8.351034399947241576e-04
8.952608724163868981e-04
9.597517999504532162e-04
1.028888389840987121e-03
1.103005296582126264e-03
1.182461281807496061e-03
1.267640950869831223e-03
1.358956614516682255e-03
1.456850284673610841e-03
1.561795813995448890e-03
1.674301189542054145e-03
1.794910991681084294e-03
1.924209030120056915e-03
2.062821169827364683e-03
2.211418360521074083e-03
2.370719884389678109e-03
2.541496837765378630e-03
2.724575863602834557e-03
2.920843152830404806e-03
3.131248733942349274e-03
3.356811071595690657e-03
3.598621996471163161e-03
3.857851990261146769e-03
4.135755851366522927e-03
4.433678768727099262e-03
4.753062833185928843e-03
5.095454017905644110e-03
5.462509661625414119e-03
5.856006490981058299e-03
6.277849220720312963e-03
6.730079773442335274e-03
7.214887163489513283e-03
7.734618092834374264e-03
8.291788310250793395e-03
8.889094788753399562e-03
9.529428780249798309e-03
1.021588981059659562e-02
1.095180068280185090e-02
1.174072356099684945e-02
1.258647721303133606e-02
1.349315549515471731e-02
1.446514716825800240e-02
1.550715714159663083e-02
1.662422924682423198e-02
1.782177065257438756e-02
1.910557803776897351e-02
2.048186565034445031e-02
2.195729538721390151e-02
2.353900904106640338e-02
2.523466287009365136e-02
2.705246465797840963e-02
2.900121344353252112e-02
3.109034211229548539e-02
3.332996305625739175e-02
3.573091712272135484e-02
3.830482608924141996e-02
4.106414891864046401e-02
4.402224206640890924e-02
4.719342413240164291e-02
5.059304516977851385e-02
5.423756098667702197e-02
5.814461280027336670e-02
6.233311262879561582e-02
6.682333483482845449e-02
7.163701426302214459e-02
7.679745144724058059e-02
8.232962539640137356e-02
8.826031450494603581e-02
9.461822617320558848e-02
1.014341357650858089e-01
1.087410355756968788e-01
1.165742945299985539e-01
1.249718293854838735e-01
1.339742882676033531e-01
1.436252474263269852e-01
1.539714221662474847e-01
1.650628929712196769e-01
1.769533479180982471e-01
1.897003425529635301e-01
2.033655784877697048e-01
2.180152020659554546e-01
2.337201245426976104e-01
2.505563653296463134e-01
2.686054199655976138e-01
2.879546545942746616e-01
3.086977288586655321e-01
3.309350492589421822e-01
3.547742551684290868e-01
3.803307398601641909e-01
4.077282090660915848e-01
4.370992797725586909e-01
4.685861221506023577e-01
5.023411477282515580e-01
5.385277471359533052e-01
5.773210809961598633e-01
6.189089277853517812e-01
6.634925927725866535e-01
7.112878824342395712e-01
7.625261490616133120e-01
8.174554106177815971e-01
8.763415512643490946e-01
9.394696083692447575e-01
1.007145152225267903e+00
1.079695765157938192e+00
1.157472627182185576e+00
1.240852215883291532e+00
1.330238128750257376e+00
1.426063036782630133e+00
1.528790778827168628e+00
1.638918606781915921e+00
1.756979592535626189e+00
1.883545208293202489e+00
2.019228092777266337e+00
2.164685016695508502e+00
2.320620061828202907e+00
2.487788029124171629e+00
2.666998092301978929e+00
2.859117714641671526e+00
3.065076847926079040e+00
3.285872433856704244e+00
3.522573229733193312e+00
3.776324981754920707e+00
4.048355970986147412e+00
4.339982958829679660e+00
4.652617560788236517e+00
4.987773079365355855e+00
5.347071829180594982e+00
5.732252989756044137e+00
6.145181023985315072e+00
6.587854703034736303e+00
7.062416781361283036e+00
7.571164368679394130e+00
8.116560049081599004e+00
8.701243801135211342e+00
9.328045776653986820e+00
1.000000000000000000e+01
