# ee
9.055170051231339889e-02
1.863545736822626586e-01
2.655586112405437516e-01
3.051684443725991014e-01
2.999285287717019521e-01
2.590826416200094351e-01
1.993431182970515914e-01
1.377295819219113981e-01
8.664331153508807171e-02
5.177143118299502855e-02
3.277372290208559191e-02
2.552712351203268934e-02
2.465647588116180733e-02
2.562749041984989720e-02
2.565209047665558545e-02
2.429898449029616395e-02
2.186968527447576832e-02
1.950284062850805161e-02
1.829976968590308478e-02
1.847057209585567517e-02
1.988286320592276904e-02
2.183995837961930087e-02
2.358775330390485911e-02
2.467016975381827737e-02
2.484159568822777789e-02
2.437109413496965291e-02
2.364886863460897645e-02
2.315189268770728379e-02
2.330907015478426297e-02
2.425943876423175202e-02
2.606434588523734788e-02
2.856600864435867096e-02
3.164308413760300032e-02
3.513983536745270142e-02
3.895279646651312461e-02
4.309260857816295948e-02
4.754411833326997738e-02
5.224937626234398697e-02
5.714283404008763806e-02
6.216566643128533520e-02
6.728532492459553260e-02
7.247563230649939348e-02
7.770786086960043693e-02
8.294994088004180310e-02
8.819255003627730904e-02
9.353125156023350817e-02
9.907969485871610804e-02
1.049506498578832575e-01
1.112700786936052788e-01
1.181336667761368059e-01
1.255107157293850750e-01
1.333349735677566983e-01
1.415410677863058464e-01
1.500653848413816271e-01
1.588475776940666828e-01
1.678720266276867434e-01
1.771369321980706957e-01
1.866413744416951237e-01
1.963756385885615796e-01
2.063286239419418744e-01
2.164836860981885491e-01
2.268236742075714352e-01
2.373305579397131659e-01
2.479889454061787180e-01
2.587854658698198751e-01
2.697464945019454330e-01
2.809048250283880943e-01
2.922958896169232657e-01
3.039559999159737180e-01
3.159163938982322839e-01
3.281765815850546941e-01
3.407266019188290862e-01
3.535494579967641271e-01
3.666272734354207863e-01
3.799351543533090458e-01
3.934342085670942679e-01
4.070794058760383582e-01
4.208265955600503649e-01
4.346316268990398357e-01
4.484596920451960345e-01
4.623151136011241502e-01
4.762097980804140263e-01
4.901565314773032589e-01
5.041672203053824131e-01
5.182522136499352339e-01
5.324015591926629654e-01
5.466019882256656359e-01
5.608402320410430519e-01
5.750977450470107222e-01
5.893607790089039344e-01
6.036145470656471002e-01
6.178446623100473101e-01
6.320393762768541368e-01
6.461834225782273622e-01
6.602632937876217190e-01
6.742646029978442979e-01
6.881720838210546587e-01
7.019722288307077562e-01
7.156541690422003610e-01
7.292035175483396747e-01
7.425970926354582557e-01
7.558380970093127038e-01
7.688945541497609337e-01
7.817608719560843467e-01
7.944226635210904774e-01
8.068743367440613934e-01
8.190927099113293197e-01
8.310721909221761017e-01
8.427895980629342976e-01
8.542392334174373492e-01
8.654149758077256394e-01
8.762930086274414165e-01
8.868583100767022387e-01
8.971134479685746177e-01
9.070434005031754454e-01
9.166243510741474143e-01
9.258588674945571473e-01
9.347319279645220913e-01
9.432373054906336707e-01
9.513599782730094434e-01
9.590937193182411669e-01
9.664323016329210425e-01
9.733607034171657402e-01
9.798814924840422158e-01
9.859796470336678054e-01
9.916577348791087987e-01
9.969007342204827538e-01
1.001711212870856293e+00
1.006074149030346421e+00
1.009991788798065837e+00
1.013465091417311781e+00
1.016477104804477838e+00
1.019046056101856834e+00
1.021146198419367490e+00
1.022786964092827766e+00
1.023960195845106336e+00
1.024675326012020271e+00
1.024924197316439134e+00
1.024707447287705353e+00
1.024043303068111754e+00
1.022914812574052146e+00
1.021331408141344044e+00
1.019302522105805631e+00
1.016819997190305358e+00
1.013902060537136052e+00
1.010558144482114784e+00
1.006788886554585760e+00
1.002603719090366274e+00
9.980120744252743981e-01
9.930227008366372399e-01
9.876416103678165026e-01
9.818829258101592350e-01
9.757607699550107094e-01
9.692716759807681326e-01
9.624385614852521975e-01
9.552579596468595557e-01
9.477615828698858769e-01
9.399459643327275904e-01
9.318340216332057224e-01
9.234398775626664335e-01
9.147776549124559953e-01
9.058790660868694111e-01
8.967406442643039988e-01
8.873853070425802292e-01
8.778359720195193505e-01
8.681155567929419448e-01
8.582469789606688160e-01
8.482531561205211013e-01
8.381482110638448502e-01
8.279638561949352882e-01
8.177230091116141075e-01
8.074485874117014461e-01
7.971635086930182190e-01
7.869082801663352944e-01
7.766963843347377550e-01
7.665651269676917456e-01
7.565335839334542678e-01
7.466208311002808795e-01
7.368635339493774250e-01
7.272895631554753271e-01
7.179267893933050093e-01
7.087942885311230290e-01
6.999287260501350083e-01
6.913667674315465694e-01
6.831274885436141586e-01
6.752396395417160635e-01
6.677434038296480301e-01
6.606684110434358770e-01
6.540478087416955466e-01
6.479121060411002775e-01
6.422953299809135430e-01
6.372297486391036436e-01
6.327502685355812506e-01
6.288917961902572573e-01
6.256892381230424460e-01
6.231792598151424389e-01
6.213967677864681294e-01
6.203766685569300776e-01
6.201538686464392880e-01
6.207657658389559296e-01
6.222465307649245325e-01
6.246319458381925926e-01
6.279569139919589649e-01
6.322572176400707011e-01
6.375668802350795694e-01
6.439225636714800416e-01
6.513591708824714166e-01
6.599107253206055734e-01
6.696138888803767619e-01
6.805044439756318120e-01
6.926155345782752937e-01
7.059838225828013458e-01
7.206450904030567983e-01
7.366263256464140596e-01
7.539729850138416900e-01
7.727120561127123199e-01
7.928705265503976918e-01
8.144929735472196120e-01
8.376063847105498228e-01
8.622377476477605107e-01
8.884316395791737042e-01
9.162062533056860580e-01
9.455973712411448462e-01
9.766231861864476116e-01
1.009328275361915273e+00
1.043739626374920793e+00
1.079875432026360826e+00
1.117771474730082204e+00
1.157454742093457334e+00
1.198934632110908893e+00
1.242246927196283268e+00
1.287418614956952867e+00
1.334467888193815233e+00
1.383421734514241885e+00
1.434307141525605456e+00
1.487124712415853534e+00
1.541901434792358083e+00
1.598646706649542226e+00
1.657396310401251904e+00
1.718159644041910683e+00
1.780946105565941018e+00
1.845773887774239341e+00
1.912652388661229219e+00
1.981599801027807306e+00
2.052607933255447659e+00
2.125703772951521131e+00
2.200896718110450845e+00
2.278178577113710634e+00
2.357576337568671576e+00
2.439065990876781331e+00
2.522674593003554122e+00
2.608404588128004686e+00
2.696276010042096161e+00
2.786282508118366863e+00
2.878444116148781706e+00
2.972763278312353652e+00
3.069233643981622794e+00
3.167875246948550938e+00
3.268681736585678621e+00
3.371655557072020137e+00
3.476799152586588892e+00
3.584114967308398292e+00
3.693596650609988430e+00
3.805229057057423425e+00
3.919005836023241596e+00
4.034911842073509725e+00
4.152940724580765242e+00
4.273086132917547353e+00
4.395324126843447310e+00
4.519648355731002098e+00
4.646043674146277169e+00
4.774468552235913599e+00
4.904925434178924348e+00
5.037381584928424694e+00
5.171821859050479198e+00
5.308222316304676447e+00
5.446559016450607693e+00
5.586790429634914013e+00
5.728883820810708905e+00
5.872824044544056044e+00
6.018560776175122307e+00
6.166070075463495392e+00
6.315319207362292353e+00
6.466266642018154265e+00
6.618879644384194627e+00
6.773099094994103453e+00
6.928901053607472882e+00
7.086235195564465350e+00
7.245059991011721934e+00
7.405351499708832996e+00
7.566953859318268805e+00
7.729957462083786979e+00
7.894276804119657598e+00
8.059738433475397201e+00
8.226432742394768738e+00
8.394186278927291411e+00
8.563001487251977295e+00
8.732792863483092916e+00
8.903474903734908352e+00
9.075140252009802566e+00
9.247538767085666578e+00
9.420774351757996712e+00
9.594775012692796423e+00
9.769468756556070943e+00
9.944871538078569273e+00
1.012082341586154932e+01
1.029734034463576364e+01
1.047435033106721392e+01
1.065169343375715627e+01
1.082947355550109414e+01
1.100753075490027477e+01
1.118588098668545783e+01
1.136436430945789589e+01
1.154290872988359418e+01
1.172161815075804903e+01
1.190024468261777102e+01
1.207880428019351271e+01
1.225722495015127578e+01
1.243552264722181278e+01
1.261353743000637984e+01
1.279119730517097864e+01
1.296843027938161619e+01
1.314516435930429594e+01
1.332141549966976868e+01
1.349711170714403252e+01
1.367209304032835071e+01
1.384628750588872670e+01
1.401971105855590949e+01
1.419220375693115876e+01
1.436378155574522353e+01
1.453437246166410368e+01
1.470381653328906069e+01
1.487212972535084354e+01
1.503915209645071371e+01
1.520489960131941309e+01
1.536930024662295224e+01
1.553228203902733462e+01
1.569377298519856012e+01
1.585378903986738486e+01
1.601208231357031408e+01
1.616866876103809858e+01
1.632347638893674358e+01
1.647634525586751053e+01
1.662729131656114490e+01
1.677615462961890458e+01
1.692295114977153503e+01
1.706743298755555571e+01
1.720979199383119962e+01
1.734986822719974242e+01
1.748767716871101641e+01
1.762314445662653739e+01
1.775619525552690803e+01
1.788684267805747652e+01
1.801492394073410708e+01
1.814045215620215501e+01
1.826335248904221231e+01
1.838355010383489940e+01
1.850088221709605563e+01
1.861536194147105405e+01
1.872691444154048668e+01
1.883546488188497037e+01
1.894093842708509356e+01
1.904334818978622224e+01
1.914261933456895193e+01
1.923867702601389951e+01
1.933153437676640962e+01
1.942102860334234649e+01
1.950734871451654229e+01
1.959015603067537725e+01
1.966972750865844333e+01
1.974572446885208876e+01
1.981833592003117772e+01
1.988748702677631641e+01
1.995310295366809683e+01
2.001510886528712874e+01
2.007351787427877099e+01
2.012825514522362624e+01
2.017924584270229360e+01
2.022650307936013192e+01
2.027003996784248585e+01
2.030960577660048116e+01
2.034547746247370270e+01
2.037749224197800402e+01
2.040566322775874397e+01
2.043009148052602342e+01
2.045070216486044856e+01
2.046759634147210960e+01
2.048069917494162695e+01
2.049002377791434171e+01
2.049558326303560918e+01
2.049730279488603557e+01
2.049528343417572529e+01
2.048945034548527033e+01
2.047972869339529112e+01
2.046630748668062694e+01
2.044902394185713490e+01
2.042797911963492297e+01
2.040309818459459024e+01
2.037457014551097956e+01
2.034222884811111598e+01
2.030615849916088678e+01
2.026643993463732940e+01
2.022297809438800087e+01
2.017576586632519664e+01
2.012497203449071748e+01
2.007050153873210618e+01
2.001225931889691623e+01
1.995050210709169036e+01
1.988513484316397140e+01
1.981615041502607255e+01
1.974362965865502773e+01
1.966756546196313238e+01
1.958803866092744528e+01
1.950513009152500388e+01
1.941874469360335809e+01
1.932905125120431222e+01
1.923604265224014753e+01
1.913971178462317724e+01
1.904005153626568614e+01
1.893723069120948210e+01
1.883115418930210794e+01
1.872181491845586265e+01
1.860938166271253635e+01
1.849384730998443871e+01
1.837529269624859651e+01
1.825388660554682474e+01
1.812970987385615373e+01
1.800275538908888961e+01
1.787310398722207339e+01
1.774101240036224780e+01
1.760638556835696988e+01
1.746930432718327353e+01
1.732993746088295950e+01
1.718818990930357771e+01
1.704423045648692181e+01
1.689805199034528727e+01
1.674982329492047484e+01
1.659953725812477288e+01
1.644727471593523305e+01
1.629320445239364901e+01
1.613731935541231977e+01
1.597978820903303543e+01
1.582069184923284055e+01
1.566002316392403593e+01
1.549803888521316608e+01
1.533473190101252470e+01
1.517027099536390544e+01
1.500473700424435286e+01
1.483812281556616952e+01
1.467068232202808353e+01
1.450239421450332955e+01
1.433341024058683111e+01
1.416379419980876619e+01
1.399360989169930214e+01
1.382292111578861871e+01
1.365179167160688856e+01
1.348037330674902634e+01
1.330872982074521538e+01
1.313692501312562477e+01
1.296502268342043251e+01
1.279326252728930058e+01
1.262170834426241228e+01
1.245042393386993673e+01
1.227956104370679391e+01
1.210918347330315825e+01
1.193944297025395507e+01
1.177040333408935524e+01
1.160212836433952965e+01
1.143468186053465985e+01
1.126821557026966403e+01
1.110288124113946040e+01
1.093865472460948141e+01
1.077559982020989793e+01
1.061395622360037727e+01
1.045378773431109565e+01
1.029507020380748195e+01
1.013804332774920169e+01
9.982770905666427552e+00
9.829404685154084831e+00
9.677832569612853320e+00
9.528382202767144094e+00
9.381029436082387818e+00
9.235926017153502698e+00
9.093135745510672052e+00
8.952722420684057880e+00
8.814749842203839947e+00
8.679457705729683781e+00
8.546733914662276277e+00
8.416818164661277635e+00
8.289774255256869395e+00
8.165578037914475118e+00
8.044381260229011232e+00
7.926335669795404826e+00
7.811505066143831222e+00
7.699865300739713092e+00
7.591568121177974859e+00
7.486677326988787406e+00
7.385256717702327833e+00
7.287458040913516122e+00
7.193258303419182376e+00
7.102815029471273967e+00
7.016111002523641282e+00
6.933392850224382897e+00
6.854555407962605429e+00
6.779757355321655687e+00
6.709087013433087776e+00
6.642615113815498518e+00
6.580394798374542553e+00
6.522488003822346947e+00
6.468947872064561011e+00
6.419827545006839387e+00
6.375197754167782449e+00
6.335111641453042175e+00
6.299613553961794565e+00
6.268765428406165796e+00
6.242602817078860333e+00
6.221187656692004353e+00
6.204555499538299657e+00
6.192750692716921357e+00
6.185826378133524983e+00
6.183818108080810561e+00
6.186761434851480779e+00
6.194674321125289040e+00
6.207583524388462948e+00
6.225507007320754127e+00
6.248471527408391957e+00
6.276503842137602263e+00
6.309613119381664248e+00
6.347808527013856228e+00
6.391116822520404916e+00
6.439529584161640230e+00
6.493055979810838707e+00
6.551705177341279551e+00
6.615495139432714389e+00
6.684417444345474024e+00
6.758463670339884821e+00
6.837634190482751784e+00
6.921902993421451100e+00
7.011261657416315352e+00
7.105710555534147765e+00
7.205223676422321866e+00
7.309783803534696922e+00
7.419373720325126875e+00
7.533941031021563539e+00
7.653477313884338606e+00
7.777930173141403891e+00
7.907194444181866899e+00
8.041428806589077993e+00
8.180352199622644704e+00
8.324127853716900560e+00
8.472585410451078047e+00
8.625734958384898121e+00
8.783586586078076408e+00
8.946062434025575882e+00
9.113172590787117500e+00
9.284839196857662458e+00
9.461072340796924607e+00
9.641794163099877579e+00
9.827014752326229896e+00
1.001656830090620431e+01
1.021055284546426556e+01
1.040880257843062573e+01
1.061132758836500400e+01
1.081805001576237224e+01
1.102897994918243718e+01
1.124386363299067426e+01
1.146279910381154643e+01
1.168570850214002199e+01
1.191242602040631660e+01
1.214296174717014765e+01
1.237714987486173079e+01
1.261500049204079055e+01
1.285643573920228633e+01
1.310128980877643556e+01
1.334957278932296276e+01
1.360111887327207825e+01
1.385585020111875565e+01
1.411377686142270349e+01
1.437464509854939898e+01
1.463846500105855419e+01
1.490507076138039189e+01
1.517438452000987326e+01
1.544641636550671926e+01
1.572082459417164912e+01
1.599770724262913468e+01
1.627689850330938270e+01
1.655823256864261950e+01
1.684163157912382047e+01
1.712701767524793794e+01
1.741422504944519645e+01
1.770317584221056606e+01
1.799370424597426421e+01
1.828573240123126453e+01
1.857909450041177735e+01
1.887371268401077629e+01
1.916942114445847523e+01
1.946605407418510225e+01
1.976362156175036588e+01
2.006186985151973801e+01
2.036072449769961423e+01
2.066003676127732192e+01
2.095974926501637015e+01
2.125971668361551892e+01
2.155979369177352112e+01
2.185992291225388939e+01
2.216004696782012218e+01
2.245993258510623392e+01
2.275952238687572660e+01
2.305867104782736376e+01
2.335714529459515276e+01
2.365497569800734468e+01
2.395201693276269594e+01
2.424812367355997011e+01
2.454315059509792007e+01
2.483704032014005136e+01
2.512973547144988018e+01
2.542117867179089430e+01
2.571104869973236617e+01
2.599946407416729954e+01
2.628627946979444374e+01
2.657117366518306767e+01
2.685426517922617506e+01
2.713532073855776261e+01
2.741428296594134650e+01
2.769091858801094119e+01
2.796517022753003801e+01
2.823689255919741115e+01
2.850602820577655550e+01
2.877251979003097304e+01
2.903604609052993268e+01
2.929672562616643816e+01
2.955432512357448971e+01
2.980869925745286153e+01
3.005987859862978695e+01
3.030762987373929462e+01
3.055198365360962143e+01
3.079270666487478891e+01
3.102982947836304106e+01
3.126311882070839943e+01
3.149260526273910799e+01
3.171805553108917763e+01
3.193950019658687012e+01
3.215679393393092766e+01
3.236970346975537183e+01
3.257825937488845369e+01
3.278231632402894036e+01
3.298172899187557050e+01
3.317652794925660942e+01
3.336656787087081000e+01
3.355187776813354361e+01
3.373239246674388880e+01
3.390804523298804440e+01
3.407876933315220214e+01
3.424441008545781528e+01
3.440507665232058088e+01
3.456061435196193088e+01
3.471095645066807833e+01
3.485594826666046231e+01
3.499561101429001297e+01
3.512979001177821203e+01
3.525841852541123700e+01
3.538151776954003225e+01
3.549893306238603685e+01
3.561068561830021650e+01
3.571670870356874161e+01
3.581702353254258497e+01
3.591147542344317145e+01
3.599999764255671408e+01
3.608269935229888148e+01
3.615951381895588668e+01
3.623028636074918296e+01
3.629512614009445315e+01
3.635396642327788896e+01
3.640674047658568924e+01
3.645346951436880545e+01
3.649417475097818198e+01
3.652870150463525079e+01
3.655707098969097046e+01
3.657930442049627828e+01
3.659524711527262752e+01
3.660500823643570101e+01
3.660843310220696623e+01
3.660563087500209178e+01
3.659671071723678182e+01
3.658160589519722095e+01
3.656051351936386595e+01
3.653327890795814881e+01
3.650009917146051919e+01
3.646108347228665281e+01
3.641607712865802426e+01
3.636518930299030217e+01
3.630844120963443800e+01
3.624594201100612167e+01
3.617762497339154493e+01
3.610342336307692079e+01
3.602362223860742318e+01
3.593806691820448407e+01
3.584686656428383600e+01
3.575013033926112627e+01
3.564787418235328431e+01
3.554009293224096666e+01
3.542695204860033442e+01
3.530835314691328364e+01
3.518446168685592568e+01
3.505526723197492345e+01
3.492093524194640963e+01
3.478127938418752763e+01
3.463664101450391541e+01
3.448692174837744773e+01
3.433219909741952591e+01
3.417255057324153711e+01
3.400796573939013001e+01
3.383861005554143020e+01
3.366447308524208637e+01
3.348554439203872590e+01
3.330190148754275725e+01
3.311362188336555334e+01
3.292087103918325397e+01
3.272363851854250782e+01
3.252217772918418603e+01
3.231647823465493730e+01
3.210679344269564695e+01
3.189320086491770923e+01
3.167577801293248996e+01
3.145460239835139760e+01
3.122983948085056483e+01
3.100147882397662613e+01
3.076977383547047395e+01
3.053462613081399724e+01
3.029628911774807420e+01
3.005475235981936066e+01
2.981026926476872418e+01
2.956274144807806437e+01
2.931251026555302630e+01
2.905965322880496515e+01
2.880415990138055804e+01
2.854628369102066898e+01
2.828610210933668156e+01
2.802378061600475334e+01
2.775948467070100634e+01
2.749329178503682414e+01
2.722536741868835364e+01
2.695587703133172042e+01
2.668498608264307137e+01
2.641277208423379008e+01
2.613940049578001990e+01
2.586494882889313374e+01
2.558958254324927495e+01
2.531346709852457977e+01
2.503667610017962275e+01
2.475935547713645235e+01
2.448155930410155534e+01
2.420342960384615694e+01
2.392519634720624211e+01
2.364691360888828342e+01
2.336881135972828005e+01
2.309085572636795192e+01
2.281336462770803308e+01
2.253639213845499967e+01
2.226008028138010175e+01
2.198448313118980835e+01
2.170974271065535177e+01
2.143591309448322235e+01
2.116322425350939795e+01
2.089173026244035825e+01
2.062139724791784801e+01
2.035254312884259420e+01
2.008530992798581494e+01
1.981975172005400765e+01
1.955601052781840110e+01
1.929431632211497671e+01
1.903472317765020705e+01
1.877737311719533864e+01
1.852240816352160024e+01
1.826997033940021709e+01
1.802011371953767949e+01
1.777298032670521621e+01
1.752862423560931049e+01
1.728727541708594728e+01
1.704889999777686072e+01
1.681364000045327600e+01
1.658163744788643967e+01
1.635294641478282074e+01
1.612762097584891308e+01
1.590580315385594190e+01
1.568754702351039754e+01
1.547299460758351231e+01
1.526228792884651497e+01
1.505548106200588521e+01
1.485280397789760798e+01
1.465439869929291916e+01
1.446040724896304219e+01
1.427088370161446207e+01
1.408605802808316554e+01
1.390589635501088495e+01
1.373045275710410351e+01
1.355978130906930446e+01
1.339393608561297988e+01
1.323297116144160768e+01
1.307685411056351477e+01
1.292555829645342413e+01
1.277941032221162132e+01
1.263829705061466235e+01
1.250254508476285231e+01
1.237212923549748744e+01
1.224720020978936752e+01
1.212790871460930475e+01
1.201431750886333560e+01
1.190648935145752141e+01
1.180448700129791284e+01
1.170819732116106948e+01
1.161777101801778755e+01
1.153318290270937574e+01
1.145440778607713739e+01
1.138159637509187050e+01
1.131472348059488375e+01
1.125385186149222960e+01
1.119895632862520962e+01
1.115027553702937446e+01
1.110769634948128370e+01
1.107136947295173179e+01
1.104126971828202741e+01
1.101745984437822123e+01
1.099991466208162194e+01
1.098869693029827665e+01
1.098369351180474851e+01
1.098496716550708641e+01
1.099249270224659547e+01
1.100633288092932993e+01
1.102637456433184937e+01
1.105268051136020446e+01
1.108531348092044411e+01
1.112424828385387698e+01
1.116945973100180822e+01
1.122101058127028672e+01
1.127887564550062471e+01
1.134302973453412022e+01
1.141335971114733816e+01
1.148984038618157477e+01
1.157235862241339674e+01
1.166088923068410210e+01
1.175531907377025043e+01
1.185553501444839952e+01
1.196159981162460539e+01
1.207348827614016784e+01
1.219126316690114287e+01
1.231481134668408828e+01
1.244419557439505475e+01
1.257939066087534563e+01
1.272046494219706148e+01
1.286715727083747929e+01
1.301947592063416437e+01
1.317725326929518914e+01
1.334040964259336803e+01
1.350886536630152612e+01
1.368236487006297963e+01
1.386100437578004296e+01
1.404461626116078854e+01
1.423329674810752898e+01
1.442696616239308050e+01
1.462554482979026638e+01
1.482921692026613769e+01
1.503781481152877220e+01
1.525134677741573697e+01
1.546973314369984465e+01
1.569289423615391499e+01
1.592066243248602042e+01
1.615295805846897537e+01
1.638978938794034690e+01
1.663090085054346545e+01
1.687621277205113657e+01
1.712555753017143800e+01
1.737894339874194216e+01
1.763620275547069483e+01
1.789716797806579862e+01
1.816167144423529933e+01
1.842963347975203448e+01
1.870097441038879893e+01
1.897552661385368822e+01
1.925321041591950433e+01
1.953403409042381611e+01
1.981774206700995222e+01
2.010443056758021285e+01
2.039393196984268286e+01
2.068607865150542580e+01
2.098087888640600696e+01
2.127816505225250054e+01
2.157768157868822811e+01
2.187943673955074786e+01
2.218326291254814109e+01
2.248899247538847845e+01
2.279654575384456905e+01
2.310557922949499599e+01
2.341618912424206300e+01
2.372803191966436032e+01
2.404102794153469347e+01
2.435500956756114022e+01
2.466972122738701856e+01
2.498517119484990090e+01
2.530102027665839870e+01
2.561729837230028295e+01
2.593386381026388321e+01
2.625057491903751838e+01
2.656729002710950738e+01
2.688404335909766729e+01
2.720051734736082949e+01
2.751665826845205487e+01
2.783250034698916409e+01
2.814781396339572339e+01
2.846245744616006945e+01
2.877637707183525606e+01
2.908951911697436898e+01
2.940165396200095671e+01
2.971272788346811566e+01
3.002268715792889253e+01
3.033121421774212223e+01
3.063834328752562541e+01
3.094384474770297544e+01
3.124766487482723321e+01
3.154957404932197207e+01
3.184951854774027069e+01
3.214744464663520063e+01
3.244321067449505591e+01
3.273658701174344543e+01
3.302760788299816141e+01
3.331604366868278788e+01
3.360192859341514549e+01
3.388503303761878271e+01
3.416521532978205755e+01
3.444242174645801668e+01
3.471651061613498968e+01
3.498742821536602321e+01
3.525485697650998418e+01
3.551883112418465061e+01
3.577912103881362782e+01
3.603576094501470095e+01
3.628860917127621377e+01
3.653752404608647453e+01
3.678227594986906723e+01
3.702298705530655809e+01
3.725942774282250980e+01
3.749145634090523771e+01
3.771910707417257669e+01
3.794223827111283498e+01
3.816079620827910190e+01
3.837455126609491174e+01
3.858362561724287332e+01
3.878787759021127357e+01
3.898716551348844206e+01
3.918134675626413355e+01
3.937045074666321653e+01
3.955433005738250785e+01
3.973292520918356274e+01
3.990608877476320515e+01
4.007376127488298323e+01
4.023588323030444514e+01
4.039248310985392010e+01
4.054341348622818941e+01
4.068879077631832075e+01
4.082837960475639250e+01
4.096229638843341547e+01
4.109048164811099468e+01
4.121278795648590432e+01
4.132933173044921915e+01
4.143987759463300335e+01
4.154445401786353642e+01
4.164300152090240914e+01
4.173546062451115546e+01
4.182168390138659220e+01
4.190187571648453257e+01
4.197580069443700523e+01
4.204348730407035362e+01
4.210505196227562408e+01
4.216025929368485237e+01
4.220931366325386591e+01
4.225197969561472178e+01
4.228846175572321187e+01
4.231870036434089855e+01
4.234254809416459153e+01
4.236029725821483538e+01
4.237171248112370847e+01
4.237699812784698139e+01
4.237600677108149938e+01
4.236876687965354904e+01
4.235530692238942407e+01
4.233565536811546082e+01
4.230966478952843346e+01
4.227753955158417654e+01
4.223904427891472579e+01
4.219429538841114891e+01
4.214340929696449933e+01
4.208623857727157969e+01
4.202298759428819608e+01
4.195368481684064221e+01
4.187835871375524022e+01
4.179694980579353825e+01
4.170957450984658976e+01
4.161634924280544112e+01
4.151721452543166890e+01
4.141219340808137162e+01
4.130128726722987409e+01
4.118449206088230596e+01
4.106180374704381109e+01
4.093321828371951909e+01
4.079890752504406493e+01
4.065904332515206931e+01
4.051379753817816010e+01
4.036334201825697221e+01
4.020793656758786483e+01
4.004757714417598891e+01
3.988252355022071782e+01
3.971268379566242857e+01
3.953805383850625788e+01
3.935845374062785851e+01
3.917396740809709144e+01
3.898432695472485676e+01
3.878952833851628412e+01
3.858965546554126291e+01
3.838461634574015591e+01
3.817484667744184890e+01
3.796034241865149284e+01
3.774136337156844689e+01
3.751808139032733180e+01
3.729075627712754226e+01
3.705947193803893214e+01
3.682431227913140503e+01
3.658536120647483614e+01
3.634270262613910063e+01
3.609633249612933525e+01
3.584642267058017495e+01
3.559296910749674225e+01
3.533605571294891945e+01
3.507576639300661014e+01
3.481236094986915219e+01
3.454592328960644920e+01
3.427662526635312190e+01
3.400463873424381234e+01
3.373013554741313413e+01
3.345311166386621693e+01
3.317382688580244832e+01
3.289210127509746684e+01
3.260810668588588612e+01
3.232183907617286422e+01
3.203320645589876392e+01
3.174246862726297280e+01
3.144944565214112586e+01
3.115439733273259293e+01
3.085767141930151425e+01
3.055943976598250345e+01
3.025995762859399463e+01
2.995928618130117371e+01
2.965783384414728019e+01
2.935574519298127782e+01
2.905307685558742392e+01
2.874988545974993670e+01
2.844631558131782967e+01
2.814242384807532815e+01
2.783826688780667169e+01
2.753398927636084181e+01
2.722964764152209582e+01
2.692538655913940460e+01
2.662117470893225502e+01
2.631724461481439548e+01
2.601365290457006907e+01
2.571045620598349046e+01
2.540779909490366606e+01
2.510582614717957739e+01
2.480459399059547465e+01
2.450424720100032161e+01
2.420484240617837912e+01
2.390661213004335650e+01
2.360961300037951816e+01
2.331398959303584562e+01
2.301988648386131686e+01
2.272736030064017143e+01
2.243646767115665597e+01
2.214744111932450110e+01
2.186033727292794282e+01
2.157521275975122421e+01
2.129230010370808301e+01
2.101156798451800611e+01
2.073316097802997504e+01
2.045722366009298199e+01
2.018381265849127360e+01
1.991298460100907519e+01
1.964479611543063697e+01
1.937947972566968602e+01
1.911709205951046187e+01
1.885760179667246206e+01
1.860124146106941723e+01
1.834806768048556336e+01
1.809822503076989264e+01
1.785177013970664106e+01
1.760884758314479370e+01
1.736951398886860076e+01
1.713391393272703311e+01
1.690201609443959185e+01
1.667405299792001117e+01
1.644999332288777438e+01
1.622980608646239631e+01
1.601372549955766189e+01
1.580181021435788224e+01
1.559411888304736493e+01
1.539062220974567552e+01
1.519146679470187067e+01
1.499671129010025439e+01
1.480641434812514134e+01
1.462072256902558465e+01
1.443960665692114453e+01
1.426321321206087944e+01
1.409142499049960406e+01
1.392447654055112238e+01
1.376242651439974374e+01
1.360515766810028460e+01
1.345290454996653828e+01
1.330554991605333193e+01
1.316324036660971863e+01
1.302603455382000419e+01
1.289381523373900684e+01
1.276681695468052347e+01
1.264492247269937053e+01
1.252819043997986803e+01
1.241676745677106020e+01
1.231053627912776527e+01
1.220955555923428903e+01
1.211388394927494971e+01
1.202358010143404599e+01
1.193861471983114519e+01
1.185895850858580758e+01
1.178467011988234248e+01
1.171580820590505922e+01
1.165234347077351806e+01
1.159424661860728278e+01
1.154148835352591540e+01
1.149412732771371992e+01
1.145213424529026192e+01
1.141547981037510517e+01
1.138413472708780638e+01
1.135815764761267488e+01
1.133743132800453068e+01
1.132201442044767781e+01
1.131187762906168004e+01
1.130699165796609762e+01
1.130732721128049434e+01
1.131285499312442866e+01
1.132354570761746437e+01
1.133937005887915994e+01
1.136021080296433361e+01
1.138603864399254739e+01
1.141691690352245558e+01
1.145275168448061898e+01
1.149354170723269775e+01
1.153928569214433963e+01
1.158980646345171195e+01
1.164527863764996418e+01
1.170552503897526009e+01
1.177063233585799651e+01
1.184042335253434075e+01
1.191498475743469143e+01
1.199422732285996140e+01
1.207806182111105642e+01
1.216648697255363487e+01
1.225950149755335161e+01
1.235692822034636507e+01
1.245885380936308273e+01
1.256510108883966126e+01
1.267566877914176082e+01
1.279055560063503627e+01
1.290949642949089871e+01
1.303266588220450473e+01
1.315988678301201098e+01
1.329106990421432677e+01
1.342621396617710694e+01
1.356522974120126079e+01
1.370794005352295031e+01
1.385434362350783211e+01
1.400443917152156104e+01
1.415804952180029730e+01
1.431508544664495020e+01
1.447545771835643080e+01
1.463916505730038864e+01
1.480603028771299101e+01
1.497605212995989277e+01
1.514896546021250678e+01
1.532485694690123701e+01
1.550354941426223832e+01
1.568495363459642711e+01
1.586898038020471091e+01
1.605554042338799547e+01
1.624445658838244810e+01
1.643572759555371476e+01
1.662926421720271009e+01
1.682480132950084339e+01
1.702233765281377842e+01
1.722178395944241913e+01
1.742305102168767306e+01
1.762587371572095307e+01
1.783033870997266845e+01
1.803618088061422142e+01
1.824340345633502380e+01
1.845185180298993188e+01
1.866137579475755714e+01
1.887208915001075127e+01
1.908366584679862754e+01
1.929621960349403409e+01
1.950942439814608420e+01
1.972348189719237865e+01
1.993806607868202718e+01
2.015320271292312881e+01
2.036874167409430214e+01
2.058462078443889709e+01
2.080077786620027069e+01
2.101715074162177288e+01
2.123350133681726959e+01
2.144985542209486695e+01
2.166606287163316935e+01
2.188206150767552671e+01
2.209770120440056118e+01
2.231291978405161558e+01
2.252756712080729073e+01
2.274166898497571410e+01
2.295498730267073029e+01
2.316754784420044899e+01
2.337920048374346749e+01
2.358988304354314991e+01
2.379944539777810064e+01
2.400791331675643292e+01
2.421513667465673691e+01
2.442105329372238387e+01
2.462551304813197461e+01
2.482854170819361528e+01
2.502981325195641560e+01
2.522944139779322725e+01
2.542727601988265462e+01
2.562325494046806185e+01
2.581714008566330776e+01
2.600904517384123338e+01
2.619873213111570820e+01
2.638613877973008570e+01
2.657129088999246846e+01
2.675403833608146797e+01
2.693423099217568506e+01
2.711189462858322941e+01
2.728679117141795629e+01
2.745903433905272095e+01
2.762838605760138577e+01
2.779487209737204623e+01
2.795825438447856826e+01
2.811855868922904378e+01
2.827581108411624200e+01
2.842977500617722342e+01
2.858047803882795890e+01
2.872794776548441575e+01
2.887203587343305955e+01
2.901268199802511560e+01
2.914982577461180213e+01
2.928358273467383199e+01
2.941362866936816900e+01
2.954016705824028222e+01
2.966296164051190232e+01
2.978195205153422975e+01
2.989716587472325315e+01
3.000863069349492207e+01
3.011611024707094941e+01
3.021963211886732736e+01
3.031922389230001258e+01
3.041482520272020906e+01
3.050637568547914924e+01
3.059390292399279332e+01
3.067725860554761041e+01
3.075647031355957139e+01
3.083147768337989092e+01
3.090230829842453630e+01
3.096898974210947486e+01
3.103137370172116860e+01
3.108957570874034460e+01
3.114344745045345775e+01
3.119292856221172983e+01
3.123822252356063700e+01
3.127900512565713598e+01
3.131547984804669582e+01
3.134758632608053119e+01
3.137517624704511832e+01
3.139836514242117360e+01
3.141709264755989395e+01
3.143147429394200998e+01
3.144136176885399792e+01
3.144687060377655996e+01
3.144802838212565277e+01
3.144477473925251942e+01
3.143722520663785147e+01
3.142540736769761978e+01
3.140917290971830056e+01
3.138863736418060668e+01
3.136382831450049125e+01
3.133468539602919023e+01
3.130132414024740939e+01
3.126359623444161073e+01
3.122170515815726688e+01
3.117549882119912041e+01
3.112524976376876396e+01
3.107078700826234652e+01
3.101211547320547979e+01
3.094941597325329496e+01
3.088260547886669372e+01
3.081168890857128417e+01
3.073675912895745554e+01
3.065773311048608463e+01
3.057470371974755352e+01
3.048767587526749523e+01
3.039665449557153920e+01
3.030164449918530423e+01
3.020273875269919017e+01
3.010003012270356137e+01
2.999343557965929108e+01
2.988322388628627735e+01
2.976922406498064078e+01
2.965170487846225456e+01
2.953058329719200614e+01
2.940595218776027053e+01
2.927790441675742983e+01
2.914644490270911348e+01
2.901166651220568937e+01
2.887348621570806273e+01
2.873208482787133633e+01
2.858746726722115028e+01
2.843963845228313758e+01
2.828877919771242588e+01
2.813489442203464108e+01
2.797807699184015817e+01
2.781833182565461371e+01
2.765575179006838269e+01
2.749051769973659276e+01
2.732254652512012782e+01
2.715201908087410487e+01
2.697894028552417112e+01
2.680349095372543999e+01
2.662558805593879896e+01
2.644550035488411410e+01
2.626305687295752378e+01
2.607861432094366450e+01
2.589200172123864974e+01
2.570348783656235980e+01
2.551298963737568215e+01
2.532068793833374443e+01
2.512658765796216898e+01
2.493078166285133790e+01
2.473345076765637884e+01
2.453468783896767036e+01
2.433449366229728383e+01
2.413302838723255306e+01
2.393027213421777688e+01
2.372655681595622568e+01
2.352168665676270010e+01
2.331590562127572142e+01
2.310928177800433403e+01
2.290170729932807347e+01
2.269342614988547169e+01
2.248450639818556240e+01
2.227492816467263381e+01
2.206475951785572676e+01
2.185415647430862052e+01
2.164309915447559973e+01
2.143174357493045434e+01
2.122015780418221453e+01
2.100840991073992114e+01
2.079648001504785171e+01
2.058461208174454526e+01
2.037287417933904266e+01
2.016115848021087231e+01
1.994979689706331882e+01
1.973868160227592128e+01
1.952796861242246607e+01
1.931772599601197982e+01
1.910810976961825958e+01
1.889901210562083023e+01
1.869067696865823436e+01
1.848308447917476016e+01
1.827639065374417626e+01
1.807048766474604307e+01
1.786561947681887830e+01
1.766176621040696659e+01
1.745899593401935945e+01
1.725746466422982905e+01
1.705724046954740203e+01
1.685839141848113343e+01
1.666098557954005344e+01
1.646509102123318158e+01
1.627086376013432201e+01
1.607828391668775225e+01
1.588750750746726048e+01
1.569851465291712600e+01
1.551137342154639143e+01
1.532623982992883960e+01
1.514300605044400960e+01
1.496191604773043160e+01
1.478294994223239378e+01
1.460617580245893166e+01
1.443166169691908252e+01
1.425947489166273208e+01
1.408967944290317043e+01
1.392225065632979941e+01
1.375733973376150132e+01
1.359500992895242888e+01
1.343532449565671882e+01
1.327817079149902035e+01
1.312378796636297729e+01
1.297206337787322639e+01
1.282314822784867303e+01
1.267701782197870486e+01
1.253382336208221481e+01
1.239354015384859586e+01
1.225623145103199896e+01
1.212187255932181351e+01
1.199061468053692359e+01
1.186243312036674347e+01
1.173739113256540456e+01
1.161555197088705071e+01
1.149689094102108555e+01
1.138147129672163871e+01
1.126935629174286468e+01
1.116043328370941268e+01
1.105494142250491052e+01
1.095276806575401629e+01
1.085397646721087206e+01
1.075854193256487257e+01
1.066652771557015811e+01
1.057790912191613053e+01
1.049274940535692835e+01
1.041111181964669719e+01
1.033297167047483534e+01
1.025830426353073399e+01
1.018708490450378967e+01
1.011946479521289710e+01
1.005533129328270192e+01
9.994659704402604206e+00
9.937601230391489793e+00
9.884131176938751651e+00
9.834136901669049635e+00
9.787681658336518709e+00
9.744740752630553615e+00
9.705289490240556205e+00
9.669391124920666769e+00
9.637020962360281828e+00
9.608154308248796127e+00
9.582766468275607963e+00
9.560832748130112080e+00
9.542416401566452322e+00
9.527404786209274334e+00
9.515864027735656094e+00
9.507695843384894374e+00
9.502980718448718278e+00
9.501711190154100706e+00
9.503791847663274339e+00
9.509303176267968283e+00
9.518237713195153660e+00
9.530412099542315829e+00
9.545994768665929442e+00
9.564978257792970950e+00
9.587179208020922161e+00
9.612678104641508625e+00
9.641467484881710348e+00
9.673451937903756459e+00
9.708711948999374286e+00
9.747152107330787629e+00
9.788677002060232724e+00
9.833455066544180667e+00
9.881214993815365943e+00
9.932125217230259651e+00
9.986002377886350700e+00
1.004292696107535754e+01
1.010271560789477086e+01
1.016553675170105464e+01
1.023111908552694871e+01
1.029963104272892949e+01
1.037088926440447167e+01
1.044479833971581151e+01
1.052152670201942009e+01
1.060080304434803011e+01
1.068279580005811980e+01
1.076723366218242006e+01
1.085419711601265824e+01
1.094359075071106524e+01
1.103540710350461573e+01
1.112946281549079686e+01
1.122583837196133061e+01
1.132443836207844612e+01
1.142516737500438140e+01
1.152801794796610402e+01
1.163280672206110289e+01
1.173961418258110356e+01
1.184834491868833339e+01
1.195881557148027596e+01
1.207110662624865682e+01
1.218512267215570866e+01
1.230068035029891149e+01
1.241786014596999088e+01
1.253647870026643041e+01
1.265652855041520830e+01
1.277791790045418985e+01
1.290056941392379919e+01
1.302449731730482974e+01
1.314953994094859269e+01
1.327579945940063411e+01
1.340302625494751787e+01
1.353132250213479004e+01
1.366061447937850915e+01
1.379074051702998105e+01
1.392171484157000094e+01
1.405346373141463445e+01
1.418600141304467677e+01
1.431916621681143553e+01
1.445288442113096217e+01
1.458725820054881339e+01
1.472212588541629330e+01
1.485741375414945153e+01
1.499304808516435195e+01
1.512904310494178617e+01
1.526523714383306896e+01
1.540164442831899905e+01
1.553827918488037874e+01
1.567489179580376835e+01
1.581149648756997017e+01
1.594801953859503563e+01
1.608447517535977056e+01
1.622078967628022639e+01
1.635680137170771076e+01
1.649252448812302774e+01
1.662788530394222875e+01
1.676281009758137941e+01
1.689731309552126248e+01
1.703114468004844895e+01
1.716440702570848487e+01
1.729702641091742876e+01
1.742884116602658651e+01
1.755977756945201307e+01
1.768993779573925096e+01
1.781907222717486761e+01
1.794728303830440908e+01
1.807440855947918479e+01
1.820046301717999171e+01
1.832528474175814281e+01
1.844897590775918772e+01
1.857128689746967609e+01
1.869223193737042266e+01
1.881182525394222083e+01
1.892999312560112912e+01
1.904657388269845697e+01
1.916158175171499778e+01
1.927494416095337115e+01
1.938659313826244812e+01
1.949654980944240990e+01
1.960474735222867437e+01
1.971103099629192457e+01
1.981550981549709434e+01
1.991811698757960514e+01
2.001869774221013998e+01
2.011736115325361851e+01
2.021395245038073085e+01
2.030849275939165466e+01
2.040091525802180783e+01
2.049124107207137868e+01
2.057940337927578867e+01
2.066533535737046989e+01
2.074897018409085447e+01
2.083041693330186206e+01
2.090952083467417211e+01
2.098621506594322383e+01
2.106060870097392979e+01
2.113245902137223098e+01
2.120196304906779616e+01
2.126896601373131190e+01
2.133340109309820321e+01
2.139537736103339327e+01
2.145482799527231066e+01
2.151168617355039459e+01
2.156606096973255404e+01
2.161779761348948270e+01
2.166691723062135111e+01
2.171344094692833693e+01
2.175738988821062136e+01
2.179860928413888033e+01
2.183720820857803702e+01
2.187303189119877800e+01
2.190618940586603003e+01
2.193661393031520745e+01
2.196423864228175660e+01
2.198917261563059355e+01
2.201134902809715399e+01
2.203078900548160490e+01
2.204742572551937840e+01
2.206128031401065215e+01
2.207237389675560735e+01
2.208063965148966545e+01
2.208618665207775678e+01
2.208894807625530632e+01
2.208894504982249529e+01
2.208619869857949425e+01
2.208064220026173530e+01
2.207238261638303101e+01
2.206134306292321057e+01
2.204744464351099964e+01
2.203087230596936053e+01
2.201145920586227334e+01
2.198930234294794772e+01
2.196432282085510579e+01
2.193652969127721875e+01
2.190593200590775425e+01
2.187262676450492904e+01
2.183671096682695989e+01
2.179801776843782335e+01
2.175664416909572907e+01
2.171268716855890091e+01
2.166615581852080297e+01
2.161697122261015025e+01
2.156514243252042462e+01
2.151076644800984283e+01
2.145376437270711634e+01
2.139432115443521099e+01
2.133218200069335779e+01
2.126761980736926461e+01
2.120055567809164998e+01
2.113099866455399223e+01
2.105904576651450100e+01
2.098479398373139659e+01
2.090807647176864492e+01
2.082907817844921894e+01
2.074780815546657919e+01
2.066418750644945490e+01
2.057840117922080836e+01
2.049037027740935457e+01
2.040019180077332095e+01
2.030787480100616804e+01
2.021334038173661796e+01
2.011677349078763655e+01
2.001827112791744057e+01
1.991766644868999947e+01
1.981514440092828266e+01
1.971080198439050690e+01
1.960464825077013273e+01
1.949669225176064558e+01
1.938703098712024087e+01
1.927576145660714602e+01
1.916280476385009379e+01
1.904816996054252343e+01
1.893212994257217474e+01
1.881451786550301009e+01
1.869543072909324266e+01
1.857487758503635078e+01
1.845304037437762901e+01
1.832991311492226671e+01
1.820548681769778199e+01
1.807975249373168936e+01
1.795287705018101576e+01
1.782485149807328284e+01
1.769575479650075067e+01
1.756549000842619535e+01
1.743422404100663314e+01
1.730203585333433836e+01
1.716882850837208352e+01
1.703476891327688136e+01
1.689984807907626063e+01
1.676414496486247430e+01
1.662765058166306176e+01
1.649035594050553044e+01
1.635251589661165639e+01
1.621394556487946303e+01
1.607472390440121046e+01
1.593501782233392383e+01
1.579473038164037391e+01
1.565402848947757697e+01
1.551290315687305643e+01
1.537143334291907770e+01
1.522969800670791507e+01
1.508777610733183572e+01
1.494574660388310150e+01
1.480351255932449916e+01
1.466124088081303256e+01
1.451901052744097953e+01
1.437672456217110906e+01
1.423454989216043565e+01
1.409247752843648627e+01
1.395049848202677900e+01
1.380877966008833724e+01
1.366731207364867373e+01
1.352608673373530834e+01
1.338527054750526446e+01
1.324476657792131817e+01
1.310482968020522421e+01
1.296536291731976043e+01
1.282644524835719579e+01
1.268806768434505372e+01
1.255039713244035049e+01
1.241342460367060418e+01
1.227705316099858734e+01
1.214153765964607423e+01
1.200678116257582673e+01
1.187286262888012445e+01
1.173994896571597124e+01
1.160785395598194114e+01
1.147682579490248855e+01
1.134693544957310785e+01
1.121799004289505852e+01
1.109032438615808758e+01
1.096374560226344030e+01
1.083832465830662706e+01
1.071422046944788598e+01
1.059132810665322211e+01
1.046980648508288603e+01
1.034955067570287746e+01
1.023063164560869787e+01
1.011312036189584340e+01
9.996999843595068214e+00
9.882341057801870221e+00
9.769214971611749121e+00
9.657604604055453734e+00
9.547492974163739987e+00
9.438951049032102247e+00
9.331961847691296441e+00
9.226684285301562483e+00
9.123013432828910751e+00
9.021108205433582938e+00
8.920863674081585870e+00
8.822350805868419243e+00
8.725552619824833656e+00
8.630628031111070797e+00
8.537384162628395501e+00
8.446067877601795004e+00
8.356574246997276134e+00
8.268886289845589488e+00
8.183074973242234762e+00
8.099211264282711653e+00
8.017190233933021659e+00
7.937082849288662700e+00
7.858960077445136250e+00
7.782804937433197345e+00
7.708600448283586815e+00
7.636417577091815900e+00
7.566239342888628094e+00
7.498048764704775770e+00
7.431916809635763066e+00
7.367738548647587038e+00
7.305672896900497371e+00
7.245614925360497338e+00
7.187635601123086637e+00
7.131629995154271207e+00
7.077757022614290960e+00
7.025911754469157167e+00
6.976077209749615982e+00
6.928325593438086294e+00
6.882646113999919102e+00
6.839029217787373049e+00
6.797465351152721880e+00
6.758032908512974224e+00
6.720634388155651173e+00
6.685348184497763135e+00
6.652076795826830313e+00
6.620951385398714528e+00
6.591883246307408406e+00
6.564880414518128759e+00
6.539950925996088849e+00
6.517085227093556199e+00
6.496273764162797448e+00
6.477524573169024080e+00
6.460828100464508950e+00
6.446165997595036501e+00
6.433546300525824435e+00
6.422950660802664302e+00
6.414369524777823628e+00
6.407793338803565497e+00
6.403194959619209037e+00
6.400564833577017332e+00
6.399893407029257908e+00
6.401162331521721427e+00
6.404362053406673638e+00
6.409465429423431893e+00
6.416454111117786852e+00
6.425309750035530065e+00
6.436013997722453084e+00
6.448539710917869705e+00
6.462877335974049231e+00
6.478999729630306348e+00
6.496870953819483319e+00
6.516481454893844116e+00
6.537795294786234557e+00
6.560785330235967550e+00
6.585433212788836421e+00
6.611703004377679882e+00
6.639567561741817059e+00
6.669008536427037726e+00
6.699972400753235746e+00
6.732440806266201783e+00
6.766369020092300346e+00
6.801747488583798962e+00
6.838522684060592383e+00
6.876667463261993518e+00
6.916137093314371320e+00
6.956913225763514674e+00
6.998942332929318333e+00
7.042199640162895236e+00
7.086661052456073584e+00
7.132296048606005634e+00
7.179082902216316953e+00
7.226991092084158907e+00
7.275998891813157954e+00
7.326075780200464571e+00
7.377191236043233680e+00
7.429323532945084629e+00
7.482442149703176781e+00
7.536516565114654398e+00
7.591507463170199976e+00
7.647401912279909730e+00
7.704160596434466157e+00
7.761752994431011743e+00
7.820148585066707625e+00
7.879316847138699842e+00
7.939227259444139762e+00
7.999840505973705440e+00
8.061126065524547357e+00
8.123009442861443219e+00
8.185565654459241003e+00
8.248685025856822506e+00
8.312284267012490346e+00
8.376368035949287361e+00
8.441028938755023248e+00
8.506007789258495322e+00
8.571397193547506177e+00
8.637201809645105754e+00
8.703338347509600226e+00
8.769723517099286880e+00
8.836361976437219212e+00
8.903170435481699840e+00
8.970241500320526029e+00
9.037403932847254850e+00
9.104662391084934470e+00
9.172021533056614828e+00
9.239398068720602097e+00
9.306796656099944443e+00
9.374134005152944482e+00
9.441414773902655710e+00
9.508467724242628094e+00
9.575473410325411550e+00
9.642260594044559596e+00
9.708745985358378405e+00
9.775022190354659912e+00
9.841005918991712065e+00
9.906613881227835705e+00
9.971850735086078998e+00
1.003663319052474989e+01
1.010096724058805506e+01
1.016477627034008080e+01
1.022816089599557010e+01
1.029086994151028023e+01
1.035309197116369440e+01
1.041466375697631541e+01
1.047568591516288805e+01
1.053599521774390801e+01
1.059560433286937098e+01
1.065452592868927262e+01
1.071277267335360683e+01
1.077018133888287821e+01
1.082685254149181908e+01
1.088279894933043401e+01
1.093776938635446960e+01
1.099195241684341617e+01
1.104527276088252563e+01
1.109765513855703745e+01
1.114911221801695262e+01
1.119965666741226684e+01
1.124921320682821957e+01
1.129779450441481359e+01
1.134541322832203569e+01
1.139190615057039579e+01
1.143737388737463156e+01
1.148174115881998603e+01
1.152510858112120751e+01
1.156731292629878993e+01
1.160836686250273431e+01
1.164837100594777830e+01
1.168707418058967740e+01
1.172466495070792014e+01
1.176106803638775133e+01
1.179629610577917020e+01
1.183018593090267423e+01
1.186283812797300286e+01
1.189426536514015531e+01
1.192439236248937995e+01
1.195323178817066356e+01
1.198079631033401071e+01
1.200701064906466442e+01
1.203188747251261681e+01
1.205543944882786356e+01
1.207767924616040212e+01
1.209861953266022816e+01
1.211818502841258471e+01
1.213638840156747101e+01
1.215315437221012651e+01
1.216858355655530310e+01
1.218260067468824381e+01
1.219521775370740713e+01
1.220635630844036434e+01
1.221620105685739155e+01
1.222449697660502466e+01
1.223142878565354508e+01
1.223691735777898337e+01
1.224097151482212276e+01
1.224360007862374289e+01
1.224481187102462698e+01
1.224452776580080915e+01
1.224275658479307083e+01
1.223959509790694256e+01
1.223496417891845489e+01
1.222887264966838927e+01
1.222132933199752891e+01
1.221225509968190792e+01
1.220183467069180416e+01
1.218990097073850265e+01
1.217663871779227769e+01
1.216188083756442140e+01
1.214572409996045721e+01
1.212808937875642279e+01
1.210916139192258889e+01
1.208886101323499673e+01
1.206710911646967865e+01
1.204400247153216164e+01
1.201954990026322534e+01
1.199376022450365831e+01
1.196655431802948755e+01
1.193802895074624537e+01
1.190819294449471144e+01
1.187714306918041629e+01
1.184471225051464671e+01
1.181099725840293146e+01
1.177600691468605021e+01
1.173975004120478793e+01
1.170232340786466807e+01
1.166364788844173184e+01
1.162382025284150266e+01
1.158276137484001644e+01
1.154056802434280549e+01
1.149724902319064412e+01
1.145281319322431912e+01
1.140726935628461192e+01
1.136062633421230039e+01
1.131289294884816954e+01
1.126416597009774634e+01
1.121436627173706846e+01
1.116359062367166111e+01
1.111175989967755662e+01
1.105896911280492567e+01
1.100521830061773620e+01
1.095059369188933829e+01
1.089509356732834178e+01
1.083862825957860032e+01
1.078128399741347110e+01
1.072314700960630773e+01
1.066421557686571298e+01
1.060448797990028957e+01
1.054387455135390539e+01
1.048254946806465604e+01
1.042051101074114250e+01
1.035766951202722730e+01
1.029411120069626584e+01
1.022983435745686442e+01
1.016492521108236780e+01
1.009929409421664381e+01
1.003311518369778632e+01
9.966210864104910527e+00
9.898843260340868255e+00
9.830922705049507826e+00
9.762447478939437318e+00
9.693415862719266585e+00
9.623914085162351029e+00
9.553940426977291622e+00
9.483581116937440214e+00
9.412746487686657559e+00
9.341434819933549960e+00
9.269908238580965687e+00
9.197901180143265520e+00
9.125675769523299508e+00
9.053142339364928404e+00
8.980299170376751405e+00
8.907320439396876566e+00
8.834116479069155758e+00
8.760685570102198838e+00
8.687201889334106752e+00
8.613575769408733152e+00
8.539893439099436989e+00
8.466065231050073692e+00
8.392265322098742431e+00
8.318404044889303961e+00
8.244567628195111908e+00
8.170842300789518120e+00
8.097138395316379800e+00
8.023454192484305025e+00
7.949963869131392968e+00
7.876665705966249043e+00
7.803470035632733115e+00
7.730463086904197034e+00
7.657729881002003580e+00
7.585262660874805718e+00
7.513052461919262903e+00
7.441090319532035480e+00
7.369543165239280214e+00
7.298226138308165467e+00
7.227306170264841789e+00
7.156774296505973965e+00
7.086621552428222337e+00
7.016926921492994573e+00
6.947593491032204582e+00
6.878700244507260031e+00
6.810238217314823927e+00
6.742286392916301274e+00
6.674835806708356856e+00
6.607965442152396562e+00
6.541578386580333415e+00
6.475753623453575969e+00
6.410570136233535443e+00
6.345931012252122194e+00
6.282003183035493876e+00
6.218636967076712985e+00
6.155972911482515464e+00
6.093984462036607930e+00
6.032680243748603566e+00
5.972086471241061290e+00
5.912211769523592508e+00
5.853073558412281052e+00
5.794680462916737440e+00
5.737058697659522366e+00
5.680225682456721437e+00
5.624181247511470083e+00
5.568960402252802311e+00
5.514571771690328639e+00
5.461032775640133785e+00
5.408343244305354069e+00
5.356511802695600011e+00
5.305564665433430527e+00
5.255501662721983713e+00
5.206340214377341624e+00
5.158080150602642355e+00
5.110738891213968849e+00
5.064333856027408487e+00
5.018873670052569125e+00
4.974366958299064834e+00
4.930822345776501692e+00
4.888248457494493771e+00
4.846671508075599100e+00
4.806082532916480687e+00
4.766498951833218811e+00
4.727912038936581851e+00
4.690331612806686756e+00
4.653776525544232712e+00
4.618239244830491863e+00
4.583729827959687420e+00
4.550249537419569279e+00
4.517817225310829521e+00
4.486425359314746508e+00
4.456075201919065698e+00
4.426785605224483611e+00
4.398549036912275056e+00
4.371375554276663244e+00
4.345257624998918544e+00
4.320214101179740140e+00
4.296228655693925980e+00
4.273311345835698383e+00
4.251463434092805471e+00
4.230677388146522055e+00
4.210954470484593593e+00
4.192304738401243291e+00
4.174711864771269987e+00
4.158177112082421800e+00
4.142692948015969989e+00
4.128269429866139539e+00
4.114899025314200820e+00
4.102565407234955330e+00
4.091278632922623615e+00
4.081022375252007173e+00
4.071806691517322996e+00
4.063606459786899272e+00
4.056431737354955658e+00
4.050274991902767852e+00
4.045119896305132023e+00
4.040976507856273159e+00
4.037810909818039029e+00
4.035633159484651955e+00
4.034426929730908995e+00
4.034175893431610760e+00
4.034881313074503595e+00
4.036526861534386335e+00
4.039105006492533789e+00
4.042599420823742129e+00
4.046993777402810188e+00
4.052280543911010113e+00
4.058452188029617602e+00
4.065483587826953737e+00
4.073367210984293330e+00
4.082095525182909412e+00
4.091634613684648869e+00
4.101985738977261597e+00
4.113133809895635373e+00
4.125051089502067114e+00
4.137746256044839477e+00
4.151210398159292936e+00
4.165425809674284885e+00
4.180374784418680711e+00
4.196066000640761295e+00
4.212472957362915160e+00
4.229586743220478340e+00
4.247398446848786868e+00
4.265899156883175891e+00
4.285071167152507243e+00
4.304905566292117847e+00
4.325384648130866871e+00
4.346490706497616152e+00
4.368214830027702611e+00
4.390548107356461394e+00
4.413464037506279247e+00
4.436953709112491318e+00
4.460999416003960327e+00
4.485592246816021422e+00
4.510705700571060461e+00
4.536339660710890342e+00
4.562458831451418284e+00
4.589054301427984761e+00
4.616117159275924919e+00
4.643620904017622841e+00
4.671547829481943026e+00
4.699880229497742867e+00
4.728600397893886864e+00
4.757690628499234187e+00
4.787142009949122645e+00
4.816919246459462123e+00
4.847022221472063741e+00
4.877415639202840936e+00
4.908081793480651100e+00
4.939011772940834710e+00
4.970187871412250047e+00
5.001574793110809658e+00
5.033172421478324665e+00
5.064945460730705840e+00
5.096884999503290992e+00
5.128955742011988228e+00
5.161157571698611335e+00
5.193455192779071083e+00
5.225822104275755109e+00
5.258258189630471868e+00
5.290728153059134797e+00
5.323214288390603954e+00
5.355698889453741174e+00
5.388156485067542967e+00
5.420574518043912882e+00
5.452932666184895361e+00
5.485219402099005492e+00
5.517431993201233453e+00
5.549532527680671734e+00
5.581527067758784710e+00
5.613395291237612383e+00
5.645125670725673395e+00
5.676689089218531770e+00
5.708082814131180349e+00
5.739295318072131558e+00
5.770306278843429837e+00
5.801095374247115188e+00
5.831651076891703589e+00
5.861961859385711016e+00
5.892007399531177469e+00
5.921784964743094015e+00
5.951265438017028231e+00
5.980454881574444492e+00
6.009324178410909489e+00
6.037879390747887598e+00
6.066091401580946396e+00
6.093957478325076949e+00
6.121457298782319256e+00
6.148579335561188408e+00
6.175320856076677245e+00
6.201652743324350681e+00
6.227572264719198891e+00
6.253059098063263654e+00
6.278101715965061835e+00
6.302688591033108523e+00
6.326816990682393893e+00
6.350466592714960612e+00
6.373625869739321104e+00
6.396292089170469097e+00
6.418444928810446370e+00
6.440081656074238659e+00
6.461181948763893068e+00
6.481751869100871311e+00
6.501753505274265876e+00
6.521201714312018005e+00
6.540067379209691723e+00
6.558347767382278093e+00
6.576031351438295758e+00
6.593106603986258918e+00
6.609570792441157749e+00
6.625412389411506453e+00
6.640628662312299646e+00
6.655208083752049752e+00
6.669147935662352644e+00
6.682436763234738564e+00
6.695071920983814096e+00
6.707041968617713401e+00
6.718344260651047506e+00
6.728976151598421218e+00
6.738917406361495388e+00
6.748165379454878376e+00
6.756717425393177656e+00
6.764570898691003364e+00
6.771723153862962086e+00
6.778171545423663069e+00
6.783895838274764500e+00
6.788919771350299115e+00
6.793223109551925987e+00
6.796803207394255253e+00
6.799666214198366809e+00
6.801809484478869905e+00
6.803230372750375565e+00
6.803935028333963686e+00
6.803912010937770205e+00
6.803167469882875906e+00
6.801707554490365126e+00
6.799520824468372915e+00
6.796604634331505856e+00
6.792973928207321599e+00
6.788608470997479216e+00
6.783523206829539909e+00
6.777715490218107597e+00
6.771182675677789753e+00
6.763930912529676043e+00
6.755966350094842809e+00
6.747286342887901078e+00
6.737914629842885361e+00
6.727839770667926267e+00
6.717085504297056531e+00
6.705640390438412979e+00
6.693528168026025682e+00
6.680728601961554602e+00
6.667274225985503122e+00
6.653144804999536532e+00
6.638355283131208040e+00
6.622920604508079734e+00
6.606829328838279558e+00
6.590087605442894514e+00
6.572719173255958225e+00
6.554730181598548810e+00
6.536117984985279961e+00
6.516897527543706659e+00
6.497074958594913241e+00
6.476664399816592699e+00
6.455659093474042542e+00
6.434069048995641360e+00
6.411904275809769516e+00
6.389148398925383887e+00
6.365820222577341703e+00
6.341920961387546463e+00
6.317451829977905220e+00
6.292422837776798339e+00
6.266843994212607960e+00
6.240716513907238472e+00
6.214067995902021302e+00
6.186908449625335038e+00
6.159230294892613422e+00
6.131061130745186105e+00
6.102393376998483276e+00
6.073254632693836363e+00
6.043637317646674667e+00
6.013560236091856304e+00
5.983033397457760749e+00
5.952049221559819081e+00
5.920626512632887639e+00
5.888784074911820987e+00
5.856514328212051979e+00
5.823853666381382688e+00
5.790803304041721056e+00
5.757364455814973248e+00
5.723573515548942225e+00
5.689422903059062619e+00
5.654931422580187217e+00
5.620100288734222183e+00
5.584957100562498944e+00
5.549503072686924554e+00
5.513748214535875825e+00
5.477702535537737560e+00
5.441384839927361661e+00
5.404813931939608018e+00
5.367982231389903269e+00
5.330934926932529905e+00
5.293664438382919002e+00
5.256198364782400212e+00
5.218546715559354787e+00
5.180737089755111491e+00
5.142770701991577376e+00
5.104657561697133694e+00
5.066425267913110098e+00
5.028075035261412751e+00
4.989625667976897105e+00
4.951087175487943526e+00
4.912478362029408352e+00
4.873799605131172719e+00
4.835083113180931313e+00
4.796316283441977468e+00
4.757521692403503089e+00
4.718713121748230321e+00
4.679886763545925810e+00
4.641065194285786788e+00
4.602253400844055875e+00
4.563456370096975689e+00
4.524696678533742578e+00
4.485970518224124071e+00
4.447300465657317403e+00
4.408682712903088330e+00
4.370148631257106508e+00
4.331685617982668823e+00
4.293316249568966292e+00
4.255054307698718397e+00
4.216895984441697998e+00
4.178855061480621025e+00
4.140945320498206073e+00
4.103171748370700200e+00
4.065556921587296202e+00
4.028097032217762496e+00
3.990814656751292766e+00
3.953714782064133182e+00
3.916819984645476538e+00
3.880126456565092585e+00
3.843665569118650538e+00
3.807424719569442395e+00
3.771435279213140479e+00
3.735684645313039010e+00
3.700195394358328560e+00
3.664963718418782435e+00
3.630012193983592095e+00
3.595345807929004600e+00
3.560960752324786149e+00
3.526888398466608621e+00
3.493116143617764457e+00
3.459666564267447786e+00
3.426553442098378532e+00
3.393772969180325561e+00
3.361338927196007464e+00
3.329265097828145503e+00
3.297547673146508096e+00
3.266209229640288481e+00
3.235237164572781765e+00
3.204654054433181187e+00
3.174456091291259163e+00
3.144657056829731179e+00
3.115270732731318493e+00
3.086293193551027603e+00
3.057728838591297738e+00
3.029599539252752383e+00
3.001900782516594646e+00
2.974636850170497837e+00
2.947829613615089439e+00
2.921465765025094363e+00
2.895567175801137871e+00
2.870120538117947540e+00
2.845138928569672210e+00
2.820617834137514102e+00
2.796579126222098033e+00
2.773009496998150247e+00
2.749913228253347164e+00
2.727303396581839401e+00
2.705184283771300713e+00
2.683542581996460008e+00
2.662400162657940772e+00
2.641752512736945224e+00
2.621603914021148007e+00
2.601958648298225096e+00
2.582812202549379155e+00
2.564168858562283937e+00
2.546041692931091838e+00
2.528408603024052237e+00
2.511291460241792173e+00
2.494685751565511644e+00
2.478586963976411983e+00
2.462999379262170052e+00
2.447927279210460050e+00
2.433357355996009108e+00
2.419302686212967402e+00
2.405758756842535817e+00
2.392729849672390774e+00
2.380202656877258516e+00
2.368181460244814129e+00
2.356670541562734478e+00
2.345665387812219560e+00
2.335170280780945351e+00
2.325171912643637651e+00
2.315674565187974210e+00
2.306682520201629227e+00
2.298182469859328947e+00
2.290178695948749343e+00
2.282666685451092636e+00
2.275633130541082849e+00
2.269091107812872821e+00
2.263027309441187462e+00
2.257437222407228106e+00
2.252316333692196082e+00
2.247660478193817202e+00
2.243466882475922741e+00
2.239733121018868012e+00
2.236456768303008769e+00
2.233644193615175411e+00
2.231275381822773962e+00
2.229356702212636154e+00
2.227876934458642211e+00
2.226833653041147443e+00
2.226233227246982249e+00
2.226055641943554431e+00
2.226298471611218410e+00
2.226968085536805031e+00
2.228044468587721205e+00
2.229533990050796888e+00
2.231425429599912746e+00
2.233716361715424981e+00
2.236395566071214702e+00
2.239469411954112310e+00
2.242909089425049629e+00
2.246729762577331702e+00
2.250911416278364552e+00
2.255451625008504823e+00
2.260339168441631852e+00
2.265580415864578701e+00
2.271146557338274086e+00
2.277043962149551071e+00
2.283261409972288991e+00
2.289796475286844046e+00
2.296629142960622705e+00
2.303756987473980722e+00
2.311177583307274297e+00
2.318870915327908566e+00
2.326834558016240617e+00
2.335066085852624873e+00
2.343545483704469135e+00
2.352261531245653181e+00
2.361220597763008744e+00
2.370393873317466316e+00
2.379787727195856295e+00
2.389382144265585595e+00
2.399174699007009970e+00
2.409145376287535889e+00
2.419291750587518663e+00
2.429611396387314048e+00
2.440075503747853425e+00
2.450690441955968968e+00
2.461436195879064481e+00
2.472301545191022409e+00
2.483284064372198507e+00
2.494364962018991161e+00
2.505539136450253057e+00
2.516811504520299447e+00
2.528178188276974048e+00
2.539626514961645043e+00
2.551152606622155705e+00
2.562761380112823506e+00
2.574440162675017518e+00
2.586193871163054769e+00
2.598009832818303888e+00
2.609892964495083234e+00
2.621830593434760104e+00
2.633818841685177770e+00
2.645862626100655035e+00
2.657949273922559641e+00
2.670074907198733527e+00
2.682235647977021298e+00
2.694436413111740869e+00
2.706655735037784449e+00
2.718907325415945930e+00
2.731169716681117965e+00
2.743447825687618469e+00
2.755737774483291158e+00
2.768026890309503774e+00
2.780320090020574675e+00
2.792613495664346690e+00
2.804894434482188004e+00
2.817159028521941000e+00
2.829412194637925371e+00
2.841641260071507080e+00
2.853851141677005820e+00
2.866029166695789332e+00
2.878180251982174642e+00
2.890291724777531268e+00
2.902359707129702482e+00
2.914389115893004423e+00
2.926358483502332408e+00
2.938281521618477665e+00
2.950145557482809711e+00
2.961937918336695397e+00
2.973672315840928615e+00
2.985336077236877550e+00
2.996925324572384142e+00
3.008444974701767638e+00
3.019873560059921136e+00
3.031224792307636307e+00
3.042485998686283111e+00
3.053662096050178132e+00
3.064731616834214911e+00
3.075708272699186896e+00
