# te
4.388408161116609918e+00
6.191306169539790183e+00
7.017066995222790204e+00
7.121096208854410747e+00
6.769810703986948397e+00
6.156266204177434531e+00
5.413237468414435760e+00
4.624953915703334140e+00
3.848982436728559886e+00
3.125454019805506967e+00
2.493814907814170034e+00
1.966047794730161336e+00
1.567293671136247291e+00
1.302227261626583532e+00
1.167105183592415774e+00
1.139420650237167543e+00
1.194029239195780523e+00
1.307061098081300221e+00
1.445108216553705915e+00
1.590883380177106288e+00
1.725933603594678178e+00
1.838875173967267962e+00
1.921400780831415522e+00
1.965162566823919210e+00
1.977426016237120887e+00
1.965252351526806551e+00
1.929864582810208118e+00
1.883953490971492339e+00
1.825843935170932353e+00
1.772525589394774892e+00
1.722634853992821125e+00
1.682639221496251780e+00
1.660620636993310972e+00
1.643191630824331062e+00
1.637886763793146017e+00
1.634349995917324438e+00
1.631610660379079647e+00
1.625398466167099487e+00
1.609408930331413634e+00
1.578357678451263402e+00
1.530961616964465977e+00
1.466465251675464820e+00
1.382213410190157976e+00
1.275190333048979552e+00
1.143862420012329295e+00
9.904260061017918781e-01
8.179879231380594584e-01
6.297429510065722935e-01
4.290503324738479951e-01
2.192323038832084403e-01
3.223857149077157848e-03
-2.163853681523231764e-01
-4.380229397616389186e-01
-6.605540549896998792e-01
-8.844784479626743856e-01
-1.113797329288483962e+00
-1.352583081591438141e+00
-1.604567728485272404e+00
-1.872990784421137533e+00
-2.160275904043151840e+00
-2.466005453478097298e+00
-2.789069066336367531e+00
-3.128347581421884627e+00
-3.482792195990366935e+00
-3.851605567742125036e+00
-4.234002383024191296e+00
-4.629193739240422545e+00
-5.036425913020573297e+00
-5.455173845962745460e+00
-5.885047237366340944e+00
-6.325992536787063081e+00
-6.777783133255304016e+00
-7.238925963669091246e+00
-7.707532198635091980e+00
-8.182106403047834320e+00
-8.662093492887137813e+00
-9.148624614972472813e+00
-9.643182708382299850e+00
-1.014742660832458121e+01
-1.066252844412801970e+01
-1.118859300225179254e+01
-1.172567810359955942e+01
-1.227348977681599962e+01
-1.283217379086952015e+01
-1.340117630220711398e+01
-1.397916782267934011e+01
-1.456455899193906056e+01
-1.515584839770390424e+01
-1.575171052382097692e+01
-1.635075642337502799e+01
-1.695275059543723728e+01
-1.755730616025166313e+01
-1.816438803032135141e+01
-1.877360932589037290e+01
-1.938467111526752262e+01
-1.999727446676161691e+01
-2.061112044868146143e+01
-2.122582218127110920e+01
-2.184099278477462747e+01
-2.245624537943606569e+01
-2.307145692969374196e+01
-2.368588876353270933e+01
-2.429932989732653681e+01
-2.491130550325452475e+01
-2.552125280543124930e+01
-2.612887287216550547e+01
-2.673369087563661495e+01
-2.733514403995913966e+01
-2.793293343344188528e+01
-2.852665018981452150e+01
-2.911553365255493731e+01
-2.969924091895038387e+01
-3.027707729402909465e+01
-3.084852397894882259e+01
-3.141306217486730645e+01
-3.197008513487753945e+01
-3.251898611207252543e+01
-3.305933425567474160e+01
-3.359052281877720247e+01
-3.411194505447289060e+01
-3.462317011198430805e+01
-3.512359124440443736e+01
-3.561260170482627530e+01
-3.608977064247233102e+01
-3.655457925850033973e+01
-3.700642080600329109e+01
-3.744486443420367294e+01
-3.786939134425923470e+01
-3.827939478926297312e+01
-3.867444681150885799e+01
-3.905404307751190629e+01
-3.941777009492344064e+01
-3.976503847526522151e+01
-4.009561062231799866e+01
-4.040880919953883676e+01
-4.070422071457898028e+01
-4.098151962315446184e+01
-4.124029243291656144e+01
-4.148012565151652353e+01
-4.170069373467040919e+01
-4.190149524196471731e+01
-4.208229257718021898e+01
-4.224267224796819420e+01
-4.238213281391516318e+01
-4.250052462686664967e+01
-4.259725829834442834e+01
-4.267209623212926317e+01
-4.272462493587241994e+01
-4.275443091722517863e+01
-4.276126698682768534e+01
-4.274484758275754359e+01
-4.270487754995175322e+01
-4.264123762947679097e+01
-4.255354471820487561e+01
-4.244167955720251229e+01
-4.230534699140666532e+01
-4.214433981381908012e+01
-4.195845081744148786e+01
-4.174756074334035816e+01
-4.151137443645269087e+01
-4.124986058590970117e+01
-4.096263608858364336e+01
-4.064975758167048525e+01
-4.031092991010719828e+01
-3.994612176302501894e+01
-3.955521388149043105e+01
-3.913835085076415510e+01
-3.869541341191267492e+01
-3.822637025406721989e+01
-3.773119006635900519e+01
-3.720992948598401995e+01
-3.666255720207347935e+01
-3.608912985182336541e+01
-3.548987996855914417e+01
-3.486476048336746913e+01
-3.421374924322136479e+01
-3.353689628511406795e+01
-3.283416369797402723e+01
-3.210568946685921077e+01
-3.135161157682756539e+01
-3.057198006487231012e+01
-2.976693291605140246e+01
-2.893669606348754186e+01
-2.808114364804444207e+01
-2.720067749897431497e+01
-2.629534765327037249e+01
-2.536546799212005965e+01
-2.441117650058132682e+01
-2.343278705984164034e+01
-2.243061355108845589e+01
-2.140470601131496764e+01
-2.035537832170864192e+01
-1.928312025958642906e+01
-1.818815775807102497e+01
-1.707098059447937999e+01
-1.593190264999894978e+01
-1.477132575388193381e+01
-1.358956378731578774e+01
-1.238719447568220744e+01
-1.116442726429915311e+01
-9.921845387589391052e+00
-8.659575851847199246e+00
-7.378097455625853840e+00
-6.077801049413880996e+00
-4.758989535635052448e+00
-3.421974611519626563e+00
-2.067331818492094797e+00
-6.955575447186828075e-01
6.928254372149651452e-01
2.097304908490971620e+00
3.517352819639806061e+00
4.952451674959704953e+00
6.402076942903729417e+00
7.865670671660330626e+00
9.342666114611489547e+00
1.083247014071976544e+01
1.233462154104483055e+01
1.384844803129096569e+01
1.537347081290490358e+01
1.690894724313912789e+01
1.845448647150510979e+01
2.000925790719058739e+01
2.157278275164229342e+01
2.314423041404796422e+01
2.472312209585431475e+01
2.630871515431384111e+01
2.790035489474378139e+01
2.949738662246135590e+01
3.109915564278379918e+01
3.270491931296359667e+01
3.431402293831797579e+01
3.592572387609943974e+01
3.753927948356045619e+01
3.915412301408300522e+01
4.076942387685483737e+01
4.238443942912842033e+01
4.399851497622100283e+01
4.561090787538505253e+01
4.722069958774356024e+01
4.882741131474327290e+01
5.043012451750717418e+01
5.202809655328773175e+01
5.362076067546693281e+01
5.520728629323254211e+01
5.678701871190173733e+01
5.835921528872706432e+01
5.992304543289620966e+01
6.147794239779117476e+01
6.302307559259971015e+01
6.455752973045562726e+01
6.608066637673050536e+01
6.759167445267721064e+01
6.908965493148387793e+01
7.057397263053293557e+01
7.204381647107724973e+01
7.349863921856396587e+01
7.493736595005172774e+01
7.636068070389417528e+01
7.776610138811396666e+01
7.915466383332368139e+01
8.052476542819351835e+01
8.187656252268860158e+01
8.320845250547905891e+01
8.452147120717752671e+01
8.581313653580669154e+01
8.708272536068413672e+01
8.833127351242252701e+01
8.955629889904454899e+01
9.075883735116276796e+01
9.193640677679985629e+01
9.309004300656845032e+01
9.421814342913870632e+01
9.532174387512320379e+01
9.639836225254467195e+01
9.744903439201566187e+01
9.847215768220635823e+01
9.946700899243438698e+01
1.004346241533123845e+02
1.013734005535104643e+02
1.022834945429937790e+02
1.031641829910799686e+02
1.040147427670866591e+02
1.048344507403315049e+02
1.056234632607796300e+02
1.063819366783961442e+02
1.071091478624987161e+02
1.078034942017574451e+02
1.084668910074324515e+02
1.090968561875464502e+02
1.096944255727119781e+02
1.102588760322466896e+02
1.107903639161157372e+02
1.112872866129892628e+02
1.117506799534798461e+02
1.121798208069051697e+02
1.125731065619353757e+02
1.129315730491830436e+02
1.132553766186133259e+02
1.135437941395438344e+02
1.137969541089940719e+02
1.140148736122010433e+02
1.141975418814560754e+02
1.143449481490505377e+02
1.144562021666283300e+02
1.145312931664808076e+02
1.145702103808993684e+02
1.145729430421753108e+02
1.145394803825999901e+02
1.144698116344648184e+02
1.143621670687662117e+02
1.142182948790904362e+02
1.140373048170814059e+02
1.138191861150304476e+02
1.135639280052289593e+02
1.132715197199683104e+02
1.129428299721872833e+02
1.125769685135298204e+02
1.121739245762872343e+02
1.117345668733984354e+02
1.112588846371546936e+02
1.107459876191999371e+02
1.101967445324730193e+02
1.096120240899127509e+02
1.089909360431630034e+02
1.083343491051626586e+02
1.076413730275555451e+02
1.069128765232805591e+02
1.061506077859239809e+02
1.053527970864822265e+02
1.045203131378941208e+02
1.036531451724510191e+02
1.027530413837392445e+02
1.018191115234026825e+02
1.008522243043802007e+02
9.985236895896309761e+01
9.882129368073771047e+01
9.775810822134795330e+01
9.666456077438007810e+01
9.554064057212551120e+01
9.438633684687556524e+01
9.320163883092162393e+01
9.198829471784999612e+01
9.074541425930455318e+01
8.947386616822414851e+01
8.817363967690013737e+01
8.684560349827135894e+01
8.548974686462914008e+01
8.410869745020730193e+01
8.270156500664973009e+01
8.127007187206542937e+01
7.981495748200660501e+01
7.833605593590070271e+01
7.683583977511764829e+01
7.531326361843738937e+01
7.376904104593484135e+01
7.220388563768493384e+01
7.061851097376262487e+01
6.901275115359530332e+01
6.738819923790542532e+01
6.574345805321395630e+01
6.408056040056702329e+01
6.240004396391007191e+01
6.070253437525327200e+01
5.898883316273630584e+01
5.725974185449883436e+01
5.551588608255104162e+01
5.375815532309734124e+01
5.198726315621267702e+01
5.020383521390720460e+01
4.840876097238535891e+01
4.660266606365729558e+01
4.478635201586273240e+01
4.296062035714130189e+01
4.112600877143844258e+01
3.928340673495858937e+01
3.743343987971190501e+01
3.557682178577331200e+01
3.371435398128250682e+01
3.184675004631438355e+01
2.997463561287914402e+01
2.809881220911644917e+01
2.622008136316596705e+01
2.433933255123214323e+01
2.245727935338987180e+01
2.057489919390834388e+01
1.869290565286247485e+01
1.681218820645668544e+01
1.493354838283064367e+01
1.305778771012403539e+01
1.118570771647651796e+01
9.318109930027777210e+00
7.455707930852728538e+00
5.599215299026305992e+00
3.749521510752923170e+00
1.907331351301033706e+00
7.342875919736319146e-02
-1.751463890676693058e+00
-3.566580249407360625e+00
-5.371176834577697790e+00
-7.164514879013766269e+00
-8.945832261442559386e+00
-1.071439796025349445e+01
-1.246942466707455210e+01
-1.421017784237255910e+01
-1.593600209987261707e+01
-1.764600459352501005e+01
-1.933946837340950609e+01
-2.101567648960589452e+01
-2.267382404412920494e+01
-2.431345793125344912e+01
-2.593377325299366021e+01
-2.753431690362385709e+01
-2.911437193322382200e+01
-3.067339728800282828e+01
-3.221085191417013505e+01
-3.372593091374078966e+01
-3.521818118098879324e+01
-3.668688576599394935e+01
-3.813150361496549579e+01
-3.955140572604799587e+01
-4.094587514932119632e+01
-4.231437083099438468e+01
-4.365635171727682717e+01
-4.497127675437779715e+01
-4.625895668076557143e+01
-4.751893839071414050e+01
-4.875085672656229008e+01
-4.995443447871355147e+01
-5.112913059337714827e+01
-5.227475580902139285e+01
-5.339094496798503542e+01
-5.447715701647733511e+01
-5.553320269296656164e+01
-5.655854094366200968e+01
-5.755289455896716788e+01
-5.851589838122079357e+01
-5.944718725276169380e+01
-6.034639601592859748e+01
-6.121342335725454120e+01
-6.204799206714302073e+01
-6.284991288406232002e+01
-6.361882065035117506e+01
-6.435461405254261535e+01
-6.505710382910491774e+01
-6.572610071850630220e+01
-6.636176725147406330e+01
-6.696400211454118789e+01
-6.753279194230543681e+01
-6.806821131742933062e+01
-6.857021845828604967e+01
-6.903856997028573517e+01
-6.947308199067877865e+01
-6.987348270865079769e+01
-7.023958826145211276e+01
-7.057112683826834143e+01
-7.086791457634981839e+01
-7.112959171681745829e+01
-7.135623824111578983e+01
-7.154793413068945540e+01
-7.170379193827081110e+01
-7.182644213918212017e+01
-7.191411780550831168e+01
-7.196769045127668107e+01
-7.198715210986709678e+01
-7.197337429530685426e+01
-7.192546956032835226e+01
-7.184430941895890044e+01
-7.172988590457836722e+01
-7.158219105056657838e+01
-7.140033740965591846e+01
-7.118607597652118102e+01
-7.093763982324726669e+01
-7.065765942515645293e+01
-7.034436785433362616e+01
-6.999863662480612447e+01
-6.962133725060125755e+01
-6.921246176509890802e+01
-6.877323347458533931e+01
-6.830294082792244126e+01
-6.780245533913752354e+01
-6.727212083386947938e+01
-6.671236908582183389e+01
-6.612363186869819742e+01
-6.550625300813742058e+01
-6.486075222590778822e+01
-6.418747334764820778e+01
-6.348702404319168835e+01
-6.276001198237136691e+01
-6.200695688695554963e+01
-6.122855437484208352e+01
-6.042523621973453629e+01
-5.959778598759548629e+01
-5.874654750406378412e+01
-5.787239228316671813e+01
-5.697575209860793422e+01
-5.605732256828520121e+01
-5.511779931009640165e+01
-5.415778999387455883e+01
-5.317781434138804997e+01
-5.217862971764864710e+01
-5.116088868386492550e+01
-5.012504170416524829e+01
-4.907197898300159977e+01
-4.800223893256708863e+01
-4.691644791311950513e+01
-4.581523228491666089e+01
-4.469930635628110593e+01
-4.356929648747064476e+01
-4.242591698680782031e+01
-4.126970626648571994e+01
-4.010137863482687948e+01
-3.892164840015385607e+01
-3.773105397465970867e+01
-3.653030966666699442e+01
-3.532021773256300179e+01
-3.410131658454081105e+01
-3.287440847898771779e+01
-3.164020772422626848e+01
-3.039934068051427474e+01
-2.915260960423903569e+01
-2.790064085565835583e+01
-2.664414874309480652e+01
-2.538393552293565847e+01
-2.412062755543874815e+01
-2.285493914892661138e+01
-2.158758461172180887e+01
-2.031936620021163620e+01
-1.905082232658916652e+01
-1.778293114337118297e+01
-1.651631901081550069e+01
-1.525196408143890991e+01
-1.399040476743447314e+01
-1.273261922131898416e+01
-1.147923380335025456e+01
-1.023122666604507458e+01
-8.989136221596512044e+00
-7.753764726391859874e+00
-6.525914436818425202e+00
-5.306211713134013408e+00
-4.095370863661178085e+00
-2.894194144787221479e+00
-1.703334301189372901e+00
-5.234968463837139652e-01
6.446742697590024385e-01
1.800526302561540781e+00
2.943388917733722909e+00
4.072626960211267466e+00
5.187558662455578506e+00
6.287539195115249946e+00
7.371879640688516311e+00
8.439885348317774927e+00
9.490857155624201624e+00
1.052411348984191442e+01
1.153894639378561315e+01
1.253465670507646657e+01
1.351063320940039603e+01
1.446614156515267702e+01
1.540072006972929408e+01
1.631373112439674955e+01
1.720453713042153865e+01
1.807276433326439147e+01
1.891759923806231214e+01
1.973858014221129409e+01
2.053524534310733074e+01
2.130713313814639776e+01
2.205360592859501168e+01
2.277428995991389016e+01
2.346872352949903728e+01
2.413644493474643227e+01
2.477690452498732654e+01
2.538990444181195016e+01
2.597489503455154747e+01
2.653167844479635207e+01
2.705996886607184138e+01
2.755939254383876147e+01
2.802957572355785132e+01
2.847014465068983924e+01
2.888098941488971505e+01
2.926173626161821062e+01
2.961201143633607202e+01
2.993152913256876602e+01
3.022009149190654753e+01
3.047732475981014488e+01
3.070303107786978813e+01
3.089692463961096180e+01
3.105898348275340126e+01
3.118900974888732947e+01
3.128689352766773979e+01
3.135243696068485164e+01
3.138561808565840039e+01
3.138615109611387055e+01
3.135410197783573949e+01
3.128944876854372126e+01
3.119216950595756188e+01
3.106224222779696831e+01
3.089955702371694457e+01
3.070426782756670647e+01
3.047626472900122252e+01
3.021570166186971917e+01
2.992270471456590641e+01
2.959737654172614540e+01
2.923952810833704419e+01
2.884923422357944034e+01
2.842648174856944365e+01
2.797134549248789526e+01
2.748372436838615229e+01
2.696378113350979788e+01
2.641167854510443291e+01
2.582740346428616007e+01
2.521103070023580983e+01
2.456263506213424819e+01
2.388237930722705826e+01
2.317051414082459004e+01
2.242729026823717930e+01
2.165313429090466002e+01
2.084820896607262597e+01
2.001294089518091468e+01
1.914758078353987614e+01
1.825246728452458811e+01
1.732785110344539348e+01
1.637415884174213332e+01
1.539172915278989073e+01
1.438081274189901393e+01
1.334174826244459133e+01
1.227496231586645514e+01
1.118070560747494291e+01
1.005940473870990282e+01
8.911662207140654601e+00
7.737904614207041121e+00
6.538558561348896347e+00
5.314226546135552454e+00
4.065247221942098754e+00
2.792223086337868754e+00
1.495721457666290055e+00
1.762832698513721319e-01
-1.165497774344027571e+00
-2.529027972157051440e+00
-3.913740005244270126e+00
-5.319041929804118496e+00
-6.744334766189859387e+00
-8.188942140457768915e+00
-9.652180642818953160e+00
-1.113335103283285221e+01
-1.263177165967186610e+01
-1.414676087250839309e+01
-1.567754027764360281e+01
-1.722357773595996377e+01
-1.878391895762915453e+01
-2.035796144508184113e+01
-2.194486482643393188e+01
-2.354398055738398554e+01
-2.515477401157479420e+01
-2.677662261458439019e+01
-2.840890379199081295e+01
-3.005081907324260726e+01
-3.170192178004731076e+01
-3.336132549378871914e+01
-3.502849558810961383e+01
-3.670272154052328517e+01
-3.838329282854305546e+01
-4.006958687774690731e+01
-4.176080521758343878e+01
-4.345623732556590113e+01
-4.515526062727236223e+01
-4.685716460021610885e+01
-4.856115077384566092e+01
-5.026650862567434785e+01
-5.197261558128018066e+01
-5.367867317011170769e+01
-5.538397086968224414e+01
-5.708788610556979393e+01
-5.878953245915816694e+01
-6.048837530409016239e+01
-6.218352822174956174e+01
-6.387428068964966599e+01
-6.556001013336850747e+01
-6.723974218622514343e+01
-6.891276632573286065e+01
-7.057837202940494592e+01
-7.223558493056046359e+01
-7.388378245477741757e+01
-7.552207818343966039e+01
-7.714993749018992730e+01
-7.876664985254154772e+01
-8.037106500768403805e+01
-8.196352780990771691e+01
-8.354332773672580004e+01
-8.510887478500417558e+01
-8.665945843225608769e+01
-8.819524763664233546e+01
-8.971553187567614884e+01
-9.121960062687089987e+01
-9.270586388709237724e+01
-9.417449061450130898e+01
-9.562389080596358326e+01
-9.705423341963989969e+01
-9.846392845239610381e+01
-9.985314486239298049e+01
-1.012211721271437739e+02
-1.025672985318454380e+02
-1.038908075924293541e+02
-1.051918611131579837e+02
-1.064679824563513932e+02
-1.077202129069195422e+02
-1.089469553078299811e+02
-1.101483714633451712e+02
-1.113246231777275881e+02
-1.124732338132972984e+02
-1.135952446549642474e+02
-1.146899380263434836e+02
-1.157557167704025147e+02
-1.167927426914037738e+02
-1.178002981129623663e+02
-1.187785448393406966e+02
-1.197267651941537849e+02
-1.206433620203691959e+02
-1.215284971222493766e+02
-1.223814528234093473e+02
-1.232032704087590957e+02
-1.239923527212661156e+02
-1.247488615651929109e+02
-1.254729587448019430e+02
-1.261639265837082036e+02
-1.268210474055267412e+02
-1.274453624951675152e+02
-1.280352746955979910e+02
-1.285918252917282132e+02
-1.291125376458782057e+02
-1.295993325236053977e+02
-1.300514922485247666e+02
-1.304674196636038346e+02
-1.308481560537526605e+02
-1.311921042619387094e+02
-1.315011850537193823e+02
-1.317738012720622862e+02
-1.320101147212297974e+02
-1.322102872054845193e+02
-1.323736010484414010e+02
-1.324993385737154483e+02
-1.325894205468640621e+02
-1.326431292915023050e+02
-1.326597471312451830e+02
-1.326394358703551006e+02
-1.325823573130946329e+02
-1.324895527443737251e+02
-1.323594250071598424e+02
-1.321930153863630153e+02
-1.319904856862457052e+02
-1.317519977110703451e+02
-1.314768066014940473e+02
-1.311649382469896636e+02
-1.308181503153668643e+02
-1.304346825518456114e+02
-1.300154131435882903e+02
-1.295603407971096601e+02
-1.290694642189247077e+02
-1.285445410768430179e+02
-1.279838111160847518e+02
-1.273881525238120531e+02
-1.267575640065398517e+02
-1.260920442707829636e+02
-1.253924715037037458e+02
-1.246570854505220751e+02
-1.238876437790478064e+02
-1.230832657151482721e+02
-1.222439499653383308e+02
-1.213696952361328414e+02
-1.204622591953416162e+02
-1.195216405494794856e+02
-1.185478380050613509e+02
-1.175408502686019716e+02
-1.165024350079112594e+02
-1.154325909295040020e+02
-1.143313167398950583e+02
-1.132003701068942974e+02
-1.120388702563690089e+02
-1.108485748561289768e+02
-1.096286031320417180e+02
-1.083815922325643868e+02
-1.071066613835643864e+02
-1.058046887722040736e+02
-1.044747936243508093e+02
-1.031187336078144057e+02
-1.017356279484622377e+02
-1.003254753528091641e+02
-9.889003348866492615e+01
-9.742754210124951442e+01
-9.594063833902019667e+01
-9.442844142784429096e+01
-9.289446799682659162e+01
-9.133783727183450196e+01
-8.976030692067777750e+01
-8.816275513051876089e+01
-8.654693956916725028e+01
-8.491197946249063477e+01
-8.325963247829872671e+01
-8.158989732310635645e+01
-7.990365218407585246e+01
-7.820001628707458963e+01
-7.648160000696924499e+01
-7.474738870167394111e+01
-7.299809991680714916e+01
-7.123533067863476731e+01
-6.945803957148035579e+01
-6.766870310225731089e+01
-6.586540037464166630e+01
-6.405148737619430221e+01
-6.222592269123875042e+01
-6.038942386539343232e+01
-5.854376382105382959e+01
-5.668957215577362518e+01
-5.482783025936552690e+01
-5.295943157357749698e+01
-5.108526954015747634e+01
-4.920623760085344145e+01
-4.732278945708959128e+01
-4.543502701803117816e+01
-4.354331603703765552e+01
-4.164802226746849811e+01
-3.974942351461843515e+01
-3.784770963571743607e+01
-3.594333433218972829e+01
-3.403736694191276513e+01
-3.213105269889348392e+01
-3.022563683713882554e+01
-2.832236459065574508e+01
-2.642230529732169231e+01
-2.452679213920835721e+01
-2.263689445419320379e+01
-2.075289004757094347e+01
-1.887523262076579655e+01
-1.700402408294298695e+01
-1.513954223939725274e+01
-1.328215284348806158e+01
-1.143195780438063203e+01
-9.589498771563945922e+00
-7.755493290656447769e+00
-5.931098647600343554e+00
-4.117208284143597297e+00
-2.314979486228400329e+00
-5.253056956027025715e-01
1.250743749856033871e+00
3.012187460335108646e+00
4.758571734410304899e+00
6.489205410882584957e+00
8.203696351973048806e+00
9.901485318579791084e+00
1.158207287628491144e+01
1.324494024209628762e+01
1.488959488189026636e+01
1.651559297025570672e+01
1.812249934103698834e+01
1.970987882807851221e+01
2.127729626522465622e+01
2.282436046035218524e+01
2.435062745249901894e+01
2.585556533263831724e+01
2.733837834754900342e+01
2.879827074401000786e+01
3.023435882073550118e+01
3.164575887643966823e+01
3.303167515790142517e+01
3.439113601577020063e+01
3.572352159295441965e+01
3.702856382462149298e+01
3.830643438626254493e+01
3.955686521304500758e+01
4.078002798046003363e+01
4.197574257173975809e+01
4.314409271431058102e+01
4.428498623946942558e+01
4.539789123818943750e+01
4.648245169757328199e+01
4.753804776052938763e+01
4.856432341416041965e+01
4.956057085331002554e+01
5.052652201314563030e+01
5.146155703657566249e+01
5.236531991070277314e+01
5.323736667456486060e+01
5.407734131526461141e+01
5.488471192377518548e+01
5.565921043526398648e+01
5.640030494070418143e+01
5.710772737526317400e+01
5.778147351830262579e+01
5.842162709724893688e+01
5.902844773565798420e+01
5.960184326482669803e+01
6.014207330831094822e+01
6.064913364547239638e+01
6.112319595180219522e+01
6.156425600666196374e+01
6.197222164134865352e+01
6.234726453135338176e+01
6.268929250797305031e+01
6.299830135056932079e+01
6.327437478656857905e+01
6.351742064726774828e+01
6.372749900646143573e+01
6.390457532341707747e+01
6.404841550764083991e+01
6.415904931283310475e+01
6.423633059656482658e+01
6.428011321640687470e+01
6.429033897799492081e+01
6.426712558309411349e+01
6.421050278540489842e+01
6.412058828669235311e+01
6.399749978872169720e+01
6.384135499325802954e+01
6.365227160206652712e+01
6.343027936884759299e+01
6.317558394343113548e+01
6.288839097564703451e+01
6.256873021919569311e+01
6.221698322003653914e+01
6.183317973186994010e+01
6.141752540452579723e+01
6.097022588783404728e+01
6.049175067581878551e+01
5.998239336637469421e+01
5.944262345352588994e+01
5.887282248323180056e+01
5.827354789758127396e+01
5.764509329446896402e+01
5.698792816791905125e+01
5.630243406389087824e+01
5.558890458027912729e+01
5.484772126304319073e+01
5.407917771007768692e+01
5.328374341540678927e+01
5.246162402886037768e+01
5.161328904446259713e+01
5.073912000817285417e+01
4.983967436208003221e+01
4.891533365214351647e+01
4.796665532045220459e+01
4.699410886103022023e+01
4.599807581983699833e+01
4.497911363896140102e+01
4.393777976049229750e+01
4.287471957458336647e+01
4.179040257525872448e+01
4.068547415267200762e+01
3.956057969697685905e+01
3.841627665026218352e+01
3.725303450655209048e+01
3.607167455212973550e+01
3.487255203514951774e+01
3.365626880480490257e+01
3.242313656829014690e+01
3.117373087699372647e+01
2.990845138617462950e+01
2.862778569915659688e+01
2.733222141926335524e+01
2.602250999401289633e+01
2.469931492285844854e+01
2.336321175718849474e+01
2.201477604839151425e+01
2.065475924398549523e+01
1.928382484342366610e+01
1.790237250196501861e+01
1.651097777099802499e+01
1.511021620191118409e+01
1.370066334609297876e+01
1.228280680686714099e+01
1.085722213562215721e+01
9.424396935681762955e+00
7.984994706499191075e+00
6.539678947527667319e+00
5.088937262090943214e+00
3.633433149642240068e+00
2.173918057699537165e+00
7.107916415218273887e-01
-7.551067033081670932e-01
-2.223377321531451400e+00
-3.693321534468898104e+00
-5.164398969957921359e+00
-6.636034076610033416e+00
-8.107642508230277656e+00
-9.578639918623698790e+00
-1.104846922549540267e+01
-1.251660500785381558e+01
-1.398253591639771720e+01
-1.544576467351624949e+01
-1.690578608627272672e+01
-1.836209496173045608e+01
-1.981411574850096002e+01
-2.126146638093819874e+01
-2.270339541152418406e+01
-2.413932728887044732e+01
-2.556851056545899326e+01
-2.699045763796609876e+01
-2.840441705887377566e+01
-2.980981327679354109e+01
-3.120598279227215954e+01
-3.259208620972691506e+01
-3.396754797776930701e+01
-3.533162173584283750e+01
-3.668358147123685598e+01
-3.802270625820219863e+01
-3.934836311905443296e+01
-4.065991907610911937e+01
-4.195700499587608334e+01
-4.323942764099464142e+01
-4.450708172216883440e+01
-4.575959810590848775e+01
-4.699678355485291803e+01
-4.821835688357666783e+01
-4.942421280278380635e+01
-5.061398217898416618e+01
-5.178711998255802484e+01
-5.294334502807997467e+01
-5.408228818205984112e+01
-5.520358031100739993e+01
-5.630676433336775943e+01
-5.739147111565071668e+01
-5.845697973210707943e+01
-5.950265720505244360e+01
-6.052787055680238382e+01
-6.153181091354295518e+01
-6.251393324565450627e+01
-6.347342867932308508e+01
-6.440975218492903309e+01
-6.532315026543540171e+01
-6.621369352767571570e+01
-6.708162847461305489e+01
-6.792720160921042805e+01
-6.875074738249564632e+01
-6.955233640130228423e+01
-7.033221516859337896e+01
-7.108983865474922936e+01
-7.182457388208544558e+01
-7.253587582098229802e+01
-7.322311149375539685e+01
-7.388573587078504090e+01
-7.452320392245158587e+01
-7.513488267107054241e+01
-7.572084272347552769e+01
-7.628115468650005937e+01
-7.681562532278341848e+01
-7.732511677174197473e+01
-7.780890810762646481e+01
-7.826803736598270689e+01
-7.870178362106149450e+01
-7.911030542776117613e+01
-7.949288186033253112e+01
-7.985143043496880466e+01
-8.018521213010858162e+01
-8.049341554094101525e+01
-8.077609064749057666e+01
-8.103328742978168009e+01
-8.126593534848619527e+01
-8.147320490298106677e+01
-8.165426659264321074e+01
-8.181092935879203765e+01
-8.194148422015696553e+01
-8.204598115676245129e+01
-8.212622910992780589e+01
-8.217963961773507719e+01
-8.220890110215103164e+01
-8.221230458190520096e+01
-8.218990003702197100e+01
-8.214349640882068115e+01
-8.207138471603083474e+01
-8.197449441932430148e+01
-8.185287549872550983e+01
-8.170657793425883142e+01
-8.153565170594870892e+01
-8.134102627446704048e+01
-8.112187213919072803e+01
-8.087911876079172657e+01
-8.061281611929436508e+01
-8.032213471407564498e+01
-8.000888348645489145e+01
-7.967311241645654718e+01
-7.931399200345752831e+01
-7.893333118877720267e+01
-7.852942099114504515e+01
-7.810407035188038094e+01
-7.765732925100768114e+01
-7.718924766855134578e+01
-7.670075506518320196e+01
-7.619014245963279564e+01
-7.566009827386689324e+01
-7.510979300726251040e+01
-7.453927663984397611e+01
-7.394947863228323115e+01
-7.334132844525217365e+01
-7.271399657812769135e+01
-7.206929197222918049e+01
-7.140638512693359985e+01
-7.072708498356024620e+01
-7.003056204148610675e+01
-6.931774576138307964e+01
-6.858956560392302038e+01
-6.784607154913035743e+01
-6.708819305767697472e+01
-6.631507733983379183e+01
-6.552841689139007997e+01
-6.472724247708663370e+01
-6.391304740747720103e+01
-6.308591782407955151e+01
-6.224611576454099549e+01
-6.139407916263828469e+01
-6.053024595214817793e+01
-5.965496611878271693e+01
-5.876867759631868182e+01
-5.787181831853284564e+01
-5.696465032307245480e+01
-5.604787538790856161e+01
-5.512166760262367404e+01
-5.418655284905931779e+01
-5.324305700905703276e+01
-5.229144212026407246e+01
-5.133214611645721703e+01
-5.036578282754270930e+01
-4.939252634310314249e+01
-4.841299049304471680e+01
-4.742752526307949523e+01
-4.643656858698423662e+01
-4.544055839853571399e+01
-4.443993263151072881e+01
-4.343530511581548836e+01
-4.242711378522682963e+01
-4.141597246965098122e+01
-4.040223115479997062e+01
-3.938650367058009749e+01
-3.836931589883282356e+01
-3.735101782527023317e+01
-3.633213533173382359e+01
-3.531310635200036074e+01
-3.429436881984662477e+01
-3.327627272098463607e+01
-3.225943188532065875e+01
-3.124419629856672742e+01
-3.023100389449962222e+01
-2.922038055496084041e+01
-2.821285216179192190e+01
-2.720885664876962551e+01
-2.620883194967073493e+01
-2.521330394633676164e+01
-2.422271057254448934e+01
-2.323757771013541884e+01
-2.225825534482159895e+01
-2.128518141037979206e+01
-2.031888178865150962e+01
-1.935970646534878625e+01
-1.840808611467508271e+01
-1.746451032060538822e+01
-1.652928551141187086e+01
-1.560280606343145671e+01
-1.468546635300106828e+01
-1.377774870452238787e+01
-1.287987159820282734e+01
-1.199240530650882341e+01
-1.111565625771254240e+01
-1.024993088008616127e+01
-9.395623549966613197e+00
-8.552952747561320734e+00
-7.722312849207209950e+00
-6.904098231241208694e+00
-6.098527373870737733e+00
-5.305994653432727581e+00
-4.526718550134608776e+00
-3.761093440313306502e+00
-3.009337804176245967e+00
-2.271758069995609031e+00
-1.548748614108313548e+00
-8.404399686570473982e-01
-1.472265099787334608e-01
5.306293076868221492e-01
1.192952978164573130e+00
1.839482047214705762e+00
2.470006829436269591e+00
3.084273665395934394e+00
3.682064074886271410e+00
4.263141988086904810e+00
4.827306514403350235e+00
5.374383147660553028e+00
5.904161322976911208e+00
6.416461257293483378e+00
6.911085577938381519e+00
7.387845707046187371e+00
7.846566258961200191e+00
8.287134291153686050e+00
8.709428066287435044e+00
9.113352231445670526e+00
9.498802638905129214e+00
9.865666346136080733e+00
1.021385679502821908e+01
1.054326104305180323e+01
1.085382771132243107e+01
1.114551421576216761e+01
1.141826917748660186e+01
1.167206760203074900e+01
1.190676136763897652e+01
1.212248378636284585e+01
1.231900315519268041e+01
1.249647462023354549e+01
1.265468831252927373e+01
1.279369820731794150e+01
1.291338238370812164e+01
1.301379481693788698e+01
1.309490153418056302e+01
1.315658061454472971e+01
1.319897398133320898e+01
1.322195971365457723e+01
1.322576768287640192e+01
1.321036391617200678e+01
1.317571444071472264e+01
1.312187323174261167e+01
1.304898221255850643e+01
1.295700741033572889e+01
1.284609074837709386e+01
1.271628620192067949e+01
1.256755979813981128e+01
1.240022935646680224e+01
1.221408500794548324e+01
1.200944457200817439e+01
1.178644997195768873e+01
1.154515518303209909e+01
1.128596597272847646e+01
1.100893631628488833e+01
1.071420813700415309e+01
1.040218720238333638e+01
1.007292748766051815e+01
9.726658864203249877e+00
9.363523255314365912e+00
8.983926428490923044e+00
8.587834410906244997e+00
8.175652970057400992e+00
7.747436081182460299e+00
7.303501563713735933e+00
6.844079289018800694e+00
6.369487076529965819e+00
5.879954797614802331e+00
5.375800271705621469e+00
4.857341318234743355e+00
4.324895756634481003e+00
3.778693458272400552e+00
3.218964294516072577e+00
2.646184391314358564e+00
2.060610004454246802e+00
1.462567748174531390e+00
8.523754419075250111e-01
2.303509050855427898e-01
-4.031528636331994098e-01
-1.047767254591659869e+00
-1.703166751815176294e+00
-2.369045407556164662e+00
-3.045114863679982076e+00
-3.731051582826091728e+00
-4.426567206859853165e+00
-5.131361944398210362e+00
-5.845129671797447024e+00
-6.567570245882243363e+00
-7.298378950177919045e+00
-8.037261446081432226e+00
-8.783913544806489782e+00
-9.538038093411977059e+00
-1.029931155453735236e+01
-1.106741039082208289e+01
-1.184196709087325416e+01
-1.262264932252384853e+01
-1.340909836918743814e+01
-1.420095551427757563e+01
-1.499791481004668015e+01
-1.579952959184356054e+01
-1.660559944959832990e+01
-1.741557218098210313e+01
-1.822924737592498801e+01
-1.904616078016285741e+01
-1.986602403556106466e+01
-2.068846083592022111e+01
-2.151300692697619610e+01
-2.233946189865910625e+01
-2.316736149670479961e+01
-2.399641736297865080e+01
-2.482616524321651852e+01
-2.565631677928376320e+01
-2.648640771691625417e+01
-2.731614969797935188e+01
-2.814516641627366411e+01
-2.897308156559980930e+01
-2.979943089169365322e+01
-3.062383808835581078e+01
-3.144601479745163175e+01
-3.226549676471699968e+01
-3.308199563201725368e+01
-3.389495919702353177e+01
-3.470427499773067836e+01
-3.550939083180981726e+01
-3.631001834112630178e+01
-3.710578121948075392e+01
-3.789630316067377436e+01
-3.868129580657073063e+01
-3.946029490290750630e+01
-4.023310792478177689e+01
-4.099922209570267739e+01
-4.175857226467065431e+01
-4.251065354036241217e+01
-4.325531282371367325e+01
-4.399213317146588054e+01
-4.472087353648998942e+01
-4.544129287165696951e+01
-4.615306218177302355e+01
-4.685576452357961585e+01
-4.754933474607717869e+01
-4.823335590600719769e+01
-4.890749900817586138e+01
-4.957169890158364467e+01
-5.022545069490722369e+01
-5.086868923714708757e+01
-5.150117348117417038e+01
-5.212257443179469618e+01
-5.273265104187960617e+01
-5.333125021236459418e+01
-5.391804294805589848e+01
-5.449287614988919870e+01
-5.505550877073545735e+01
-5.560569976346563692e+01
-5.614320808095068571e+01
-5.666788062412630467e+01
-5.717956429392820894e+01
-5.767793009516258707e+01
-5.816282492876516841e+01
-5.863418364373639236e+01
-5.909176519294720009e+01
-5.953541647733330677e+01
-5.996498439783042045e+01
-6.038022790730950362e+01
-6.078099390670622881e+01
-6.116730519308582359e+01
-6.153892071931922914e+01
-6.189577533440691326e+01
-6.223762799121981715e+01
-6.256450148682312573e+01
-6.287624272215258259e+01
-6.317261065007910048e+01
-6.345371601573265963e+01
-6.371931777198419411e+01
-6.396935076783414331e+01
-6.420374985228299636e+01
-6.442244987433117842e+01
-6.462529773491439755e+01
-6.481222828303309313e+01
-6.498344021188199804e+01
-6.513885919561330695e+01
-6.527837420898640630e+01
-6.540204094804198576e+01
-6.550982716075591838e+01
-6.560161264703940276e+01
-6.567745310293310013e+01
-6.573731627641291198e+01
-6.578108196739000846e+01
-6.580889381996981058e+01
-6.582054368599872873e+01
-6.581608726151742417e+01
-6.579558024256655813e+01
-6.575890242905730076e+01
-6.570619746509505887e+01
-6.563752104672050791e+01
-6.555284092190954937e+01
-6.545221278670284448e+01
-6.533569233714106872e+01
-6.520333526926488332e+01
-6.505528522717965245e+01
-6.489159790692612262e+01
-6.471232900454486980e+01
-6.451762216414134343e+01
-6.430762102982099293e+01
-6.408238129762442270e+01
-6.384195866359228688e+01
-6.358658471989479466e+01
-6.331631516257257175e+01
-6.303129363573103205e+01
-6.273148788734611969e+01
-6.241721745765270413e+01
-6.208845009462670106e+01
-6.174532944237354570e+01
-6.138808709306337619e+01
-6.101695463886634485e+01
-6.063225162001738511e+01
-6.023403373255712978e+01
-5.982270846478524362e+01
-5.939841946080712631e+01
-5.896139831279293730e+01
-5.851196456097758869e+01
-5.805017390140174882e+01
-5.757634587430030848e+01
-5.709062412377869578e+01
-5.659332819007178728e+01
-5.608451376922025844e+01
-5.556458834952378112e+01
-5.503360762702298814e+01
-5.449206703808228269e+01
-5.394019817487183133e+01
-5.337830442868735759e+01
-5.280644869893828286e+01
-5.222502952835386481e+01
-5.163418161546908181e+01
-5.103403965881896198e+01
-5.042482630500322927e+01
-4.980685214868641708e+01
-4.918016394033872274e+01
-4.854507227462467256e+01
-4.790179979814399047e+01
-4.725048120943171881e+01
-4.659151505121705839e+01
-4.592494807397027046e+01
-4.525135471655011088e+01
-4.457078172942681960e+01
-4.388362765532963294e+01
-4.319011514085828907e+01
-4.249064272874205983e+01
-4.178525716945117097e+01
-4.107444495377963278e+01
-4.035842872832716921e+01
-3.963734319162880126e+01
-3.891158688641375107e+01
-3.818129451121703966e+01
-3.744686460876788914e+01
-3.670860777373081163e+01
-3.596665870464078552e+01
-3.522132799616232290e+01
-3.447310213908939858e+01
-3.372202788389227379e+01
-3.296859172136495886e+01
-3.221292835004241795e+01
-3.145543631265390161e+01
-3.069633825579916220e+01
-2.993603272220744671e+01
-2.917474235847850039e+01
-2.841286570734155958e+01
-2.765053746733161333e+01
-2.688824412924267904e+01
-2.612612039160973154e+01
-2.536456479716202495e+01
-2.460379999249929739e+01
-2.384413657228605743e+01
-2.308597307925153075e+01
-2.232944421193073481e+01
-2.157486056498814264e+01
-2.082270862921777166e+01
-2.007303515508984404e+01
-1.932641458146311209e+01
-1.858298160687256839e+01
-1.784312656902916316e+01
-1.710711903750587481e+01
-1.637522037685737075e+01
-1.564769195163835036e+01
-1.492470717833873195e+01
-1.420643947344845692e+01
-1.349323814958694534e+01
-1.278527662324413150e+01
-1.208272831090994970e+01
-1.138594252520382533e+01
-1.069500473455094713e+01
-1.001026425157073518e+01
-9.331894492753132653e+00
-8.660068874588059629e+00
-7.994960813565456625e+00
-7.337007570369497245e+00
-6.686206665360617585e+00
-6.042907411158243036e+00
-5.407283224252308784e+00
-4.779419573068000915e+00
-4.159665770224744819e+00
-3.548107284147726581e+00
-2.945005479391623826e+00
-2.350533772446365965e+00
-1.764953527866641725e+00
-1.188262266012883872e+00
-6.208092995045185747e-01
-6.268009676673094721e-02
4.859695153234933618e-01
1.024922146243853138e+00
1.554030763923837100e+00
2.073139541486459070e+00
2.582127831280640162e+00
3.080839806429395811e+00
3.569137229668692957e+00
4.046899453347446496e+00
4.513961855782201660e+00
4.970212584128346656e+00
5.415522195928323512e+00
5.849784994702055485e+00
6.272893525008170101e+00
6.684738572444003601e+00
7.085200368839115193e+00
7.474179374077961846e+00
7.851572530122412630e+00
8.217294368547277017e+00
8.571303394959747024e+00
8.913522935741115205e+00
9.243893906885613632e+00
9.562348429581014386e+00
9.868812987574598239e+00
1.016321789927116370e+01
1.044547025602207135e+01
1.071552991801754295e+01
1.097332156622189281e+01
1.121877867640591120e+01
1.145183472434038663e+01
1.167240559618316453e+01
1.188055668980215707e+01
1.207608076406455133e+01
1.225912237009654326e+01
1.242965016289481461e+01
1.258772074552080689e+01
1.273321482490646162e+01
1.286627695217796052e+01
1.298678783426725047e+01
1.309480407423576587e+01
1.319038227514494643e+01
1.327357904005622835e+01
1.334427507590155138e+01
1.340261493380710434e+01
1.344865521683432341e+01
1.348227663191514836e+01
1.350362373017576800e+01
1.351275311467761497e+01
1.350972138848213078e+01
1.349467310271549891e+01
1.346757691237440824e+01
1.342866531664979135e+01
1.337781902247359334e+01
1.331518258097199414e+01
1.324090054327118438e+01
1.315502951243259488e+01
1.305771403958241450e+01
1.294901072778207940e+01
1.282897618009302754e+01
1.269775494764144419e+01
1.255549158155351464e+01
1.240233063295541882e+01
1.223850460103809645e+01
1.206398214079822750e+01
1.187908369949150256e+01
1.168386588017935246e+01
1.147856118205271159e+01
1.126331415623775989e+01
1.103826935386069508e+01
1.080357132604768644e+01
1.055945257198967902e+01
1.030605764281284564e+01
1.004353108964337871e+01
9.772092696202426154e+00
9.491823436267251779e+00
9.202967464274834697e+00
8.905505090467904949e+00
8.599680469283441653e+00
8.285561859028925724e+00
7.963393414141337168e+00
7.633243392928153348e+00
7.295355949826351605e+00
6.949711395078668197e+00
6.596729779251574222e+00
6.236391412587803273e+00
5.868940449524328251e+00
5.494533096433385388e+00
5.113413507751948472e+00
4.725649941787494868e+00
4.331486552977007243e+00
3.930991599627966515e+00
3.524497184242092906e+00
3.112159513191618210e+00
2.694082024009923693e+00
2.270482486714561876e+00
1.841578671323083283e+00
1.407605937465989276e+00
9.687732603543603993e-01
5.253247944251706603e-01
7.746072008302457013e-02
-3.745660134286262211e-01
-8.305552257051797005e-01
-1.290289146729083569e+00
-1.753558801289260005e+00
-2.220155214174632796e+00
-2.689878204980595378e+00
-3.162510003689599003e+00
-3.637841635090563130e+00
-4.115681713585361834e+00
-4.595786084737018662e+00
-5.077932581124740885e+00
-5.561901673769685139e+00
-6.047463279925231916e+00
-6.534394352689944618e+00
-7.022456893991377846e+00
-7.511441928618456387e+00
-8.001105302134199349e+00
-8.491220449714585783e+00
-8.981552011729108997e+00
-9.471873423353745380e+00
-9.961949324957988239e+00
-1.045154435691133799e+01
-1.094043195438976923e+01
-1.142840231348545288e+01
-1.191527749472946418e+01
-1.240087872995612805e+01
-1.288503604580624362e+01
-1.336761464814650857e+01
-1.384839179477887505e+01
-1.432714474350529521e+01
-1.480385303267663843e+01
-1.527814440838478127e+01
-1.574999840898060199e+01
-1.621904278055597359e+01
-1.668525706146176901e+01
-1.714835694585462278e+01
-1.760814607595589720e+01
-1.806451604205172501e+01
-1.851735843442822116e+01
-1.896638894724202018e+01
-1.941149917077924059e+01
-1.985258069532601155e+01
-2.028934921503895694e+01
-2.072187221633369347e+01
-2.114977744530210302e+01
-2.157304444029505319e+01
-2.199138889546917142e+01
-2.240479034917533596e+01
-2.281305244363491269e+01
-2.321597882106928168e+01
-2.361337312369982300e+01
-2.400530283794213915e+01
-2.439139570988812977e+01
-2.477171922595339382e+01
-2.514598908029457291e+01
-2.551418481126253468e+01
-2.587611006107865208e+01
-2.623174436809379273e+01
-2.658080342646459115e+01
-2.692335472260666052e+01
-2.725911395067662468e+01
-2.758806064902536903e+01
-2.791017435600374696e+01
-2.822517076576839656e+01
-2.853302941667018189e+01
-2.883372984705997766e+01
-2.912707569915915684e+01
-2.941295856325384150e+01
-2.969144592575965191e+01
-2.996234142889796104e+01
-3.022553666295489450e+01
-3.048101116628131990e+01
-3.072865652916336288e+01
-3.096844955597212135e+01
-3.120035611515962160e+01
-3.142425139313334626e+01
-3.164001057630080993e+01
-3.184768474719901121e+01
-3.204723704030019604e+01
-3.223845469394711216e+01
-3.242138879067675106e+01
-3.259600246496137288e+01
-3.276225885127322357e+01
-3.292012108408455617e+01
-3.306946434980285687e+01
-3.321042767902988402e+01
-3.334288625817312379e+01
-3.346671527364009080e+01
-3.358205375603252918e+01
-3.368886483982267066e+01
-3.378702371141803695e+01
-3.387658145335560533e+01
-3.395750120010764306e+01
-3.402983403421113451e+01
-3.409354309013831852e+01
-3.414876739849095344e+01
-3.419538214567654677e+01
-3.423352636229682844e+01
-3.426325113088878993e+01
-3.428451958592469850e+01
-3.429738280994153854e+01
-3.430189188547629442e+01
-3.429800994700124050e+01
-3.428587602511809251e+01
-3.426554120236387035e+01
-3.423688066514606021e+01
-3.420012139213115887e+01
-3.415522651779141228e+01
-3.410224712466381192e+01
-3.404141019141486879e+01
-3.397267885251681463e+01
-3.389610419050664092e+01
-3.381182523598609890e+01
-3.371989307149218718e+01
-3.362035877956189722e+01
-3.351344933886171873e+01
-3.339903993579915209e+01
-3.327735754904069410e+01
-3.314845326112334334e+01
-3.301246610264882264e+01
-3.286935920808940637e+01
-3.271944750417631553e+01
-3.256269412538181030e+01
-3.239931671278693415e+01
-3.222931966100152579e+01
-3.205296187124422147e+01
-3.187023840053939239e+01
-3.168123225397619436e+01
-3.148611438470851809e+01
-3.128479190169599633e+01
-3.107752370615727600e+01
-3.086430485511673538e+01
-3.064521835366352320e+01
-3.042043515495153017e+01
-3.019003826406988722e+01
-2.995411068610772887e+01
-2.971264747808946183e+01
-2.946599548929845724e+01
-2.921414977675910762e+01
-2.895719334556056168e+01
-2.869538509692144501e+01
-2.842863213980140102e+01
-2.815728132348381862e+01
-2.788132770499309032e+01
-2.760094223748308906e+01
-2.731638382217246530e+01
-2.702755956802086246e+01
-2.673481632431165167e+01
-2.643814914806923255e+01
-2.613772899244748871e+01
-2.583372681060030729e+01
-2.552631355568157900e+01
-2.521548428471568570e+01
-2.490149789892128496e+01
-2.458443740338748640e+01
-2.426447375126819850e+01
-2.394168994765255221e+01
-2.361634489375919088e+01
-2.328860954274198036e+01
-2.295856689969008357e+01
-2.262656381388687166e+01
-2.229259534235674423e+01
-2.195692038631830911e+01
-2.161962195086074345e+01
-2.128104688526740773e+01
-2.094110229849794536e+01
-2.060004709177099613e+01
-2.025805221824044722e+01
-1.991528863106018576e+01
-1.957175138725460428e+01
-1.922787528417183012e+01
-1.888356743077151023e+01
-1.853917467633701932e+01
-1.819477304062669631e+01
-1.785058649820513565e+01
-1.750665614217662380e+01
-1.716311101371018921e+01
-1.682016810203963075e+01
-1.647778055220448934e+01
-1.613625330150329162e+01
-1.579562744304033117e+01
-1.545603201798464355e+01
-1.511750811944052053e+01
-1.478027273664174857e+01
-1.444436696269261233e+01
-1.411009573489164914e+01
-1.377741219827839636e+01
-1.344644539402190198e+01
-1.311750025942068554e+01
-1.279052993951429684e+01
-1.246575142353652232e+01
-1.214320580459164844e+01
-1.182311007191346341e+01
-1.150559326667099569e+01
-1.119060853390380039e+01
-1.087837286284565330e+01
-1.056901529466559708e+01
-1.026257692246791642e+01
-9.959274735486408403e+00
-9.659061878760599740e+00
-9.362155341524285745e+00
-9.068596216881754657e+00
-8.778601494066787581e+00
-8.492124318118932536e+00
-8.209469626336716175e+00
-7.930502615694939195e+00
-7.655440275427384478e+00
-7.384411646703087584e+00
-7.117369874561592091e+00
-6.854619896301431758e+00
-6.596026908897402841e+00
-6.341895849648035544e+00
-6.092091915528124346e+00
-5.846832095771456572e+00
-5.606157483482319570e+00
-5.370197119829750676e+00
-5.138992097918045232e+00
-4.912583510851486146e+00
-4.691012451734369648e+00
-4.474495909800476845e+00
-4.263074978154098638e+00
-4.056614853770029505e+00
-3.855420473946805870e+00
-3.659437028664441094e+00
-3.468744988987883637e+00
-3.283425665729029053e+00
-3.103525190473873430e+00
-2.929080900001941323e+00
-2.760147720705703467e+00
-2.596762989364682195e+00
-2.438972837564874929e+00
-2.286832191698754180e+00
-2.140378388545841837e+00
-1.999639970079185813e+00
-1.864636683465359823e+00
-1.735405865483884424e+00
-1.611976058107809529e+00
-1.494367008503707739e+00
-1.382598463838148994e+00
-1.276707760890661403e+00
-1.176697057214863840e+00
-1.082577305170856707e+00
-9.943594571187371889e-01
-9.120544654186032441e-01
-8.356644876240799658e-01
-7.652092709017397354e-01
-7.006909728052055364e-01
-6.420853664686766438e-01
-5.893946094457771512e-01
-5.425856800642314681e-01
-5.016431462647127359e-01
-4.665603707943706824e-01
-4.373219215938791704e-01
-4.138947769909620544e-01
-3.962547101198192201e-01
-3.843774941146495538e-01
-3.782213124967035989e-01
-3.777619384001798530e-01
-3.829575553463276938e-01
-3.937839364693477839e-01
-4.101992652904887238e-01
-4.321617253310005569e-01
-4.596119104991835957e-01
-4.924992095098132405e-01
-5.307642162711891931e-01
-5.743563194980865205e-01
-6.232249079052805119e-01
-6.773017805945967806e-01
-7.365363262808100053e-01
-8.008603440657460215e-01
-8.701968382447550221e-01
-9.444864027261380413e-01
-1.023652041805245494e+00
-1.107649707743661116e+00
-1.196426427764303080e+00
-1.289935792636899281e+00
-1.388122598324702084e+00
-1.490914051178014343e+00
-1.598272536773038377e+00
-1.710134056266552127e+00
-1.826434610815332649e+00
-1.947118996382632972e+00
-2.072123214125231261e+00
-2.201374470393429483e+00
-2.334799971537531160e+00
-2.472344513520789544e+00
-2.613935302693506824e+00
-2.759499545405985632e+00
-2.908964448008530379e+00
-3.062257216851443697e+00
-3.219278673865603402e+00
-3.379956025401313457e+00
-3.544198888195927211e+00
-3.711916878986798007e+00
-3.883028409317754726e+00
-4.057443095926149823e+00
-4.235070555549337534e+00
-4.415802815311723251e+00
-4.599549491950657654e+00
-4.786211407397019890e+00
-4.975689383581691771e+00
-5.167884242435548892e+00
-5.362696805889472174e+00
-5.560027895874339876e+00
-5.759769539514555170e+00
-5.961813763934523003e+00
-6.166070185871596721e+00
-6.372439627256654582e+00
-6.580796525601151359e+00
-6.791059292448916374e+00
-7.003093570504927534e+00
-7.216782592087115589e+00
-7.432009589513410397e+00
-7.648657795101740042e+00
-7.866592851557084209e+00
-8.085706786003845181e+00
-8.305882830759959035e+00
-8.526986628530396573e+00
-8.748910206439569848e+00
-8.971545591611874926e+00
-9.194776016365249660e+00
-9.418484713017615917e+00
-9.642546119080435574e+00
-9.866858017252884139e+00
-1.009132362292031537e+01
-1.031582552262342922e+01
-1.054039581461300656e+01
-1.076475877891319932e+01
-1.098894651377478482e+01
-1.121290316938378950e+01
-1.143639699979674340e+01
-1.165946010326442384e+01
-1.188203662997285726e+01
-1.210389483397857369e+01
-1.232497886546760313e+01
-1.254532082269071580e+01
-1.276468895970444883e+01
-1.298311537475957067e+01
-1.320045626997736932e+01
-1.341656784747911324e+01
-1.363148220551558509e+01
-1.384496759814331490e+01
-1.405705612361307288e+01
-1.426760398404614705e+01
-1.447655532962855673e+01
-1.468376636248158462e+01
-1.488918123279125538e+01
-1.509274409074359902e+01
-1.529439908652464020e+01
-1.549391447419091250e+01
-1.569141030005793702e+01
-1.588665481818224556e+01
-1.607959217874986635e+01
-1.627016653194682405e+01
-1.645832202795914512e+01
-1.664400281697286132e+01
-1.682706510110924825e+01
-1.700745303055433055e+01
-1.718511075549414358e+01
-1.735989447804995578e+01
-1.753183629647254804e+01
-1.770079241288319949e+01
-1.786679492553268744e+01
-1.802970003654228748e+01
-1.818936394803327516e+01
-1.834590670632117693e+01
-1.849909656546252634e+01
-1.864896562370809363e+01
-1.879537008317916502e+01
-1.893834204212650718e+01
-1.907773770267140279e+01
-1.921350121499988362e+01
-1.934566467736271278e+01
-1.947408454264329336e+01
-1.959870621483824848e+01
-1.971956329677103881e+01
-1.983660144320040786e+01
-1.994967836082033585e+01
-2.005891560051905032e+01
-2.016425881705528411e+01
-2.026547776905827547e+01
-2.036278195548098324e+01
-2.045594113495266697e+01
-2.054507685836153286e+01
-2.063004683240158244e+01
-2.071088465989627281e+01
-2.078753599560436172e+01
-2.085994649428456071e+01
-2.092814975876035177e+01
-2.099209144379047487e+01
-2.105180515219839776e+01
-2.110723653874286398e+01
-2.115841920624733774e+01
-2.120521086140581701e+01
-2.124782100317126776e+01
-2.128601939017292821e+01
-2.131983962523428033e+01
-2.134940325924354454e+01
-2.137456799889470460e+01
-2.139536744701124960e+01
-2.141183520641664018e+01
-2.142391693186963053e+01
-2.143164622619368842e+01
-2.143505669221228516e+01
-2.143418193274890626e+01
-2.142905555062703371e+01
-2.141962320060540037e+01
-2.140591848550747400e+01
-2.138797500815674013e+01
-2.136582637137668073e+01
-2.133950617799077420e+01
-2.130896008275774278e+01
-2.127430963656582819e+01
-2.123550049417374197e+01
-2.119256625840498032e+01
-2.114562848014776364e+01
-2.109454486609607926e+01
-2.103952491520289314e+01
-2.098051428222693815e+01
-2.091754656999170336e+01
-2.085074332938540209e+01
-2.078005021516677431e+01
-2.070558877822403687e+01
-2.062730018950996325e+01
-2.054537152894767615e+01
-2.045972154846008451e+01
-2.037035694803485697e+01
-2.027737237572439710e+01
-2.018077453151637002e+01
-2.008065806346317927e+01
-1.997694172348774444e+01
-1.986972015964247618e+01
-1.975900007191502894e+01
-1.964478816029307495e+01
-1.952717907282901422e+01
-1.940617950951050474e+01
-1.928188411838996785e+01
-1.915429959945505445e+01
-1.902352060075818230e+01
-1.888964177035175851e+01
-1.875266980822344465e+01
-1.861269936242564427e+01
-1.846982508101077158e+01
-1.832396571590173906e+01
-1.817530386321570290e+01
-1.802393417100507378e+01
-1.786977539119276415e+01
-1.771292217183118467e+01
-1.755355710903749156e+01
-1.739159895473460082e+01
-1.722714235697490892e+01
-1.706028196381084783e+01
-1.689111242329480689e+01
-1.671964043541446188e+01
-1.654604859628695479e+01
-1.637034360589996140e+01
-1.619262011230587817e+01
-1.601288481549237730e+01
-1.583132031157661146e+01
-1.564784535248149133e+01
-1.546273048238892756e+01
-1.527589445322182726e+01
-1.508751986109735199e+01
-1.489761340600316331e+01
-1.470626973599166831e+01
-1.451358349911527590e+01
-1.431964934342639495e+01
-1.412456191697743968e+01
-1.392832791975606277e+01
-1.373121789594417486e+01
-1.353323854552943395e+01
-1.333448451656425426e+01
-1.313496250903629203e+01
-1.293485049012901200e+01
-1.273413201516160065e+01
-1.253287395858430386e+01
-1.233123114291210065e+01
-1.212909454646575114e+01
-1.192670693982497276e+01
-1.172395930131052744e+01
-1.152109440150214859e+01
-1.131809116678532234e+01
-1.111492852354554728e+01
-1.091184924236256215e+01
-1.070874430155710577e+01
-1.050585647170892223e+01
-1.030316467920349943e+01
-1.010064785042633417e+01
-9.898548755957158107e+00
-9.696758374116722479e+00
-9.495519475484762495e+00
-9.294723038382020519e+00
-9.094523885323486212e+00
-8.894988890759405464e+00
-8.696184929140015285e+00
-8.498178874915556236e+00
-8.300949654471523331e+00
-8.104652090322906233e+00
-7.909265108855195514e+00
-7.714943532583380836e+00
-7.521754235957702761e+00
-7.329676145363658968e+00
-7.138864083316234677e+00
-6.949296976200920462e+00
-6.761129646532709536e+00
-6.574428968761841574e+00
-6.389173869273812478e+00
-6.205519170583605693e+00
-6.023443799076718896e+00
-5.843014629203390875e+00
-5.664298535413864855e+00
-5.487362392158377844e+00
-5.312273073887177510e+00
-5.139009506985749098e+00
-4.967726513969090263e+00
-4.798490969287434460e+00
-4.631193851261532934e+00
-4.466077930471118229e+00
-4.303122133301687136e+00
-4.142340565364629690e+00
-3.983835280336088136e+00
-3.827637973440400465e+00
-3.673789134708386861e+00
-3.522337150484244450e+00
-3.373326813139788882e+00
-3.226793221747265683e+00
-3.082789064991874550e+00
-2.941340647139386366e+00
-2.802474272455575122e+00
-2.666242629625635185e+00
-2.532672022915340104e+00
-2.401806346203412268e+00
-2.273663108949148803e+00
-2.148286205031270324e+00
-2.025710733522027240e+00
-1.905936614267765394e+00
-1.789016535953682041e+00
-1.674950418426125243e+00
-1.563773360757342301e+00
-1.455502872406631454e+00
-1.350174052446238671e+00
-1.247795615528987545e+00
-1.148376276307701005e+00
-1.051942339048151709e+00
-9.585025184031625844e-01
-8.680743238320315358e-01
-7.806752647940553569e-01
-6.963140559420578635e-01
-6.149994119288616501e-01
-5.367488422137640658e-01
-4.615622666431138388e-01
-3.894396050632596973e-01
-3.204071617399724681e-01
-2.544648565196021561e-01
-1.916214040549702735e-01
-1.318591345794766778e-01
-7.518676274594332520e-02
-2.160420840071907225e-02
2.890619822279787490e-02
7.634453727825880887e-02
1.207196837257901861e-01
1.620317177190444269e-01
2.002895142181479182e-01
2.355107429897017046e-01
2.677130738003072885e-01
2.968965868036161915e-01
3.230851081307622996e-01
3.462831153386344840e-01
3.665073987131869937e-01
3.837773869823157269e-01
3.981160267965069832e-01
4.095453853255992538e-01
4.180866502587839428e-01
4.237590146417504200e-01
4.265710545042386559e-01
4.265293512324866976e-01
4.236475220579131173e-01
4.179426141864605038e-01
4.094314989279427830e-01
3.981304319557205096e-01
3.840561086834777815e-01
3.672247847845751534e-01
3.476550025820565049e-01
3.253676789967138161e-01
3.003887439890298716e-01
2.727397301162499677e-01
2.424456878582091357e-01
2.095299087334478727e-01
1.740156842605063148e-01
1.359307033611621141e-01
9.531057028302022949e-02
5.219616615757038253e-02
6.626613155007197130e-03
-4.135896655447413028e-02
-9.171881235873666216e-02
-1.444155610488804531e-01
-1.994074520127683270e-01
-2.566562425608529541e-01
-3.161210515616446615e-01
-3.777627568449484774e-01
-4.415413567599221212e-01
-5.074177291363706210e-01
-5.753509928428047759e-01
-6.453005305919286005e-01
-7.172170182380368519e-01
-7.910498124144527132e-01
-8.667480059103050971e-01
-9.442613071511763989e-01
-1.023537577653289121e+00
-1.104527405322873079e+00
-1.187180234741316509e+00
-1.271442872048064610e+00
-1.357263002863210444e+00
-1.444590951248789779e+00
-1.533371764382953195e+00
-1.623554886847088374e+00
-1.715088883741936909e+00
-1.807918802245647827e+00
-1.901983533171841101e+00
-1.997223726295429103e+00
-2.093566839181613126e+00
-2.190964075373075470e+00
-2.289344651396314045e+00
-2.388658936634887375e+00
-2.488845169029388238e+00
-2.589880328990423308e+00
-2.691715012509173555e+00
-2.794308610383295477e+00
-2.897638103023396638e+00
-3.001654086420657119e+00
-3.106315951372734308e+00
-3.211583088677284703e+00
-3.317414889131964806e+00
-3.423761948727956916e+00
-3.530583658262915314e+00
-3.637821818921550765e+00
-3.745444616307991748e+00
-3.853402646413421007e+00
-3.961637710422545755e+00
-4.070117993939496692e+00
-4.178785298148980587e+00
-4.287599013848656604e+00
-4.396518531836177246e+00
-4.505494448102727034e+00
-4.614468563833012738e+00
-4.723409064631164611e+00
-4.832257751681891200e+00
-4.940982810589320984e+00
-5.049526042538165171e+00
-5.157846838326077155e+00
-5.265904588750714765e+00
-5.373641094996784773e+00
-5.481015747861945009e+00
-5.587979143337374666e+00
-5.694490672220731575e+00
-5.800500930503197594e+00
-5.905960514175953691e+00
-6.010820019230183497e+00
-6.115030041657068871e+00
-6.218558767060739179e+00
-6.321347996625901189e+00
-6.423357121150213622e+00
-6.524554326237804958e+00
-6.624881413073386405e+00
-6.724306567261086442e+00
-6.822771589985611840e+00
-6.920253461657569716e+00
-7.016693983461666839e+00
-7.112070135808508553e+00
-7.206323719882803402e+00
-7.299414126482207443e+00
-7.391318336017326018e+00
-7.481978149672865896e+00
-7.571362969131433474e+00
-7.659438265583057515e+00
-7.746170726296239373e+00
-7.831544628152429688e+00
-7.915517863613658278e+00
-7.998074709561377560e+00
-8.079173058457611134e+00
-8.158797187183816746e+00
-8.236913783008489531e+00
-8.313498328006614813e+00
-8.388526304253163701e+00
-8.461981988629586837e+00
-8.533832068404391791e+00
-8.604052025652556779e+00
-8.672617342449051137e+00
-8.739556269707707159e+00
-8.804738751825802012e+00
-8.868228218943063013e+00
-8.929956179102088498e+00
-8.990030036474980335e+00
-9.048293351039596644e+00
-9.104765578903284862e+00
-9.159466176173394203e+00
-9.212326650892533664e+00
-9.263366459168048905e+00
-9.312605057107292694e+00
-9.359973952752868698e+00
-9.405492602212127906e+00
-9.449180461592421310e+00
-9.490969038936350799e+00
-9.530789842286518265e+00
-9.568750275815027351e+00
-9.604869795629227269e+00
-9.638991961706970812e+00
-9.671224178220359846e+00
-9.701497953211992709e+00
-9.729920690853971266e+00
-9.756335951124157191e+00
-9.780851138194636363e+00
-9.803397760108023107e+00
-9.824083221036408631e+00
-9.842839029022401931e+00
-9.859596692108597793e+00
-9.874551562531854287e+00
-9.887459252205268001e+00
-9.898515113365693452e+00
-9.907650654055730755e+00
-9.914973278447476446e+00
-9.920326546518785094e+00
-9.923729914377014794e+00
-9.925377015074172249e+00
-9.925014864599187803e+00
-9.922916448144652790e+00
-9.918827062514662174e+00
-9.912931744837052861e+00
-9.905151688045421565e+00
-9.895496033138105219e+00
-9.883973921113449634e+00
-9.870594492969795297e+00
-9.855454837770235343e+00
-9.838476148448354053e+00
-9.819579617937755245e+00
-9.798950283366274050e+00
-9.776597285732247400e+00
-9.752353869904524686e+00
-9.726405073010944591e+00
-9.698672087985100276e+00
-9.669164055825334003e+00
-9.637978065594731802e+00
-9.605123258291637711e+00
-9.570520826849648444e+00
-9.534267860331850031e+00
-9.496373499736582957e+00
-9.456846886062189483e+00
-9.415785108371764522e+00
-9.373109359598894130e+00
-9.328828780741924120e+00
-9.283128408928693176e+00
-9.235929437092790906e+00
-9.187241006232563123e+00
-9.137160205411097635e+00
-9.085608227561987604e+00
-9.032682161748322613e+00
-8.978391148968446700e+00
-8.922744330220698572e+00
-8.865838794568166037e+00
-8.807683683009196685e+00
-8.748200188477380124e+00
-8.687573348100555037e+00
-8.625812302877063686e+00
-8.562838245740493903e+00
-8.498748265753945930e+00
-8.433639451980502244e+00
-8.367520945418505107e+00
-8.300313939001549457e+00
-8.232203469857470424e+00
-8.163110730919861169e+00
-8.093132811251818381e+00
-8.022278851851677217e+00
-7.950645941782525483e+00
-7.878152889831827821e+00
-7.804972812396731463e+00
-7.731012597534016706e+00
-7.656442977494698710e+00
-7.581082892270807783e+00
-7.505103074113358197e+00
-7.428586307208621342e+00
-7.351439479613372185e+00
-7.273745375513883893e+00
-7.195410882966931432e+00
-7.116694682288276397e+00
-7.037415713469948209e+00
-6.957744708762966468e+00
-6.877588556224104366e+00
-6.797117988104382391e+00
-6.716239892460571959e+00
-6.635037053478945346e+00
-6.553504307281028396e+00
-6.471812386117834492e+00
-6.389780229981392168e+00
-6.307578571122721023e+00
-6.225202245663342460e+00
-6.142734037789526091e+00
-6.060168783622795985e+00
-5.977501319284676207e+00
-5.894814428961435482e+00
-5.812102948774593436e+00
-5.729414483684529991e+00
-5.646796638651608191e+00
-5.564279429023251566e+00
-5.481884075340412110e+00
-5.399640592950505358e+00
-5.317587792007429925e+00
-5.235746893052133366e+00
-5.154156706238513408e+00
-5.072847246913990027e+00
-4.991866120038936927e+00
-4.911243340960771420e+00
-4.831008925026919698e+00
-4.751192887584800850e+00
-4.671842833594789468e+00
-4.592988778404301975e+00
-4.514651942554291253e+00
-4.436862341392174613e+00
-4.359658785071851561e+00
-4.283071288940741184e+00
-4.207121073539794587e+00
-4.131846949022903281e+00
-4.057270135931018373e+00
-3.983429444418034926e+00
-3.910352896452403471e+00
-3.838051745680214566e+00
-3.766561636788012368e+00
-3.695883035236441128e+00
-3.626042790905570357e+00
-3.557050164062518505e+00
-3.488932004587355973e+00
-3.421688777940727011e+00
-3.355338539196224712e+00
-3.289908138233919921e+00
-3.225398040514455111e+00
-3.161826301111426485e+00
-3.099210975098428023e+00
-3.037561322742578174e+00
-2.976895399117471808e+00
-2.917222464490228262e+00
-2.858560573934442406e+00
-2.800927782523707332e+00
-2.744324555718667735e+00
-2.688768948592919816e+00
-2.634261426607106049e+00
-2.580828839641295946e+00
-2.528462858349660003e+00
-2.477181537805793088e+00
-2.426994138276812318e+00
-2.377901125223365053e+00
-2.329911758912569297e+00
-2.283035299611544833e+00
-2.237281007587410997e+00
-2.192640553494338285e+00
-2.149140787212394876e+00
-2.106773379395752155e+00
-2.065547590311527237e+00
-2.025463885420367482e+00
-1.986522730182915808e+00
-1.948733384866291773e+00
-1.912096314931141849e+00
-1.876603191031633644e+00
-1.842263273434888271e+00
-1.809077027601549759e+00
-1.777044918992263023e+00
-1.746158618261198114e+00
-1.716418590868999727e+00
-1.687825302276312556e+00
-1.660379217943781516e+00
-1.634063213719101570e+00
-1.608895344675866923e+00
-1.584849691855298115e+00
-1.561935515524514262e+00
-1.540135691531211215e+00
-1.519454543181565365e+00
-1.499894235550931265e+00
-1.481487175979618653e+00
-1.464248182194989534e+00
-1.448174482311454403e+00
-1.433289688862848799e+00
-1.419599824770059637e+00
-1.407128502566922457e+00
-1.395881745174323063e+00
-1.385865575513147929e+00
-1.377094811310757727e+00
-1.369584270294513573e+00
-1.363331180578826407e+00
-1.358350359891058456e+00
-1.354647831152094639e+00
-1.352229617282821650e+00
-1.351101741204125073e+00
-1.351270225836892047e+00
-1.352741094102008379e+00
-1.355520368920359875e+00
-1.359605278406358142e+00
-1.365001845480889875e+00
-1.371716093064840658e+00
-1.379745249272622099e+00
-1.389104131831595090e+00
-1.399781174049696375e+00
-1.411773604041337338e+00
-1.425087444727404673e+00
-1.439711129415834012e+00
-1.455659475833986694e+00
-1.472903327676850394e+00
-1.491466297478260428e+00
-1.511336818546153316e+00
-1.532503324188466021e+00
-1.554971837326084794e+00
-1.578730791266946376e+00
-1.603777414125461487e+00
-1.630117728822517265e+00
-1.657731373859574697e+00
-1.686615577351046280e+00
-1.716767567411342288e+00
-1.748175777348400350e+00
-1.780837435276631187e+00
-1.814732179697497561e+00
-1.849857238725410191e+00
-1.886209840474780686e+00
-1.923769623447071142e+00
-1.962533815756692723e+00
-2.002490850711582393e+00
-2.043629161619676893e+00
