# tt
1.193718144524984154e+03
1.113847290458985071e+03
1.035612764197506749e+03
9.718806704139393560e+02
9.223832578239131408e+02
8.852379589400328541e+02
8.581154570750115909e+02
8.389666998958591648e+02
8.262936598450495467e+02
8.188784888794642711e+02
8.169339267449773843e+02
8.174117651147597599e+02
8.205157250072326178e+02
8.249499220856230295e+02
8.320496333882135787e+02
8.413701523172120460e+02
8.514916164160762264e+02
8.633600239469263897e+02
8.751167440595751259e+02
8.875275970689015139e+02
9.005578285001091672e+02
9.137547395366012779e+02
9.275046624042835219e+02
9.419135920560081559e+02
9.563455413236147251e+02
9.712762882250281109e+02
9.865082476097099971e+02
1.001952305348442451e+03
1.017833982952917722e+03
1.033391735503780183e+03
1.049537087512607286e+03
1.065652745266699412e+03
1.081738292903044339e+03
1.098517976173051011e+03
1.114948451771678492e+03
1.131610596288119496e+03
1.148590494671326041e+03
1.165800819940202473e+03
1.183192244091033217e+03
1.200699109857366921e+03
1.218322365018936125e+03
1.236064217705686360e+03
1.253970850079938828e+03
1.272106033916962588e+03
1.290419442066873899e+03
1.308888066035286784e+03
1.327480336080356665e+03
1.346182272073190461e+03
1.365059047143167163e+03
1.384180695692033169e+03
1.403487185500935766e+03
1.422896961203964338e+03
1.442390031080532026e+03
1.461963993023002786e+03
1.481753570023323164e+03
1.501879117857395840e+03
1.522290299174091615e+03
1.542884007783433162e+03
1.563636290753715002e+03
1.584554678717781826e+03
1.605640714469552904e+03
1.626909834754546864e+03
1.648359886705333793e+03
1.670015101873907042e+03
1.691916651430542743e+03
1.714050337728001523e+03
1.736383723511426751e+03
1.758875576719486844e+03
1.781502254903800122e+03
1.804245469837470409e+03
1.827231477470187656e+03
1.850583093166653043e+03
1.874300005000919100e+03
1.898373106240566358e+03
1.922741420353673448e+03
1.947259618900961414e+03
1.971915194579619993e+03
1.996765998538637632e+03
2.021843497507578149e+03
2.047180864289468445e+03
2.072791711561763805e+03
2.098647384043006241e+03
2.124745610871164445e+03
2.151075326377732836e+03
2.177630929606393693e+03
2.204375909610751023e+03
2.231288014963072783e+03
2.258380173461526738e+03
2.285656518097805474e+03
2.313129403979929066e+03
2.340800100648853004e+03
2.368686894568335902e+03
2.396781687782711288e+03
2.425102766755735502e+03
2.453642033531743436e+03
2.482400184961543346e+03
2.511386712702417753e+03
2.540575929185750283e+03
2.569986120875300458e+03
2.599609189815400441e+03
2.629445832856858033e+03
2.659479157237533400e+03
2.689709859808234341e+03
2.720129842613294386e+03
2.750731007697046607e+03
2.781505257103825443e+03
2.812435698071488787e+03
2.843531822257320073e+03
2.874776736899178104e+03
2.906162419087287617e+03
2.937689940901909722e+03
2.969351654662720648e+03
3.001139912689397988e+03
3.033047067301620245e+03
3.065074265625538828e+03
3.097213859980831785e+03
3.129449407880699255e+03
3.161782056451295830e+03
3.194204158012298194e+03
3.226708064883381667e+03
3.259277334577750935e+03
3.291913114221558317e+03
3.324607756134479587e+03
3.357344817829718068e+03
3.390125446433424713e+03
3.422933199458804211e+03
3.455760429225532334e+03
3.488608282859760948e+03
3.521460317874692919e+03
3.554300362760571261e+03
3.587139714335219651e+03
3.619954761167605284e+03
3.652748276246117257e+03
3.685505442946196581e+03
3.718229034256232808e+03
3.750904233551666948e+03
3.783525019014414738e+03
3.816076574019916279e+03
3.848570466363034939e+03
3.880983084612739276e+03
3.913308406950943208e+03
3.945549206366035378e+03
3.977681871426984799e+03
4.009709175122178749e+03
4.041598711214109244e+03
4.073344457884692019e+03
4.104931598509367177e+03
4.136345316463574818e+03
4.167570795122756863e+03
4.198584217506236200e+03
4.229396123660671947e+03
4.259990463663657465e+03
4.290368777205734659e+03
4.320523809170973436e+03
4.350465894056386787e+03
4.380170187133096078e+03
4.409647022898117939e+03
4.438880351429044822e+03
4.467862917609944816e+03
4.496569876711935649e+03
4.524993973619086319e+03
4.553127953215463094e+03
4.580946970772185523e+03
4.608452565979795509e+03
4.635628688915884595e+03
4.662468084464522690e+03
4.688963497509776971e+03
4.715107672935714618e+03
4.740893355626401899e+03
4.766304495659434906e+03
4.791351427531828449e+03
4.816009306514702075e+03
4.840270877492122963e+03
4.864137680154633017e+03
4.887593798802711717e+03
4.910632649434845916e+03
4.933238987465936589e+03
4.955415157923832339e+03
4.977154711029905229e+03
4.998442402199057142e+03
5.019280576459135773e+03
5.039662784031515002e+03
5.059573780331093076e+03
5.079015910385719508e+03
5.097973929610295272e+03
5.116450183032667155e+03
5.134438220874207218e+03
5.151922798549819163e+03
5.168906261087347957e+03
5.185382158708170209e+03
5.201335246827183255e+03
5.216759075665760975e+03
5.231664785058229427e+03
5.246037130419486857e+03
5.259878456777378233e+03
5.273191109159757616e+03
5.285977432594468155e+03
5.298213387689939736e+03
5.309918909086967687e+03
5.321078353333849009e+03
5.331683276318941353e+03
5.341707245451047129e+03
5.351159007364872195e+03
5.360003334662746965e+03
5.368248973979373659e+03
5.375878287530034868e+03
5.382882432336480633e+03
5.389296539452840989e+03
5.395102971094394888e+03
5.400310473895846371e+03
5.404936589298374201e+03
5.408981269130207693e+03
5.412453260026049065e+03
5.415352513814129452e+03
5.417661392709726897e+03
5.419379848541071624e+03
5.420507833136391127e+03
5.421036503517438177e+03
5.420957016705972819e+03
5.420278119336693635e+03
5.418982173624881398e+03
5.417077926205239237e+03
5.414574123712473011e+03
5.411470717974810213e+03
5.407758866014004525e+03
5.403447314464760893e+03
5.398536015155308633e+03
5.393033714720349963e+03
5.386931570181641291e+03
5.380238328173883019e+03
5.372962735331782824e+03
5.365095948677091656e+03
5.356637920038039738e+03
5.347606190855806744e+03
5.337983123345669810e+03
5.327795053755284243e+03
5.317033139106403723e+03
5.305706126033733199e+03
5.293813966365498345e+03
5.281356611929930295e+03
5.268351604168208723e+03
5.254798894908559305e+03
5.240698435979215901e+03
5.226067768821350001e+03
5.210915640069672008e+03
5.195233206745934694e+03
5.179046805097788820e+03
5.162347592146988063e+03
5.145153109334715737e+03
5.127454188829759914e+03
5.109257953002012982e+03
5.090562404561928815e+03
5.071383135832908920e+03
5.051700559912461358e+03
5.031530269123987637e+03
5.010879060984415446e+03
4.989762527817150840e+03
4.968187467139122418e+03
4.946178266080203684e+03
4.923732927350853970e+03
4.900875838080949507e+03
4.877613795787420713e+03
4.853953597987193461e+03
4.829893247390723445e+03
4.805439541514938355e+03
4.780608072683242426e+03
4.755396843606089533e+03
4.729803856993935369e+03
4.703835910363704897e+03
4.677517390845279806e+03
4.650837506342637425e+03
4.623829438792131441e+03
4.596482396097740093e+03
4.568811970582868526e+03
4.540842549377394789e+03
4.512572135191770940e+03
4.484007525542927397e+03
4.455164312754269304e+03
4.426058089149195439e+03
4.396686857438163315e+03
4.367066209944575348e+03
4.337211738991834864e+03
4.307121447290396645e+03
4.276810927163664019e+03
4.246286976128565584e+03
4.215573981314978482e+03
4.184669945433359317e+03
4.153581666000633959e+03
4.122333530146682278e+03
4.090932335388431966e+03
4.059376084436337351e+03
4.027680369613803123e+03
3.995860783244230788e+03
3.963915328038076950e+03
3.931859596318742206e+03
3.899691590796682249e+03
3.867435698601774675e+03
3.835098717250948994e+03
3.802687444261133351e+03
3.770217423103762030e+03
3.737704001842402249e+03
3.705153684882173366e+03
3.672581771434673556e+03
3.640003560711498722e+03
3.607416762311294860e+03
3.574845470252134874e+03
3.542296188939139029e+03
3.509775422777430776e+03
3.477280881365655205e+03
3.444845453528360395e+03
3.412458054057716254e+03
3.380142776971796593e+03
3.347906126675721680e+03
3.315745812768137966e+03
3.283685929267118354e+03
3.251732980577784019e+03
3.219902265911730865e+03
3.188191494867605797e+03
3.156607171850531358e+03
3.125182185685053355e+03
3.093896656356868789e+03
3.062783472690524377e+03
3.031831549478192301e+03
3.001064980737943188e+03
2.970481476068424399e+03
2.940096334681233657e+03
2.909916060981489863e+03
2.879947159374318289e+03
2.850204929071312563e+03
2.820687079671121410e+03
2.791408910385340278e+03
2.762368130812616073e+03
2.733580040164546972e+03
2.705059937652728422e+03
2.676805532875807785e+03
2.648823330238905328e+03
2.621119834147144502e+03
2.593710343812120755e+03
2.566601363638957082e+03
2.539790603226299936e+03
2.513284566979270039e+03
2.487089759302990387e+03
2.461203889796107887e+03
2.435633462863743716e+03
2.410384982911020415e+03
2.385456159536584892e+03
2.360853497145558322e+03
2.336592294949537518e+03
2.312670262547168932e+03
2.289102971297991644e+03
2.265898286346834993e+03
2.243055550179994952e+03
2.220582900090242219e+03
2.198497268176823582e+03
2.176789202119559832e+03
2.155466839211223032e+03
2.134538316744582517e+03
2.114002977205936531e+03
2.093860163081580140e+03
2.074118011664284950e+03
2.054775865440347843e+03
2.035850656509013334e+03
2.017324137743628626e+03
1.999222036049915232e+03
1.981534899107693491e+03
1.964270864209735464e+03
1.947429273842337125e+03
1.931009470491794900e+03
1.915028386257354214e+03
1.899467774012362270e+03
1.884344565856064719e+03
1.869649309468283718e+03
1.855390142141789966e+03
1.841557611556404254e+03
1.828159855004899100e+03
1.815205009780044065e+03
1.802674828755187946e+03
1.790586244029574118e+03
1.778938598089500601e+03
1.767722438614789326e+03
1.756945902898210079e+03
1.746608333426059517e+03
1.736700277878159568e+03
1.727221078740807116e+03
1.718178873306771720e+03
1.709573004062350947e+03
1.701385223880891317e+03
1.693623670055163529e+03
1.686287685071464239e+03
1.679376611416090327e+03
1.672872201962387180e+03
1.666791388809602267e+03
1.661115924831081429e+03
1.655845152513121548e+03
1.650978414342018368e+03
1.646506257997593821e+03
1.642436820772619058e+03
1.638760650346915554e+03
1.635477089206779510e+03
1.632585781128871076e+03
1.630078780244830341e+03
1.627957236783136523e+03
1.626222300972267703e+03
1.624857533427753197e+03
1.623864084378071766e+03
1.623243104051702176e+03
1.622986947870648009e+03
1.623079176450438581e+03
1.623538529632502332e+03
1.624330978419418670e+03
1.625475262652615811e+03
1.626963737754098020e+03
1.628788759145868653e+03
1.630933887443456797e+03
1.633417862488291348e+03
1.636215450089426213e+03
1.639336595281815107e+03
1.642764858680986663e+03
1.646510185321894824e+03
1.650556135820069130e+03
1.654895065597512257e+03
1.659536919689178831e+03
1.664465258710597254e+03
1.669672438083772022e+03
1.675159608037181670e+03
1.680901534379879877e+03
1.686916956953295994e+03
1.693171846760008975e+03
1.699667354028498039e+03
1.706404628987241040e+03
1.713367232251767291e+03
1.720565108857031191e+03
1.727973024612085965e+03
1.735600924551886237e+03
1.743441164098434683e+03
1.751486098673735341e+03
1.759728083699793615e+03
1.768168269405086676e+03
1.776790216405144065e+03
1.785586280121970049e+03
1.794540021171093485e+03
1.803652589780993139e+03
1.812907546567197869e+03
1.822297246951712395e+03
1.831814046356539848e+03
1.841450300203684719e+03
1.851215953528100044e+03
1.861094566945314909e+03
1.871078495877334035e+03
1.881168973209767046e+03
1.891367562456752694e+03
1.901649525370136644e+03
1.912016508121189418e+03
1.922452567268231860e+03
1.932950554176059313e+03
1.943503320209467120e+03
1.954094921926776578e+03
1.964709415886307170e+03
1.975366037872279776e+03
1.986031254830065109e+03
1.996733097350357639e+03
2.007438032378528533e+03
2.018174090505272716e+03
2.028907738675960672e+03
2.039658212674813285e+03
2.050409569060149806e+03
2.061145864390291990e+03
2.071868744836509904e+03
2.082562266957123938e+03
2.093210487310455392e+03
2.103815052067773649e+03
2.114360017787399556e+03
2.124847030640603862e+03
2.135268941992182135e+03
2.145627398013404218e+03
2.155906455262590953e+03
2.166116554717487361e+03
2.176259342549363737e+03
2.186310080510065291e+03
2.196288004383812222e+03
2.206159581115975925e+03
2.215935251684301875e+03
2.225599072647109551e+03
2.235135100562721163e+03
2.244553776408879912e+03
2.253839156743908461e+03
2.262984092932600561e+03
2.271999025952702141e+03
2.280868012362533136e+03
2.289592698333365206e+03
2.298174730036467736e+03
2.306615753643110111e+03
2.314908620518088810e+03
2.323046182026198949e+03
2.331030084338711276e+03
2.338844384013946183e+03
2.346490727223173053e+03
2.353961965331188821e+03
2.361250949702788148e+03
2.368350361302443616e+03
2.375260994299813774e+03
2.381974677657758548e+03
2.388492035145613045e+03
2.394822485339187097e+03
2.400949062394866814e+03
2.406881184888460211e+03
2.412610681782830852e+03
2.418129382040835935e+03
2.423455499044761837e+03
2.428563272144518578e+03
2.433470914722392081e+03
2.438161460934766637e+03
2.442635534550977354e+03
2.446893759340360248e+03
2.450936759072250425e+03
2.454756362709507357e+03
2.458344399214991427e+03
2.461710287164513375e+03
2.464837060714457948e+03
2.467734138440635888e+03
2.470393349305906668e+03
2.472806522273131577e+03
2.474991870724594264e+03
2.476932428816681295e+03
2.478646409931676317e+03
2.480125643032439712e+03
2.481370751888307950e+03
2.482382360268615230e+03
2.483169886749170928e+03
2.483716365486361155e+03
2.484040009862470924e+03
2.484132648840359707e+03
2.483986111382888339e+03
2.483618610872342288e+03
2.483013181465105845e+03
2.482188036543464023e+03
2.481135005070277202e+03
2.479863505621355216e+03
2.478356572353083266e+03
2.476641213454221997e+03
2.474709257887631338e+03
2.472552534616170306e+03
2.470189257022124821e+03
2.467620048874829536e+03
2.464836739137145287e+03
2.461848746384880997e+03
2.458656694387373136e+03
2.455261206913954993e+03
2.451662907733964403e+03
2.447879784507963905e+03
2.443893742783747257e+03
2.439721641613284646e+03
2.435371545242073807e+03
2.430833928302662116e+03
2.426108060234070763e+03
2.421219594894747388e+03
2.416150212110762368e+03
2.410907976127614802e+03
2.405492156384324971e+03
2.399919611932865791e+03
2.394172022599308548e+03
2.388266247435626155e+03
2.382210350687314985e+03
2.375986012180446323e+03
2.369610090966993994e+03
2.363090651292453003e+03
2.356418167789371182e+03
2.349600704703245810e+03
2.342637531473098534e+03
2.335536712344426178e+03
2.328306311562725114e+03
2.320945598567017896e+03
2.313453842796326171e+03
2.305856698109097579e+03
2.298135844331403860e+03
2.290316935321689925e+03
2.282390445712504970e+03
2.274364439749344911e+03
2.266246981677707481e+03
2.258046135743088143e+03
2.249761171384509908e+03
2.241391358040993964e+03
2.232953554764512774e+03
2.224447030994088436e+03
2.215871056168742598e+03
2.207233694533971629e+03
2.198551805141748446e+03
2.189807067818143878e+03
2.181025136421605566e+03
2.172205280391155156e+03
2.163346769165813384e+03
2.154457666991079805e+03
2.145537243305974243e+03
2.136602357162468707e+03
2.127652277999586204e+03
2.118686275256348381e+03
2.109712413178251154e+03
2.100738756010792258e+03
2.091764573192993339e+03
2.082806652760738871e+03
2.073846319459664301e+03
2.064917595858167260e+03
2.056001735685796120e+03
2.047106377091523655e+03
2.038247953030796680e+03
2.029416512039639883e+03
2.020628487073499855e+03
2.011891516281349595e+03
2.003186853392738158e+03
1.994548520976061127e+03
1.985957772760868693e+03
1.977422246896132947e+03
1.968967171143776568e+03
1.960565004426872974e+03
1.952249769313819115e+03
1.944011514340638541e+03
1.935857877656303799e+03
1.927787702603312937e+03
1.919808627330639638e+03
1.911937084793730492e+03
1.904163123528608821e+03
1.896485586877773130e+03
1.888920907796670917e+03
1.881467929627800004e+03
1.874134290520133163e+03
1.866910039009693492e+03
1.859820402858404350e+03
1.852846635795812745e+03
1.846005170777367539e+03
1.839294851145566099e+03
1.832714520242906474e+03
1.826280611024836617e+03
1.819983172027379396e+03
1.813829841399508041e+03
1.807828257290195324e+03
1.801977263041938841e+03
1.796275701997237093e+03
1.790731212305062172e+03
1.785342637307912810e+03
1.780117615154761552e+03
1.775046194381632631e+03
1.770153602750446680e+03
1.765412299184278936e+03
1.760847511445050486e+03
1.756458082875259834e+03
1.752234062010931439e+03
1.748183087001036256e+03
1.744304001188073244e+03
1.740613237527490355e+03
1.737092175263034505e+03
1.733749080114676872e+03
1.730592343316586721e+03
1.727621561296457912e+03
1.724845125288461077e+03
1.722245042107340851e+03
1.719838497793741453e+03
1.717625088775358563e+03
1.715604411479886039e+03
1.713776062335018878e+03
1.712139637768451621e+03
1.710703529014354444e+03
1.709458537693946937e+03
1.708413055041398138e+03
1.707566677484404181e+03
1.706910206644183745e+03
1.706452033754907006e+03
1.706200550050743004e+03
1.706137762346437512e+03
1.706280856682634976e+03
1.706620634680554758e+03
1.707156692767891627e+03
1.707888627372341034e+03
1.708816034921597293e+03
1.709947306649830125e+03
1.711273244178259347e+03
1.712793443934579955e+03
1.714498707540011537e+03
1.716406221035198769e+03
1.718506786041361465e+03
1.720791204179720353e+03
1.723259071877968836e+03
1.725918780370278000e+03
1.728769926084341023e+03
1.731794515834903905e+03
1.735000940856137049e+03
1.738388797575733633e+03
1.741957682421390018e+03
1.745707191820799153e+03
1.749628127395182446e+03
1.753720085572234666e+03
1.757982662779649672e+03
1.762415455445123371e+03
1.767009265189874895e+03
1.771772483248074195e+03
1.776678321627991181e+03
1.781752761176745935e+03
1.786969013902608140e+03
1.792344265846222697e+03
1.797860523822333789e+03
1.803517564815477499e+03
1.809307093231074077e+03
1.815238583644334312e+03
1.821312715823993130e+03
1.827503785119362419e+03
1.833838855718601963e+03
1.840292222971023648e+03
1.846864566645363539e+03
1.853565361316830376e+03
1.860377697141211684e+03
1.867302253887243069e+03
1.874348506130134410e+03
1.881490749219197369e+03
1.888738457729642505e+03
1.896092311430205427e+03
1.903535400476672294e+03
1.911068404637778713e+03
1.918692003682260747e+03
1.926398082572379053e+03
1.934187321076868784e+03
1.942051604157991505e+03
1.949991611584482825e+03
1.958008023125078807e+03
1.966092723742039198e+03
1.974246393204100514e+03
1.982460916473523866e+03
1.990736973319044864e+03
1.999075243509398433e+03
2.007450022393896916e+03
2.015879579354224688e+03
2.024355799352643544e+03
2.032861772544939413e+03
2.041406973506321947e+03
2.049983287199052484e+03
2.058573803778918318e+03
2.067196792627602917e+03
2.075826549094418624e+03
2.084472547754575771e+03
2.093126673570335697e+03
2.101780811503958375e+03
2.110426846517705144e+03
2.119065458380312521e+03
2.127697326860514295e+03
2.136305542114098444e+03
2.144890783909800120e+03
2.153444937209879754e+03
2.161968681783073862e+03
2.170453902591642418e+03
2.178901279404321940e+03
2.187302697183372857e+03
2.195650101347256168e+03
2.203935679139231979e+03
2.212169267871709508e+03
2.220343115244148066e+03
2.228449468956008786e+03
2.236480576706750526e+03
2.244455070615257682e+03
2.252356403574515753e+03
2.260185618090459229e+03
2.267934961862547425e+03
2.275605477396715742e+03
2.283189412392423037e+03
2.290687809355605168e+03
2.298084121179246722e+03
2.305379390369281737e+03
2.312574659431646069e+03
2.319653381259323396e+03
2.326625393164724301e+03
2.333465353234358645e+03
2.340191893587110371e+03
2.346788467115965886e+03
2.353247321520383593e+03
2.359578294112772710e+03
2.365764837786119642e+03
2.371807995046357973e+03
2.377717603205897831e+03
2.383485909964198527e+03
2.389113957827194554e+03
2.394602789300821314e+03
2.399944652084538120e+03
2.405149383490754644e+03
2.410200436412455929e+03
2.415107648162050737e+03
2.419854471632524564e+03
2.424441949329812815e+03
2.428853534146900074e+03
2.433099063396195106e+03
2.437170784777158133e+03
2.441052151182775560e+03
2.444761794731929513e+03
2.448283168317606396e+03
2.451626109252214974e+03
2.454782865235215468e+03
2.457754478772542370e+03
2.460533197563655904e+03
2.463128858920964831e+03
2.465542505350403644e+03
2.467766384551433475e+03
2.469810333836462632e+03
2.471666600904950883e+03
2.473336130668439182e+03
2.474828272467361330e+03
2.476125893628334779e+03
2.477238245897399338e+03
2.478148196601172003e+03
2.478847407872743133e+03
2.479336336651677357e+03
2.479615439877544304e+03
2.479676379683431151e+03
2.479519613008904798e+03
2.479145596793531240e+03
2.478572377589825919e+03
2.477791617530880103e+03
2.476812568362734055e+03
2.475644481831427129e+03
2.474287814876526681e+03
2.472734229631123526e+03
2.470984183034782745e+03
2.469029337220595153e+03
2.466861354321652925e+03
2.464471896471046421e+03
2.461861420608342087e+03
2.459021588866629372e+03
2.455961652991949904e+03
2.452690864730344401e+03
2.449209681021377492e+03
2.445527353611090803e+03
2.441644339439049872e+03
2.437578685057770144e+03
2.433330847406816702e+03
2.428901283425755537e+03
2.424281655247677918e+03
2.419463625005675567e+03
2.414456444445787838e+03
2.409242980894630819e+03
2.403814896485296231e+03
2.398181442963825248e+03
2.392351872076257223e+03
2.386309051149209154e+03
2.380088616348145479e+03
2.373682229806156556e+03
2.367099143269284014e+03
2.360339813677093389e+03
2.353431082388573941e+03
2.346347021923867942e+03
2.339105678835490380e+03
2.331689920450058253e+03
2.324108998513610914e+03
2.316354575159240085e+03
2.308418312520036125e+03
2.300318094137666776e+03
2.292044767090976165e+03
2.283606605060913353e+03
2.275003086921948579e+03
2.266260075967979446e+03
2.257359461460527200e+03
2.248327106693489441e+03
2.239162490541337320e+03
2.229865091878543808e+03
2.220434389579579602e+03
2.210878657325392851e+03
2.201188579183979527e+03
2.191381223642762507e+03
2.181447274769738215e+03
2.171386211439379167e+03
2.161215102139106875e+03
2.150915836130443040e+03
2.140496687094335812e+03
2.129965928711730612e+03
2.119314245050625686e+03
2.108549909791967821e+03
2.097681196616703346e+03
2.086698789592830508e+03
2.075619757207768998e+03
2.064443578335992697e+03
2.053178526658447481e+03
2.041824081049605866e+03
2.030406104803363633e+03
2.018906487181243847e+03
2.007342296670667338e+03
1.995704217339631668e+03
1.984009317675559259e+03
1.972248281746446537e+03
1.960420588426765562e+03
1.948534511397463802e+03
1.936589529533012183e+03
1.924585121707883218e+03
1.912538356409499329e+03
1.900431122899381990e+03
1.888289284471427663e+03
1.876103525193634141e+03
1.863882118746948208e+03
1.851624544005840789e+03
1.839347869457734987e+03
1.827033984364152047e+03
1.814708752018989117e+03
1.802362856490243530e+03
1.790004571458861392e+03
1.777642170605789715e+03
1.765275132805501244e+03
1.752902870660230974e+03
1.740542121296220557e+03
1.728191965954526268e+03
1.715851485876203242e+03
1.703528557108782252e+03
1.691222260893319117e+03
1.678949268083818879e+03
1.666699865114862178e+03
1.654481928033980694e+03
1.642294538082228883e+03
1.630145571307137743e+03
1.618042903756238047e+03
1.605985616670585614e+03
1.593972791291235808e+03
1.582003508859244448e+03
1.570094440228616577e+03
1.558235871833933288e+03
1.546426884916250856e+03
1.534684150329574322e+03
1.523006749314959052e+03
1.511384968306986366e+03
1.499835478159661079e+03
1.488366154920514418e+03
1.476958490217652070e+03
1.465637949711554711e+03
1.454394819836802299e+03
1.443236976640925832e+03
1.432172296171456310e+03
1.421199859669448870e+03
1.410318748375959331e+03
1.399528043532043739e+03
1.388844415991707137e+03
1.378258152189530392e+03
1.367777128173044503e+03
1.357400425183304606e+03
1.347127124461366748e+03
1.336965102054761473e+03
1.326913439204544602e+03
1.316980011958246223e+03
1.307155106750447658e+03
1.297455394435154403e+03
1.287871161446947099e+03
1.278410283833356289e+03
1.269071842835437565e+03
1.259863714500721926e+03
1.250776185263790012e+03
1.241825925978647547e+03
1.233003223079874715e+03
1.224307157808527336e+03
1.215754401018611588e+03
1.207335300496298032e+03
1.199049244240594135e+03
1.190904476408571782e+03
1.182891651544354545e+03
1.175027808611488808e+03
1.167303602154097689e+03
1.159727276329253755e+03
1.152289485681078986e+03
1.144998474366646178e+03
1.137862486543027899e+03
1.130872176754346128e+03
1.124035789157674117e+03
1.117352773103609024e+03
1.110822577942748467e+03
1.104444653025689604e+03
1.098218447703030279e+03
1.092152206131842831e+03
1.086236582856249470e+03
1.080479822033323671e+03
1.074881373013662142e+03
1.069431890341387543e+03
1.064139618173572899e+03
1.059004005860814914e+03
1.054033297560186838e+03
1.049209353009335928e+03
1.044540416365334750e+03
1.040034731785255417e+03
1.035682953813221047e+03
1.031484531799829028e+03
1.027447709902151701e+03
1.023563142664312181e+03
1.019830279436907063e+03
1.016248569570534755e+03
1.012826257222267259e+03
1.009553996936227577e+03
1.006431238063012756e+03
1.003466224759695592e+03
1.000649611570398974e+03
9.979808478457199499e+02
9.954593829362564747e+02
9.930846661926055958e+02
9.908649417718403356e+02
9.887820694116080631e+02
9.868530880754561849e+02
9.850598575010326385e+02
9.834106218454101054e+02
9.819048304591852911e+02
9.805419326929564932e+02
9.793125830908460330e+02
9.782250258099267057e+02
9.772612523021635980e+02
9.764389601026895207e+02
9.757407992350567838e+02
9.751758041422401675e+02
9.747266248477918680e+02
9.744110906011621864e+02
9.742118514259025233e+02
9.741379417649886818e+02
9.741896012549218540e+02
9.743494799192528717e+02
9.746354070074329456e+02
9.750300325430130215e+02
9.755335961624944048e+02
9.761639271153276241e+02
9.768948806185892408e+02
9.777442859217296700e+02
9.787123826612502171e+02
9.797818208607019415e+02
9.809616349630611012e+02
9.822520646048280923e+02
9.836445546160297226e+02
9.851393446331662744e+02
9.867190846797900576e+02
9.884016040053509187e+02
9.901607578269259875e+02
9.920143753939655653e+02
9.939451067300210525e+02
9.959531914715937546e+02
9.980564588681336318e+02
1.000228764136718041e+03
1.002487936526797057e+03
1.004816626061922079e+03
1.007232661991543978e+03
1.009718694339214153e+03
1.012283757547908181e+03
1.014910501641177348e+03
1.017590371449048462e+03
1.020341196220971483e+03
1.023145625980498153e+03
1.025995105557654597e+03
1.028898669395416618e+03
1.031847762323810684e+03
1.034833829172862579e+03
1.037874699192022945e+03
1.040953022404843523e+03
1.044069038447824823e+03
1.047222986957468493e+03
1.050415107570274813e+03
1.053636845116270251e+03
1.056888439231956227e+03
1.060161407687934343e+03
1.063456354823583297e+03
1.066773957918858969e+03
1.070114894253715875e+03
1.073462251495159762e+03
1.076825501729619873e+03
1.080196527430576907e+03
1.083576005877985608e+03
1.086955819545325994e+03
1.090345440519028216e+03
1.093736751272572292e+03
1.097130429085912965e+03
1.100518356432530709e+03
1.103901210592380494e+03
1.107270874038942566e+03
1.110636818858646393e+03
1.113982132718497269e+03
1.117325082511400524e+03
1.120639961097886498e+03
1.123945035370858932e+03
1.127223392997324027e+03
1.130484506063711024e+03
1.133711462237026126e+03
1.136913733603698347e+03
1.140083202637208387e+03
1.143229341423985716e+03
1.146335237631035852e+03
1.149410363344788266e+03
1.152437806232248931e+03
1.155435833186321815e+03
1.158387531874012438e+03
1.161293579575276226e+03
1.164154653570067467e+03
1.166971431138341813e+03
1.169735794753579057e+03
1.172448421695734396e+03
1.175109989244762573e+03
1.177712379874143608e+03
1.180256270863833151e+03
1.182742339493785721e+03
1.185171263043956060e+03
1.187534923987824868e+03
1.189833999605346662e+03
1.192069167176477094e+03
1.194241103981170454e+03
1.196341692492906986e+03
1.198380404798116842e+03
1.200349123370279813e+03
1.202239730682876370e+03
1.204070493628810937e+03
1.205815671879784531e+03
1.207493366384552701e+03
1.209086465677142996e+03
1.210613037517480734e+03
1.212055970439593921e+03
1.213415742590458422e+03
1.214701626923525964e+03
1.215896511972823419e+03
1.217018465498276782e+03
1.218050376033913381e+03
1.219001516533184031e+03
1.219863570336591465e+03
1.220645810397586047e+03
1.221339920056670053e+03
1.221946377460820486e+03
1.222465660757013211e+03
1.222898248092224549e+03
1.223244617613432183e+03
1.223496452661137482e+03
1.223654231382316311e+03
1.223727226730420625e+03
1.223707122045952246e+03
1.223594395475887723e+03
1.223398319973678326e+03
1.223101784073351155e+03
1.222705265921882528e+03
1.222226833279199127e+03
1.221658169485802091e+03
1.220990957882193925e+03
1.220243266228299944e+03
1.219397983058147702e+03
1.218464381325188242e+03
1.217442939176398340e+03
1.216325339952280046e+03
1.215120856606284406e+03
1.213829967285387738e+03
1.212444355330092321e+03
1.210973293693849428e+03
1.209417260523635150e+03
1.207759144353476813e+03
1.206025807749776050e+03
1.204200139246558592e+03
1.202291411797276623e+03
1.200291308742431511e+03
1.198209103035475209e+03
1.196045272823383584e+03
1.193800296253133411e+03
1.191465856665226738e+03
1.189051227013114840e+03
1.186556885443774036e+03
1.183983215243434870e+03
1.181330220255342965e+03
1.178606604268472211e+03
1.175794686652372548e+03
1.172911966002492818e+03
1.169949556494857234e+03
1.166916161918440139e+03
1.163811691255740470e+03
1.160636053489258074e+03
1.157389157601492116e+03
1.154070912574941985e+03
1.150690022198581346e+03
1.147237600648435091e+03
1.143722351713477110e+03
1.140144184376206795e+03
1.136494212812648357e+03
1.132781140811776368e+03
1.129004877356090446e+03
1.125174126234563346e+03
1.121280001623221096e+03
1.117331207311036678e+03
1.113327652280509938e+03
1.109269245514140039e+03
1.105155895994426146e+03
1.100987512703868106e+03
1.096772799431439353e+03
1.092511665159639278e+03
1.088195224064492777e+03
1.083840974741448463e+03
1.079440031366531002e+03
1.074992302922239332e+03
1.070506493197548025e+03
1.065982511174956016e+03
1.061420265836962926e+03
1.056819666166067918e+03
1.052180621144769930e+03
1.047511834562043532e+03
1.042813215400387890e+03
1.038084672642301939e+03
1.033317320463811029e+03
1.028537452266837818e+03
1.023727387420933042e+03
1.018895829715070249e+03
1.014051482938222875e+03
1.009185461266416723e+03
1.004297673682150275e+03
9.993968239743978756e+02
9.944916159321335272e+02
9.895731637313817828e+02
9.846413763546419204e+02
9.797048935895554678e+02
9.747633044119595525e+02
9.698161337963587130e+02
9.648717015237320993e+02
9.599207377621095247e+02
9.549715622924702529e+02
9.500237000893187087e+02
9.450854709336344968e+02
9.401563997999218145e+02
9.352272168562102479e+02
9.303062418834796290e+02
9.254017946627089941e+02
9.205046053619279292e+02
9.156229937621156978e+02
9.107652796442516774e+02
9.059133983698910697e+02
9.010844645264877499e+02
8.962780030885462565e+02
8.914935390305710143e+02
8.867218025205916092e+02
8.819887029525374373e+02
8.772673808814880658e+02
8.725837457013727771e+02
8.679197327737463183e+02
8.632924566860630193e+02
8.586926476063521250e+02
8.541286253155931263e+02
8.495999147882907891e+02
8.451148358054239225e+02
8.406641185350230216e+02
8.362472879515919431e+02
8.318726638361100640e+02
8.275485659695569893e+02
8.232569297134872386e+02
8.190148696553553691e+02
8.148131159631908531e+02
8.106599884179728406e+02
8.065550119942059837e+02
8.024977116663949346e+02
7.984876124090438907e+02
7.945330340031326841e+02
7.906335014231651712e+02
7.867797448371716200e+02
7.829800840261309531e+02
7.792340439645478227e+02
7.755499444334016061e+02
7.719185156007220030e+02
7.683480772474882770e+02
7.648293595417301276e+02
7.613794770709016575e+02
7.579803815173905832e+02
7.546404742663387424e+02
7.513681730237209422e+02
7.481543058825625394e+02
7.450072905488383412e+02
7.419267499220480886e+02
7.389123069016917498e+02
7.359635843872694068e+02
7.330714104718061890e+02
7.302617924742264677e+02
7.275079688746058082e+02
7.248271521853938566e+02
7.222189653060903538e+02
7.196742363297207703e+02
7.172013829622595722e+02
7.147912332967320026e+02
7.124609998455878213e+02
7.102015107018518165e+02
7.080123887650244114e+02
7.058932569346051196e+02
7.038437381100944776e+02
7.018722499974668381e+02
6.999696206897472166e+02
6.981345936057883819e+02
6.963755864515651410e+02
6.946895836846349539e+02
6.930762082044975614e+02
6.915350829106532728e+02
6.900658307026020566e+02
6.886689539604910806e+02
6.873440755838204268e+02
6.860908184720902909e+02
6.849088055248000728e+02
6.837976596414504229e+02
6.827578832021882818e+02
6.817882196258665317e+02
6.808891712926324544e+02
6.800594816213382501e+02
6.792987735114843417e+02
6.786084288238653244e+02
6.779863114966865396e+02
6.774320444294476147e+02
6.769452505216487452e+02
6.765264321534373266e+02
6.761725737823709323e+02
6.758850572692443848e+02
6.756617465522626844e+02
6.755031440115735677e+02
6.754071135853816941e+02
6.753732781731872592e+02
6.754013302055294616e+02
6.754903607564576760e+02
6.756395304310607344e+02
6.758479998344272417e+02
6.761175680135884249e+02
6.764447571316906078e+02
6.768304867551172492e+02
6.772739174889571814e+02
6.777742099382992365e+02
6.783296452275844786e+02
6.789411429231968214e+02
6.796069841495774426e+02
6.803263295118148335e+02
6.810983396149979399e+02
6.819221750642152529e+02
6.827969964645557184e+02
6.837219644211081686e+02
6.846962395389609810e+02
6.857189824232029878e+02
6.867884741982755941e+02
6.879047549499150591e+02
6.890669852832096467e+02
6.902725668419535623e+02
6.915215397118828378e+02
6.928121850174385372e+02
6.941436633637098339e+02
6.955151353557851053e+02
6.969248821181057565e+02
6.983711847751127380e+02
6.998540834125425363e+02
7.013718591548364429e+02
7.029219136457880950e+02
7.045051664517811787e+02
7.061190192166093311e+02
7.077617530647140711e+02
7.094334080818315442e+02
7.111313859117551601e+02
7.128557266402215191e+02
7.146038319110242583e+02
7.163739828486046690e+02
7.181662195386988969e+02
7.199779436251005791e+02
7.218083157128986613e+02
7.236547374458867807e+02
7.255172489098013102e+02
7.273932517484358868e+02
7.292819065668791154e+02
7.311806150089249741e+02
7.330894171603094946e+02
7.350057146648266553e+02
7.369287217689170575e+02
7.388569878037822036e+02
7.407917541839183286e+02
7.427228290754042064e+02
7.446628871411529644e+02
7.466034955085384581e+02
7.485450161114097227e+02
7.504878108836146566e+02
7.524234469525272289e+02
7.543522862519963610e+02
7.562746907158704062e+02
7.581998170844726701e+02
7.601104376787021693e+02
7.620157092388822093e+02
7.639159936988615982e+02
7.657940633795390113e+02
7.676678698277128206e+02
7.695289801707567676e+02
7.713689615360449352e+02
7.732057654703748995e+02
7.750133694881711790e+02
7.768097251362320321e+02
7.785863995419309731e+02
7.803437546391168098e+02
7.820733575551632839e+02
7.837843650303937011e+02
7.854771389986566419e+02
7.871432465873259616e+02
7.887830497302500135e+02
7.903881155548031074e+02
7.919763956077828198e+02
7.935306622100883942e+02
7.950512772955685250e+02
7.965386027980715653e+02
7.980017954579210482e+02
7.994324224024906016e+02
8.008220507591539672e+02
8.021798372682350191e+02
8.034973490571068169e+02
8.047837428660932346e+02
8.060305858225677866e+02
8.072382398603793945e+02
8.084158617198509091e+02
8.095462237218816881e+02
8.106296878003201982e+02
8.116754106954900863e+02
8.126837543412392506e+02
8.136374910584673898e+02
8.145545723939725349e+02
8.154177706686532474e+02
8.162450314356368608e+02
8.170190970474659480e+02
8.177490882824364462e+02
8.184353311123695676e+02
8.190693567026117989e+02
8.196514910249842387e+02
8.201820600513076442e+02
8.206701845598785212e+02
8.210986009095680629e+02
8.214852246851470454e+02
8.218127922454868894e+02
8.220904243688838733e+02
8.223096522206840291e+02
8.224795965791835215e+02
8.225917886097286100e+02
8.226553490906152319e+02
8.226618091871895331e+02
8.226202896777476781e+02
8.225223217276359264e+02
8.223682313086754903e+02
8.221583443926875816e+02
8.218929869514929578e+02
8.215812797633878972e+02
8.212059591872439341e+02
8.207761460013568922e+02
8.202921661775477560e+02
8.197455508811632399e+02
8.191454208904990537e+02
8.184921021773762959e+02
8.177859207136162922e+02
8.170184076645651885e+02
8.161986838085189220e+02
8.153182803108240932e+02
8.143863179497762985e+02
8.133943278907219110e+02
8.123514309119570953e+02
8.112491581788282247e+02
8.100878356631562838e+02
8.088765841432368688e+02
8.076157295908916467e+02
8.062968031714667632e+02
8.049201308567834303e+02
8.034860386186626329e+02
8.020036472354003081e+02
8.004644878723428292e+02
7.988688865013116356e+02
7.972259639006020961e+02
7.955272512355610388e+02
7.937730744780093346e+02
7.919725544062428071e+02
7.901259657303124868e+02
7.882245833067120202e+02
7.862684255366398247e+02
7.842663056277690430e+02
7.822182419812979788e+02
7.801242529984248222e+02
7.779843570803479906e+02
7.757897778217910627e+02
7.735493284304269537e+02
7.712630273074539673e+02
7.689308928540706347e+02
7.665529434714752597e+02
7.641291975608658049e+02
7.616596735234406879e+02
7.591443897603984396e+02
7.565921594794118619e+02
7.539942062752049878e+02
7.513593433554500507e+02
7.486787943148713111e+02
7.459525775546668456e+02
7.431983010889844081e+02
7.403983937060727385e+02
7.375528738071302541e+02
7.346793494063049366e+02
7.317602492918452981e+02
7.288131814778993203e+02
7.258293695591903543e+02
7.228088319369169312e+02
7.197603818187521938e+02
7.166752427994193795e+02
7.135622280865915172e+02
7.104125612749925267e+02
7.072350555722952095e+02
7.040385241861728218e+02
7.008053959048738761e+02
6.975532787425464676e+02
6.942646014874391085e+02
6.909569721536998941e+02
6.876304091425269007e+02
6.842717386454066855e+02
6.808941712732492988e+02
6.774959664659580767e+02
6.740780221053788637e+02
6.706403565927101909e+02
6.671847472904448750e+02
6.637120920804295565e+02
6.602241683251564837e+02
6.567209944258243013e+02
6.532043477449265083e+02
6.496751261643087219e+02
6.461341815780956495e+02
6.425839408908232144e+02
6.390232670967160402e+02
6.354536616319410314e+02
6.318766259326661157e+02
6.282919024737628888e+02
6.247001132107512831e+02
6.211027595797985441e+02
6.175004635364247179e+02
6.138938470361489408e+02
6.102835320344913725e+02
6.066727789289137718e+02
6.030604507136414441e+02
5.994489283054888347e+02
5.958397131406229619e+02
5.922325476939162172e+02
5.886289334015359600e+02
5.850303716996492085e+02
5.814366050631283542e+02
5.778491349281404155e+02
5.742685832502054382e+02
5.706955719848427862e+02
5.671307230875725054e+02
5.635755379945615005e+02
5.600306386613299310e+02
5.564975265240444742e+02
5.529759440575778626e+02
5.494673926980970009e+02
5.459733738817691346e+02
5.424936300834666554e+02
5.390296627393566951e+02
5.355812143243115315e+02
5.321506657551457238e+02
5.287377595067317770e+02
5.253431175345893962e+02
5.219682412748853721e+02
5.186119937218448968e+02
5.152776352729299560e+02
5.119649084030130552e+02
5.086744350676136719e+02
5.054068372222515109e+02
5.021644957837414154e+02
4.989462737463080657e+02
4.957545520267663051e+02
4.925881936193408137e+02
4.894495794408462075e+02
4.863393314468021345e+02
4.832563126314337296e+02
4.802029039115553246e+02
4.771788477620393110e+02
4.741847632954656433e+02
4.712212582526548772e+02
4.682898170121354156e+02
4.653892855104932096e+02
4.625211481262562643e+02
4.596860097573058397e+02
4.568844753015224569e+02
4.541171496567870349e+02
4.513846377209805496e+02
4.486866649113360950e+02
4.460238361257347037e+02
4.433976357427047219e+02
4.408069096988319302e+02
4.382540218532921585e+02
4.357378181426711308e+02
4.332597829454974203e+02
4.308187621983568079e+02
4.284162402797776394e+02
4.260528220876406635e+02
4.237273535585317177e+02
4.214421985516267455e+02
4.191953235228642711e+02
4.169882128507722996e+02
4.148214714332317499e+02
4.126948246874762276e+02
4.106079980307387700e+02
4.085624758415477800e+02
4.065579835371367494e+02
4.045951260153864837e+02
4.026727492128826498e+02
4.007923375081538211e+02
3.989536163184333191e+02
3.971563110609543514e+02
3.954001471529504670e+02
3.936848500116548735e+02
3.920119040155959738e+02
3.903801551013596622e+02
3.887893286861793172e+02
3.872400296679356302e+02
3.857319834638620932e+02
3.842649154911920846e+02
3.828394306478064664e+02
3.814543748702909056e+02
3.801103530565264350e+02
3.788070906237464328e+02
3.775434335085366229e+02
3.763208660894255786e+02
3.751382343029989102e+02
3.739943840858426825e+02
3.728916792971324980e+02
3.718272418968430202e+02
3.708018517062720321e+02
3.698154440507535128e+02
3.688679542556214415e+02
3.679593176462097972e+02
3.670885900672050752e+02
3.662565863245887385e+02
3.654623622630471687e+02
3.647058532079142879e+02
3.639869944845241321e+02
3.633057214182108510e+02
3.626619693343080257e+02
3.620547940775023790e+02
3.614841309731278898e+02
3.609499153465183667e+02
3.604520825230078458e+02
3.599896883472828222e+02
3.595626681446772182e+02
3.591700777598776426e+02
3.588118525182177905e+02
3.584879277450318682e+02
3.581973592850062005e+02
3.579400824634749938e+02
3.577151531251244023e+02
3.575225065952884620e+02
3.573620781993013225e+02
3.572320443012018245e+02
3.571332197069714880e+02
3.570646602612967513e+02
3.570254218088640528e+02
3.570154396750074284e+02
3.570337697044133165e+02
3.570794677417682124e+02
3.571533485930535790e+02
3.572535886223083139e+02
3.573792436742190830e+02
3.575311285547672355e+02
3.577074196279916123e+02
3.579080522192263629e+02
3.581320821731579827e+02
3.583785653344729099e+02
3.586474370285050668e+02
3.589377530999410055e+02
3.592494488741145915e+02
3.595807007150648928e+02
3.599314439481258887e+02
3.603007344179840175e+02
3.606876279693257175e+02
3.610920599274850247e+02
3.615122066565009504e+02
3.619480405614991696e+02
3.623996823667721969e+02
3.628646514344619618e+02
3.633448645299476993e+02
3.638378410153712252e+02
3.643428592141694935e+02
3.648609564110740848e+02
3.653905314488745262e+02
3.659317421316549712e+02
3.664829873022047764e+02
3.670444247646083795e+02
3.676144533616549666e+02
3.681941103780765729e+02
3.687817946566621572e+02
3.693767845208487302e+02
3.699783582940731890e+02
3.705866737804196873e+02
3.712010093033251792e+02
3.718197637055789642e+02
3.724430947912651959e+02
3.730702808838208284e+02
3.737006003066827589e+02
3.743333313832876570e+02
3.749686319177199039e+02
3.756049007527687991e+02
3.762422956925185531e+02
3.768800950604062905e+02
3.775184566605159944e+02
3.781548998549896510e+02
3.787895824479115277e+02
3.794235417240134893e+02
3.800534175647898110e+02
3.806802472549723575e+02
3.813033091179978555e+02
3.819218814773032591e+02
3.825352426563251811e+02
3.831426709785006324e+02
3.837443242479138235e+02
3.843394807880015946e+02
3.849265394415533024e+02
3.855056580126532708e+02
3.860769943053857105e+02
3.866380676818926077e+02
3.871907949075530269e+02
3.877318158638615273e+02
3.882630473161972873e+02
3.887828881073496632e+02
3.892897370801079546e+02
3.897846315192040265e+02
3.902668497480746623e+02
3.907356779825024660e+02
3.911904340076534368e+02
3.916313229816871058e+02
3.920576705821151222e+02
3.924696819670967329e+02
3.928658033334965012e+02
3.932462398394736738e+02
3.936103171625400705e+02
3.939591199415024221e+02
3.942902148925777510e+02
3.946046866545728449e+02
3.949009814243519259e+02
3.951793043600744681e+02
3.954398606198996617e+02
3.956819758813396106e+02
3.959058553025533342e+02
3.961099450804052822e+02
3.962944503730548718e+02
3.964604558193087769e+02
3.966055281353840201e+02
3.967316314407347591e+02
3.968372119322253297e+02
3.969215952873677793e+02
3.969867456256162086e+02
3.970302296631875834e+02
3.970522525582412072e+02
3.970538989495836972e+02
3.970336150340797303e+02
3.969916059698885533e+02
3.969280769151692425e+02
3.968423535474339019e+02
3.967346410248417783e+02
3.966042650249046915e+02
3.964514307057818883e+02
3.962754637449854158e+02
3.960783282619693182e+02
3.958584704535981587e+02
3.956160954780310703e+02
3.953514084934275274e+02
3.950646146579467768e+02
3.947559191297481789e+02
3.944246475863435535e+02
3.940710051858921474e+02
3.936943176059059510e+02
3.932965489658390652e+02
3.928752659819085693e+02
3.924315532929211372e+02
3.919664955376836701e+02
3.914776594324128496e+02
3.909678885772106582e+02
3.904356072264034196e+02
3.898817903061087691e+02
3.893065113192585613e+02
3.887089642881377927e+02
3.880892227156783179e+02
3.874482395854598167e+02
3.867852089197669443e+02
3.861002042215318966e+02
3.853932989936866420e+02
3.846654462198109172e+02
3.839158399221893205e+02
3.831445536037538773e+02
3.823525402480843809e+02
3.815389938774653160e+02
3.807057469561239031e+02
3.798519935063445701e+02
3.789778070310596263e+02
3.780841405138486380e+02
3.771710674576436304e+02
3.762386613653769132e+02
3.752869957399804548e+02
3.743161440843863943e+02
3.733270593821743546e+02
3.723189356556289908e+02
3.712936053689773530e+02
3.702493830638566692e+02
3.691881012044939325e+02
3.681098332938212820e+02
3.670137733541233729e+02
3.659017538496274256e+02
3.647729688026177541e+02
3.636283711966742658e+02
3.624680345347289858e+02
3.612929118003614803e+02
3.601021970158565182e+02
3.588977226454409220e+02
3.576795621920469443e+02
3.564469096779593542e+02
3.552015975674050878e+02
3.539436993633162274e+02
3.526724090879775986e+02
3.513895592056161377e+02
3.500952232191639837e+02
3.487885951509059055e+02
3.474715074650687825e+02
3.461431541839372699e+02
3.448053677717385881e+02
3.434573422507573355e+02
3.421009100852206188e+02
3.407352652974129228e+02
3.393622127803014337e+02
3.379816881805178355e+02
3.365935995734337780e+02
3.351987345150685087e+02
3.337978805614411613e+02
3.323909457879234992e+02
3.309778382698871724e+02
3.295593455633514282e+02
3.281353757436878027e+02
3.267067163669156002e+02
3.252732755084064706e+02
3.238358407241794907e+02
3.223943200896065377e+02
3.209495011607066886e+02
3.195021714934991905e+02
3.180522391633555799e+02
3.166004917262951039e+02
3.151468372576896400e+02
3.136920633135580943e+02
3.122360779692722872e+02
3.107796687808514093e+02
3.093236233043145944e+02
3.078669701343860652e+02
3.064104968270849554e+02
3.049558704190780531e+02
3.035021195050894676e+02
3.020500316411383892e+02
3.006003943832438949e+02
2.991539952874252322e+02
2.977098629484067374e+02
2.962705438835024552e+02
2.948350666874365515e+02
2.934042189162282739e+02
2.919779086452492720e+02
2.905569234305186797e+02
2.891420508280558010e+02
2.877323194325847453e+02
2.863293962807721869e+02
2.849323099673424053e+02
2.835427275289618478e+02
2.821605570410025052e+02
2.807857065788358568e+02
2.794198431791286907e+02
2.780619954366050592e+02
2.767129509072843234e+02
2.753734971471855033e+02
2.740444217123278463e+02
2.727238737167881482e+02
2.714143996778804535e+02
2.701150281903289851e+02
2.688265379500462586e+02
2.675496722125184306e+02
2.662834064118297306e+02
2.650293544240072379e+02
2.637873711637828364e+02
2.625581910265358374e+02
2.613407894463506977e+02
2.601367802992543261e+02
2.589451390193311227e+02
2.577683589632554799e+02
2.566036566038170008e+02
2.554535252976897084e+02
2.543178199596057993e+02
2.531963955042971008e+02
2.520891068464955822e+02
2.509958089009330990e+02
2.499181155436365032e+02
2.488558816893378207e+02
2.478080827721213950e+02
2.467763326680141631e+02
2.457604862917479807e+02
2.447595190774073615e+02
2.437750449010191289e+02
2.428060391966677685e+02
2.418541158403800750e+02
2.409182502662405625e+02
2.399991768696285703e+02
2.390967505652760394e+02
2.382108262679149959e+02
2.373412588922771533e+02
2.364896623143895056e+02
2.356550119683365665e+02
2.348371627688500780e+02
2.340359696306620947e+02
2.332521669491520129e+02
2.324864891196991437e+02
2.317370320957404601e+02
2.310054097533029562e+02
2.302905975264708900e+02
2.295933298106238567e+02
2.289134615204936267e+02
2.282517270514595680e+02
2.276071018376063364e+02
2.269794407936655887e+02
2.263694783150169485e+02
2.257770693163922147e+02
2.252020687125232712e+02
2.246443314181421158e+02
2.241037123479807178e+02
2.235809458974183599e+02
2.230741415443688140e+02
2.225849807872433530e+02
2.221125202069873126e+02
2.216575753458411953e+02
2.212192027847505074e+02
2.207982180659556946e+02
2.203936777704022631e+02
2.200055179596832033e+02
2.196354336566863878e+02
2.192816019617098391e+02
2.189439589363466894e+02
2.186233201228372138e+02
2.183187421021269188e+02
2.180301609358088513e+02
2.177583921661235138e+02
2.175024923740162421e+02
2.172623976210800834e+02
2.170380439689081413e+02
2.168302469597406059e+02
2.166371836938758122e+02
2.164596697135539785e+02
2.162976410803681233e+02
2.161501543752638099e+02
2.160189046211288826e+02
2.159011894376139935e+02
2.157978243669595884e+02
2.157096249514059991e+02
2.156347682912513051e+02
2.155740699287360087e+02
2.155274659254530150e+02
2.154940128623479154e+02
2.154727673203661027e+02
2.154654243223956200e+02
2.154701609687343193e+02
2.154877928016228452e+02
2.155173764020065335e+02
2.155588478314785164e+02
2.156121431516317273e+02
2.156763189434115304e+02
2.157513112684110297e+02
2.158370561882232721e+02
2.159334897644409637e+02
2.160405480586573788e+02
2.161564081711703693e+02
2.162818856442203810e+02
2.164169165394004892e+02
2.165605574376561151e+02
2.167127444005803056e+02
2.168725340091185103e+02
2.170398623248636341e+02
2.172155651861918955e+02
2.173979211740793289e+02
2.175869881269325958e+02
2.177828238831583576e+02
2.179854862811633041e+02
2.181941536787066411e+02
2.184088839141950018e+02
2.186297348260350759e+02
2.188558847719860410e+02
2.190873915904545868e+02
2.193243131198474316e+02
2.195649482372761838e+02
2.198111137424425579e+02
2.200611085124582189e+02
2.203141109050823729e+02
2.205719377200166775e+02
2.208328878343727695e+02
2.210961396059100252e+02
2.213635098343298466e+02
2.216324179160965855e+02
2.219038011702643587e+02
2.221777174352398561e+02
2.224524655881347712e+02
2.227289829480032779e+02
2.230073273532520943e+02
2.232857976809928289e+02
2.235644517696321998e+02
2.238433474575769253e+02
2.241216631025861545e+02
2.244003360237139759e+02
2.246776650980722252e+02
2.249545876447149624e+02
2.252302820214014218e+02
2.255039265858908095e+02
2.257764586572372707e+02
2.260461771125524422e+02
2.263140192708905545e+02
2.265791634900107852e+02
2.268407881276722833e+02
2.270998305029293078e+02
2.273554689735408942e+02
2.276068818972664189e+02
2.278532476318648889e+02
2.280963829770380755e+02
2.283337073292501316e+02
2.285670374882027431e+02
2.287946723310076038e+02
2.290157902154238627e+02
2.292322079411532059e+02
2.294413449046598714e+02
2.296450263369639515e+02
2.298415932717699377e+02
2.300311541353956670e+02
2.302138173541590902e+02
2.303896913543780727e+02
2.305580050817230813e+02
2.307179874818645260e+02
2.308706264617678414e+02
2.310151509671033239e+02
2.311516694241888956e+02
2.312794107786951372e+02
2.313984834569397719e+02
2.315081164045932951e+02
2.316092975286211981e+02
2.317012557746936920e+02
2.317832200884813574e+02
2.318570578575970274e+02
2.319202390664160305e+02
2.319746311025514558e+02
2.320185834310260873e+02
2.320530839588053880e+02
2.320782411122072517e+02
2.320924043562544909e+02
2.320965615979127108e+02
2.320908212634996346e+02
2.320735328180382737e+02
2.320456841684940059e+02
2.320073837411847819e+02
2.319578604817809833e+02
2.318972228166004754e+02
2.318264586526086646e+02
2.317439174548285052e+02
2.316497076495779481e+02
2.315448171438222857e+02
2.314284748832319281e+02
2.313007892941249111e+02
2.311609893221715311e+02
2.310100628743372795e+02
2.308472388962925095e+02
2.306726258143550865e+02
2.304854525741954774e+02
2.302867070827791736e+02
2.300764977664238415e+02
2.298540535708000903e+02
2.296203624028732690e+02
2.293746532083137311e+02
2.291161549327919431e+02
2.288467349639207953e+02
2.285656222473706691e+02
2.282729252094595154e+02
2.279678646568768841e+02
2.276513878016843648e+02
2.273226747556676628e+02
2.269817851112600238e+02
2.266287784608947220e+02
2.262645938776523735e+02
2.258875319926713132e+02
2.254994113596796979e+02
2.250985326098159192e+02
2.246867142968080771e+02
2.242622570517944780e+02
2.238269794285031651e+02
2.233791820580726437e+02
2.229198040135835015e+02
2.224497843681164397e+02
2.219674237528098217e+02
2.214736612407442635e+02
2.209694359050004948e+02
2.204530483767168789e+02
2.199263172096215158e+02
2.193884225155001673e+02
2.188385444061385670e+02
2.182785014352650421e+02
2.177074737146652126e+02
2.171264003174198649e+02
2.165335818746671919e+02
2.159308369401354355e+02
2.153173456256103293e+02
2.146940470041726883e+02
2.140610006682555593e+02
2.134182662102922734e+02
2.127659032227161333e+02
2.121039712979602712e+02
2.114325300284579896e+02
2.107533979679373601e+02
2.100639962668893759e+02
2.093661434790419946e+02
2.086607786774761450e+02
2.079462024933299347e+02
2.072233539996841785e+02
2.064922927889720938e+02
2.057530784536268413e+02
2.050066500667292075e+02
2.042530672207124098e+02
2.034915100273622670e+02
2.027237970404068221e+02
2.019491083716319508e+02
2.011675036134708137e+02
2.003799218390041119e+02
1.995855431600176928e+02
1.987852917359858509e+02
1.979791525913099974e+02
1.971670958367851370e+02
1.963490915832063877e+02
1.955259894220162380e+02
1.946968799833622654e+02
1.938634923393344422e+02
1.930240376394329473e+02
1.921811244363951516e+02
1.913329638797212056e+02
1.904812850415010814e+02
1.896251785518823851e+02
1.887654940023076051e+02
1.879013220229243473e+02
1.870343916858225839e+02
1.861637936211498925e+02
1.852903774203487330e+02
1.844132337135668251e+02
1.835340915728940274e+02
1.826511621478305472e+02
1.817670539911137837e+02
1.808799782522437738e+02
1.799907845226631764e+02
1.791012018744619638e+02
1.782085619764927173e+02
1.773154733814928363e+02
1.764210267196100403e+02
1.755260715822867894e+02
1.746305780803180596e+02
1.737336368438515422e+02
1.728369769449771525e+02
1.719396890138424965e+02
1.710426226418900626e+02
1.701457479399149690e+02
1.692499144993596758e+02
1.683550924310192727e+02
1.674603723650412803e+02
1.665674833735156426e+02
1.656763955672376483e+02
1.647870790570020745e+02
1.638995039536040963e+02
1.630145198484862021e+02
1.621312173717960547e+02
1.612513255956234843e+02
1.603739351501161821e+02
1.594990161460691809e+02
1.586274181749249692e+02
1.577591113474786653e+02
1.568949452551726722e+02
1.560340105281546528e+02
1.551771488537804089e+02
1.543242908224115979e+02
1.534762386009705892e+02
1.526320353950848698e+02
1.517933628523243215e+02
1.509583846976689188e+02
1.501287825786886003e+02
1.493044791816582801e+02
1.484845177122053315e+02
1.476705798178997782e+02
1.468617087043690219e+02
1.460587065385354606e+02
1.452614960066740366e+02
1.444699997950597492e+02
1.436841405899674271e+02
1.429047205583195534e+02
1.421316623863910422e+02
1.413648887604568642e+02
1.406043223667919335e+02
1.398507653723186479e+02
1.391032609826645228e+02
1.383634908453993546e+02
1.376304981661507156e+02
1.369050851118409469e+02
1.361871743687449623e+02
1.354766886231377896e+02
1.347735505612942859e+02
1.340776828694894220e+02
1.333898877146455959e+02
1.327100877830377783e+02
1.320373262802933993e+02
1.313732848539823976e+02
1.307170067097321464e+02
1.300692940144651288e+02
1.294291899738087466e+02
1.287974967546854828e+02
1.281750165240177068e+02
1.275599130067854361e+02
1.269538678505585381e+02
1.263568037416119409e+02
1.257677638855731175e+02
1.251875504493645082e+02
1.246160861192609843e+02
1.240524141008900614e+02
1.234982160418216210e+02
1.229534146283305915e+02
1.224170530660444456e+02
1.218890540412381114e+02
1.213702197208340294e+02
1.208604727911070285e+02
1.203597399338830627e+02
1.198679638131911531e+02
1.193850910886113894e+02
1.189119479003712314e+02
1.184476014274032423e+02
1.179919983292873980e+02
1.175459647462511867e+02
1.171085678572271718e+02
1.166806338024428555e+02
1.162621092414781998e+02
1.158520613532657819e+02
1.154513162780330902e+02
1.150598206753601147e+02
1.146775212048268457e+02
1.143034850453658748e+02
1.139394178178521173e+02
1.135843867012181505e+02
1.132383383550439646e+02
1.129003399582620659e+02
1.125720971317474977e+02
1.122526770544327377e+02
1.119420263858978046e+02
1.116409712663701868e+02
1.113476993941349917e+02
1.110639163900670781e+02
1.107878099524516244e+02
1.105210857021635178e+02
1.102628108181353497e+02
1.100120524792995553e+02
1.097705163065312348e+02
1.095372694787628234e+02
1.093122586555743823e+02
1.090945510158984320e+02
1.088858521806099304e+02
1.086843498479939711e+02
1.084917496389254694e+02
1.083062392516895045e+02
1.081286448265135789e+02
1.079580335423302273e+02
1.077961110200144077e+02
1.076401854772036586e+02
1.074919625347730516e+02
1.073513888523024917e+02
1.072175316087245989e+02
1.070903374636193206e+02
1.069697530765667182e+02
1.068557251071467391e+02
1.067482002149394731e+02
1.066471250595248819e+02
1.065524463004830125e+02
1.064641211125694440e+02
1.063812692505946416e+02
1.063039004651921999e+02
1.062329039876431267e+02
1.061665306072859920e+02
1.061065490360493726e+02
1.060520895439192657e+02
1.060031618815293086e+02
1.059588963188654986e+02
1.059201820872088717e+02
1.058870289371930227e+02
1.058585671388039913e+02
1.058339269620278884e+02
1.058148771187931629e+02
1.058005478790859399e+02
1.057909489935397289e+02
1.057852107321406407e+02
1.057833428455222133e+02
1.057862345649654969e+02
1.057930161604565313e+02
1.058036973826288687e+02
1.058182879821160896e+02
1.058367977095517318e+02
1.058583568349218496e+02
1.058829751088600375e+02
1.059115417626472748e+02
1.059423075856222027e+02
1.059761618090658288e+02
1.060131141836117052e+02
1.060531744598934267e+02
1.060954729078969763e+02
1.061400192782559486e+02
1.061859438409564689e+02
1.062350153079269717e+02
1.062854844685061124e+02
1.063382405539748703e+02
1.063924138343193420e+02
1.064480140601730795e+02
1.065050509821696494e+02
1.065635343509425610e+02
1.066225944364779110e+02
1.066831204700567497e+02
1.067442427216651453e+02
1.068059709419366214e+02
1.068683148815047446e+02
1.069304048103556113e+02
1.069931299597702008e+02
1.070556205997346524e+02
1.071187659615299310e+02
1.071808168344946779e+02
1.072426692961324193e+02
1.073043673281892865e+02
1.073642027973389901e+02
1.074248649734925891e+02
1.074837662426763103e+02
1.075418369135062733e+02
1.075991278139510996e+02
1.076548102913320264e+02
1.077089351736176326e+02
1.077624327694240947e+02
1.078144744260725645e+02
1.078642314908841797e+02
1.079126342724751026e+02
1.079597335988139406e+02
1.080047008172219307e+02
1.080475867556676519e+02
1.080884422421198110e+02
1.081273181045470153e+02
1.081633856902704451e+02
1.081975753079062343e+02
1.082290583047755348e+02
1.082578855088470107e+02
1.082849872287367816e+02
1.083086553311185156e+02
1.083298201246083892e+02
1.083476529565275257e+02
1.083630841354920591e+02
1.083752850088231980e+02
1.083851858851369769e+02
1.083910786311072059e+02
1.083938935553499192e+02
1.083936814858338238e+02
1.083904932505275127e+02
1.083835001967521947e+02
1.083727531524765055e+02
1.083583029456691094e+02
1.083410798849460974e+02
1.083193758369811803e+02
1.082941211103904777e+02
1.082653665331426396e+02
1.082322834525588320e+02
1.081958021772552172e+02
1.081550940545528903e+02
1.081102099124205438e+02
1.080612005788268135e+02
1.080089963623878475e+02
1.079518891297773422e+02
1.078908091896113604e+02
1.078249278892111533e+02
1.077551755371927698e+02
1.076816013102122156e+02
1.076033682990271245e+02
1.075205174237299133e+02
1.074330896044130412e+02
1.073420052418164090e+02
1.072455462947374940e+02
1.071455126445636807e+02
1.070401862500924466e+02
1.069313669927112045e+02
1.068173368312174034e+02
1.066990161663509724e+02
1.065755664375568585e+02
1.064479080455749767e+02
1.063152024298502880e+02
1.061783699911226790e+02
1.060374516494845949e+02
1.058907293637335556e+02
1.057400030152568888e+02
1.055853135241470397e+02
1.054249428492015284e+02
1.052606908718077108e+02
1.050917190314105341e+02
1.049189477287499130e+02
1.047406589226233535e+02
1.045586524944182116e+02
1.043720898835794628e+02
1.041801325295520257e+02
1.039845803137233560e+02
1.037845946755383579e+02
1.035810960157369323e+02
1.033723662931166274e+02
1.031593259084172729e+02
1.029420157817313566e+02
1.027204768331512810e+02
1.024956294634169751e+02
1.022657556313259306e+02
1.020317757376179912e+02
1.017946101830331571e+02
1.015534204070162900e+02
1.013073678490124365e+02
1.010582523904089385e+02
1.008061149512982269e+02
1.005492374904777932e+02
1.002894198893350364e+02
1.000258235873148465e+02
9.975936898515723783e+01
9.948921752230708648e+01
9.921541011885685180e+01
9.893886717554643440e+01
9.865875013182080977e+01
9.837509343623216296e+01
9.808966461246663471e+01
9.779982730943277147e+01
9.750822205992390934e+01
9.721309199349610708e+01
9.691531868164778984e+01
9.661490421522988470e+01
9.631097120444590587e+01
9.600528070144173398e+01
9.569607583577339938e+01
9.538511765958679689e+01
9.507064930243792844e+01
9.475443181647270308e+01
9.443558781189460660e+01
9.411411937955456608e+01
9.379090809095106351e+01
9.346507655628755629e+01
9.313750634706246956e+01
9.280732007347928914e+01
9.247627878768393828e+01
9.214262561923237627e+01
9.180724213962308511e+01
9.147100992035447575e+01
9.113217209098256433e+01
9.079248970365323146e+01
9.045108536857000558e+01
9.010796117658378535e+01
8.976399869919303853e+01
8.941920002724870642e+01
8.907268777095431744e+01
8.872534350180822571e+01
8.837716931066142934e+01
8.802816728836486959e+01
8.767921900641702848e+01
8.732856759437385108e+01
8.697797410438126064e+01
8.662656114664274298e+01
8.627521029265675168e+01
8.592304415262671569e+01
8.557094429805113123e+01
8.521891281978089694e+01
8.486695180866699673e+01
8.451418387491291639e+01
8.416237007066455078e+01
8.381151248677286958e+01
8.345985425279384629e+01
8.311003590152090226e+01
8.276030056251003941e+01
8.241065032661218481e+01
8.206284624597329014e+01
8.171512494085378364e+01
8.136921491692197606e+01
8.102332024796071153e+01
8.067916293034272712e+01
8.033582651849839351e+01
7.999415352815294966e+01
7.965410699438419329e+01
7.931477047162248084e+01
7.897610699494559583e+01
7.863983856072630374e+01
7.830504872339490419e+01
7.797082103738176784e+01
7.763975697970707301e+01
7.730918114350622261e+01
7.698081552515198211e+01
7.665374367907466535e+01
7.632880812099953971e+01
7.600597188600440290e+01
7.568519800916708107e+01
7.536557004491790224e+01
7.504880998962958927e+01
7.473400139773248441e+01
7.442110730430439958e+01
7.411009074442313249e+01
7.380179423381395054e+01
7.349530132690719597e+01
7.319145453942813617e+01
7.289021690645455465e+01
7.259155146306429174e+01
7.229454176368766127e+01
7.200090980469741453e+01
7.170973914052385112e+01
7.142099280624482560e+01
7.113463383693807884e+01
7.085150474832894929e+01
7.057156857549519202e+01
7.029390887286717771e+01
7.001936815617013110e+01
6.974702997983440866e+01
6.947773685958530621e+01
6.921233131114806270e+01
6.894901740830555070e+01
6.868863766678306604e+01
6.843159486198210573e+01
6.817750023672149950e+01
6.792658067027331015e+01
6.767871124965057561e+01
6.743403090606058470e+01
6.719241472651641800e+01
6.695400164222535011e+01
