# mass_function_xt_simulation
3.643826388156727603e-02
3.673782734285172685e-02
-8.202694508058645459e-03
-1.047811559712094748e-01
6.429945792352560752e-02
-1.452153454545302702e-01
-3.561515227091240077e-02
8.682359268215811277e-02
4.331670057852521349e-02
-3.207777122387579782e-02
-3.670695779231149952e-02
-3.659541073736374134e-02
8.177508355134881224e-02
-1.034414537348824076e-01
1.205154555197197608e-01
-7.724506612841439829e-03
-3.806829427961092027e-02
-4.850158198442255930e-02
7.235157016203092040e-02
-6.791628012373802925e-02
-9.375563263845021478e-02
1.218541188490937094e-01
-3.720589269164375351e-02
-2.433354512830980809e-01
-8.144038687534795040e-02
2.666820765083519063e-02
1.246876693840098388e-01
-1.319918528574495417e-02
1.666088275464284313e-02
3.764211209563161215e-02
2.186491281145042098e-01
6.370339956665901915e-02
-1.733303099122627394e-02
1.282578436281132071e-02
1.522172538564284527e-01
8.083898889983048841e-02
2.571615636373575930e-01
7.577830745389085854e-02
1.299664692239259345e-01
-6.970838886428706860e-02
-1.582731391795258111e-02
-5.496097423587580078e-02
6.221829649458797407e-02
-6.210692368280210096e-02
-5.388023694424958626e-02
-7.506734587043678575e-02
2.339210123538016176e-02
-1.897354126326774582e-01
-2.237194600730471952e-02
-9.379283398821319784e-02
-8.452161247239800557e-02
-1.686167108488002553e-01
2.742728289031005906e-02
5.574663122796111314e-02
-6.381666228082714942e-02
6.465322409820130345e-02
-1.447568105561541640e-01
-6.899714792362006410e-02
1.053307819010080582e-01
-9.191953710670208721e-02
-7.479949601532591419e-02
3.859356248395567901e-02
1.188909838129278279e-01
1.998884556005897997e-02
5.010506794190477953e-02
-7.219299411981162928e-02
8.503723706566640450e-02
3.304481836066149730e-02
-6.943616983169998216e-03
8.846690716536302623e-02
3.561214397269751430e-03
5.840801835736503939e-02
1.743324180156378689e-01
8.253789297173716455e-02
-1.109318031273506394e-01
-1.492081163385977627e-01
2.404956081716004904e-02
2.120653990624296950e-02
-2.082554031502308611e-01
-1.233553914546744665e-02
-1.403376737263186402e-01
-1.248537097574799748e-01
-5.339216315255698730e-02
5.020339335553453131e-02
-2.421508745458338108e-02
2.460684756619284375e-02
1.510577369157168892e-01
2.051328092857843816e-02
-4.123113038040564227e-02
-1.557850767180763221e-02
-9.035391793549388262e-02
4.425395722848413788e-02
-9.445595315921805069e-02
-5.688469048107649279e-02
4.713622332725390940e-02
-1.984856942990015014e-02
7.076763328871743530e-02
3.421202465669074405e-02
-1.401654308631383739e-01
-3.447928418823197755e-02
1.217323458432932881e-01
-4.847961394530424240e-02
2.250455716200667200e-01
-1.256474474637694905e-01
5.248969771274280410e-02
1.797164262178324243e-02
-2.264843044349171275e-02
5.977678535151976363e-02
1.765084804033198451e-01
-2.550563763651634078e-02
1.231794671824960191e-01
-1.038888253789579108e-01
7.205746282952009418e-02
1.845684510789387944e-01
-8.346766666492742848e-02
5.646782400057105862e-03
4.201706001255566328e-03
-4.157714764485938297e-02
7.126750968239395356e-02
-7.234181420757926882e-03
-1.896913258375083899e-01
8.127265932507901636e-02
1.507029764200983613e-01
9.933213433535235948e-02
-2.213733540614628084e-02
-4.985507795736290881e-02
-1.607542912552119285e-01
-1.825768217663390203e-01
-2.022365359688066064e-02
1.332673912059424357e-02
-6.368922924768262439e-02
-7.128155313976980434e-02
7.825747298174098865e-02
-1.175207079949072142e-01
8.603127533017508599e-02
1.436469501887970845e-01
1.797976562795654265e-02
-3.303153122567216715e-01
-2.290447899364255260e-02
4.595204629658120737e-02
-1.257508209166889601e-01
-2.935318409761187089e-02
-6.837665142030727172e-02
6.589204330522886732e-02
1.209191441551219631e-01
1.360385956017672870e-01
-1.521039022044309505e-02
1.232508872651087578e-01
9.540111912865623101e-02
-1.096622497521649864e-01
-7.181692637242868826e-02
-1.029754590783420048e-01
-2.006249429160137515e-02
-7.796400755131008276e-02
-2.408086822136647903e-02
5.841926911845468640e-02
4.901539042865615120e-02
4.555514574366281710e-02
5.527437728428091779e-02
1.118563859606602762e-02
-9.141608024046957159e-02
-5.374998857859061840e-02
5.917198305460192459e-02
-1.025371995379967260e-01
-2.966931211749983949e-02
9.334777618020752288e-02
-9.279772614486385407e-02
3.462933141424121702e-02
-1.969883481650168758e-02
9.861420983297751464e-02
6.895412591101526822e-02
4.985474902675238185e-02
-1.162653699502573801e-01
6.403592261939043684e-02
-8.733139228422388822e-02
-1.451232248504680591e-02
1.423999006695206293e-01
-7.125528053779554838e-02
-7.207489532591408732e-02
1.827081595906914629e-02
2.353540522234974855e-02
-3.387857110511893755e-02
6.750955426483482014e-02
-2.435564963131905264e-02
2.251314359772524018e-02
-1.178577505974234135e-01
1.056982006751285529e-02
-9.991887742187873303e-03
-1.247581737389951706e-01
-1.621143343911813639e-01
1.116682843046307811e-03
-2.990418668459393636e-02
-6.837441794885096291e-02
5.097942339301382401e-03
3.061152346396396259e-02
-1.599751122145545712e-01
6.448658698042490645e-02
-2.563718263088121587e-03
9.776954740418765388e-02
2.268282829512053081e-02
-8.984380455204858673e-02
8.990623692623404828e-02
-7.224242942642956911e-02
-3.020350920584070203e-02
1.169087151099028506e-02
7.592112989884074181e-02
-1.066347554644911100e-01
-7.147746578677839635e-02
-1.611985294188451878e-01
-5.227420391725982884e-02
9.939141818672740658e-02
-6.220640780872540437e-02
-1.044734757146174448e-01
-4.341190087488414062e-02
2.324750809047999855e-01
-1.023063556246772005e-01
4.656456213303306058e-02
5.559241177732360262e-02
-4.474514595502412928e-02
5.071582215317267661e-02
4.100332246416327382e-03
1.001357737601934472e-01
9.406502943349911994e-02
1.829836059958347694e-01
-6.781582161947585959e-03
-3.343088294641380874e-03
-9.761187894940547005e-02
-2.440857596892085507e-02
1.130095343684677095e-01
4.562882709264014236e-02
6.231862497827272973e-02
1.614117277085557745e-01
8.035584809491055913e-02
1.262072331257477753e-01
1.243460507792337882e-01
-2.610559865028798041e-02
-4.053646768187914480e-03
5.554342669523096299e-02
4.109283190840105904e-02
-1.075854454388832093e-01
4.777254850280337334e-02
-9.563803527649608616e-02
6.903703938084294889e-02
-7.617013564913301116e-02
-5.377262444592227630e-02
-1.937053825435901613e-02
1.568243611023419429e-02
1.568685214148171081e-01
-8.837215272501502961e-02
9.784246538486636446e-02
1.086739946857638722e-01
-9.699158934608813343e-02
1.403587891624317324e-02
2.024622552787025132e-01
3.293196117191755229e-02
-1.014368137770166461e-01
2.380156471213276757e-03
1.202391462308366188e-01
2.270460321930467887e-02
-3.142827465274537074e-02
-3.166965115375710432e-02
-5.261856987395262426e-03
1.383963245570882516e-01
1.523056156844862230e-01
2.347108477306143748e-02
-9.582774784242947125e-03
7.444577291967947874e-02
2.357347393187011683e-02
-1.133604268077633703e-01
-1.134440282569373210e-01
-1.432618357984339064e-01
-1.395902574831857923e-01
-5.406711687926477050e-02
6.107109596629114318e-02
7.072979611141633205e-02
1.455933517571899316e-01
-5.358306674855731894e-02
-9.336159819526285500e-03
-1.494911620934638585e-01
-1.436470062900724043e-01
-7.414866098764996694e-02
-1.760173002637958721e-03
1.065180047160398102e-01
-3.817843976276281970e-02
-4.185793499018331670e-02
2.254619102064689962e-01
5.580219008384307289e-02
-1.423041647794500743e-02
1.001619514026311393e-02
-6.969941083762778988e-02
3.322938945001853439e-02
1.090066444311973276e-01
7.120082478681963312e-02
3.849168722805295512e-02
9.663390783159710173e-02
1.078792278017902222e-02
1.363317905310171552e-01
2.198843753034950693e-02
2.016691683929582868e-01
-9.133051828884554413e-03
-4.135161317443456636e-02
-2.397702347669121159e-01
2.346676402169976111e-02
-6.641980616423019679e-02
5.756336268628242658e-02
-1.618606455978767109e-02
