# mass_function_xt_theory
4.914448626353908056e-04
4.774865177767553923e-04
4.638852754190142904e-04
4.506472345553703897e-04
4.377799633056929287e-04
4.252325099596215656e-04
4.130134509053905514e-04
4.011870008530155811e-04
3.896989192444221266e-04
3.784763791053582030e-04
3.675178412600911960e-04
3.568252068190147269e-04
3.464088597074121739e-04
3.362779625130491953e-04
3.264292485374407243e-04
3.168276060323623085e-04
3.074798693849811488e-04
2.984408354643770106e-04
2.896590707342250630e-04
2.810828493929307635e-04
2.727138528797426898e-04
2.645471058615726139e-04
2.565941718866172070e-04
2.488659095545900347e-04
2.413524404598435817e-04
2.340300234460068621e-04
2.269041159578641549e-04
2.200206265270150262e-04
2.133327454651083675e-04
2.068039412637533332e-04
2.004381855094437381e-04
1.942264599908682108e-04
1.881802035251077955e-04
1.823106076099190382e-04
1.766045537977115108e-04
1.710463334232339028e-04
1.656428535152168339e-04
1.604239989224751247e-04
1.553565533873970176e-04
1.504122527510847330e-04
1.455964128988406945e-04
1.408979471716343540e-04
1.363275877469821576e-04
1.318960715434298436e-04
1.275890260653559022e-04
1.233963997638492301e-04
1.193255402434264785e-04
1.153950541685796853e-04
1.115816105420010175e-04
1.078635980157191456e-04
1.042469041514718228e-04
1.007197574160601373e-04
9.729169391789525920e-05
9.397261686973197256e-05
9.074828185396032951e-05
8.761239718361753909e-05
8.457217243401379347e-05
8.163835882171622952e-05
7.879481636021473038e-05
7.602524905186568323e-05
7.333556766936015589e-05
7.071419097070044939e-05
6.816929099984259425e-05
6.570976689569898055e-05
6.332217518195479972e-05
6.100287452003479432e-05
5.875847917708299748e-05
5.659450555387204087e-05
5.449983613061170934e-05
5.246315805205966937e-05
5.048787315053869442e-05
4.856541448356507112e-05
4.670174985730209805e-05
4.490472834728352240e-05
4.316209358522516548e-05
4.147202127731238272e-05
3.984031567932452985e-05
3.826897324985261713e-05
3.675054036202361909e-05
3.527757135725426168e-05
3.385136209439764294e-05
3.246592174571171424e-05
3.112544374543291340e-05
2.983656701534946823e-05
2.858861440355273475e-05
2.738080939956444705e-05
2.621812629777232185e-05
2.510035379074507955e-05
2.402260859229353928e-05
2.298019506760128985e-05
2.197315438190727686e-05
2.099733073460491071e-05
2.005555424565983171e-05
1.915333169890017290e-05
1.828154488427088874e-05
1.744009059583455105e-05
1.663308056623076487e-05
1.585902019639649115e-05
1.511481710781508627e-05
1.439773179158351850e-05
1.370703722941928434e-05
1.303993298581765359e-05
1.239848017917482099e-05
1.178626366434550435e-05
1.119658843922897648e-05
1.062944344779212233e-05
1.008808877499935929e-05
9.570422172245846498e-06
9.074554685984394752e-06
8.599083433477603666e-06
8.142893340502573002e-06
7.704130214454710344e-06
7.284350567934712737e-06
6.885406656845261561e-06
6.502862950903386570e-06
6.136609983603149439e-06
5.789128513342157017e-06
5.458178114848827509e-06
5.142677610187355008e-06
4.842040513965390847e-06
4.555035352658203817e-06
4.280477318769051730e-06
4.019488038678216136e-06
3.772815163216857118e-06
3.537630177485469212e-06
3.313776818338382796e-06
3.103046042946907580e-06
2.903377269174283847e-06
2.714193302454231841e-06
2.535364980734313957e-06
2.365734502880824130e-06
2.204577609617967730e-06
2.052641545157877077e-06
1.910049816371493194e-06
1.775090383917217153e-06
1.647655128104942492e-06
1.528765081578827741e-06
1.416919299476970986e-06
1.311775108055219137e-06
1.213407469419559971e-06
1.120849012125907686e-06
1.033685340473935181e-06
9.523745259890731733e-07
8.767451398483942961e-07
8.058291220609344400e-07
7.395882894654269833e-07
6.784173844482457024e-07
6.214314949938013038e-07
5.683969400619498175e-07
5.194329347199892172e-07
4.738272196196137317e-07
4.313561070565937974e-07
3.919729387419802142e-07
4.754813240456065202e-04
4.616589141800863305e-04
4.481948496605759583e-04
4.350949101020115672e-04
4.223678685196653021e-04
4.099620118117268787e-04
3.978852596937997792e-04
3.862009034869327384e-04
3.748547778199007590e-04
3.637760075208086369e-04
3.529639939218262188e-04
3.424202642575073876e-04
3.321533733783295188e-04
3.221721978572875383e-04
3.124745038357767328e-04
3.030246063007766108e-04
2.938287283180523448e-04
2.849407016800614592e-04
2.763092695101020341e-04
2.678845665553801643e-04
2.596691524533980200e-04
2.516576432069611829e-04
2.438599735703678216e-04
2.362867249219721623e-04
2.289289353782295847e-04
2.217624250399673289e-04
2.147920867982282993e-04
2.080628447839142237e-04
2.015281638445812120e-04
1.951532451928054783e-04
1.889428512385768542e-04
1.828875600019452732e-04
1.769973634101179973e-04
1.712831753294941615e-04
1.657327074895693756e-04
1.603299083787124082e-04
1.550811488296567435e-04
1.500153965354713485e-04
1.450997275011137275e-04
1.403074804513746181e-04
1.356446581746501749e-04
1.310998046849945811e-04
1.266823679344435778e-04
1.224028001416913188e-04
1.182474967424034716e-04
1.142061297624640497e-04
1.102855350565264884e-04
1.065034980346688643e-04
1.028369772453710404e-04
9.926581546312688035e-05
9.579647334529022592e-05
9.241686583791958122e-05
8.913539852838591685e-05
8.596167608802863255e-05
8.288217268211632441e-05
7.989037286392038550e-05
7.699299380145276312e-05
7.420008435088693986e-05
7.149577425444382148e-05
6.886505966051017353e-05
6.631430536002086797e-05
6.383169060174892961e-05
6.142440104513816588e-05
5.910101641748423623e-05
5.684877974082869640e-05
5.466385857608197657e-05
5.255239568417731215e-05
5.051933128868404867e-05
4.855379665159972375e-05
4.664559588841192880e-05
4.479846847053612014e-05
4.300368546066054404e-05
4.126637125967364634e-05
3.959402721931403623e-05
3.797506703376148448e-05
3.640749284690555156e-05
3.489665859685466400e-05
3.344412393598707016e-05
3.204265192589300551e-05
3.068572382002946868e-05
2.937488671859639681e-05
2.810405657044773547e-05
2.687671759001999608e-05
2.569914098847806642e-05
2.456130061741095647e-05
2.346226581194286751e-05
2.240657655782720930e-05
2.139372732126043906e-05
2.041901732690925772e-05
1.947848676743008342e-05
1.857236288496782057e-05
1.769645275485021718e-05
1.685300884953837039e-05
1.604714953413321156e-05
1.527040278048724794e-05
1.452252056353960703e-05
1.380719830799011589e-05
1.312279007648358716e-05
1.246634980432395220e-05
1.183568352427995792e-05
1.123021608748031605e-05
1.064714747889076161e-05
1.008807182110255809e-05
9.556230189136008304e-06
9.045511097869517398e-06
8.555782965508222556e-06
8.089913772549883435e-06
7.645784471983478755e-06
7.221618384066699832e-06
6.816378207765535576e-06
6.429089952172305100e-06
6.057926688035071703e-06
5.704067936592587526e-06
5.369112803836267943e-06
5.049107160031807994e-06
4.743858224608930807e-06
4.455485610132520897e-06
4.181849699040026014e-06
3.921946969026334367e-06
3.675404452270387368e-06
3.441137587646424678e-06
3.218002528798147078e-06
3.006824092859093315e-06
2.808192905658617302e-06
2.619661403402463841e-06
2.441023520356751418e-06
2.273750725311762783e-06
2.115972178618573153e-06
1.967159042897797603e-06
1.827276907304645185e-06
1.695326694869138124e-06
1.570628255440492231e-06
1.453706990281271794e-06
1.344617087380993779e-06
1.241931281873515636e-06
1.145510291387418089e-06
1.056142271467002363e-06
9.725323107826721041e-07
8.943741993308201187e-07
8.217589287096012132e-07
7.538848973723492787e-07
6.903763551573640885e-07
6.315357548340082331e-07
5.771925471385441203e-07
5.265765156663533073e-07
4.796250677802656942e-07
4.366096043456052544e-07
3.968093328970483665e-07
3.600260108841615848e-07
3.263568890872646261e-07
2.952451669952396134e-07
2.664978183947473007e-07
2.400474189602501632e-07
