# k_h
9.858697922027204186e-06
1.056820845338741249e-05
1.132878102134639617e-05
1.214409045730750337e-05
1.301807606285072994e-05
1.395496064311602982e-05
1.495927090998054345e-05
1.603585935361135736e-05
1.718992768806934914e-05
1.842705198424591275e-05
1.975320961156635022e-05
2.117480811863270494e-05
2.269871619234836889e-05
2.433229684510825107e-05
2.608344299040338366e-05
2.796061557873028299e-05
2.997288447806416064e-05
3.212997229641742053e-05
3.444230135821834792e-05
3.692104406148522184e-05
3.957817685910435359e-05
4.242653812503076549e-05
4.547989018500289601e-05
4.875298581148185424e-05
5.226163950409732799e-05
5.602280390000196616e-05
6.005465168332512648e-05
6.437666338948425028e-05
6.900972152859377888e-05
7.397621148274617577e-05
7.930012966466626844e-05
8.500719946032356407e-05
9.112499551570099252e-05
9.768307696823089463e-05
1.047131302666261385e-04
1.122491222691670426e-04
1.203274643601615578e-04
1.289871883775346305e-04
1.382701352015697368e-04
1.482211569160011102e-04
1.588883335182304356e-04
1.703232052257385321e-04
1.825810215011191282e-04
1.957210079989414803e-04
2.098066527242370362e-04
2.249060127852328921e-04
2.410920432224591557e-04
2.584429495030231934e-04
2.770425653831783391e-04
2.969807579649014206e-04
3.183538619035708190e-04
3.412651448646914702e-04
3.658253064785969648e-04
3.921530132039152401e-04
4.203754716840716428e-04
4.506290433670991080e-04
4.830599033583934444e-04
5.178247466897675875e-04
5.550915454172587358e-04
5.950403602057301742e-04
6.378642103215798444e-04
6.837700062370575226e-04
7.329795493522260662e-04
7.857306036648954153e-04
8.422780445664646834e-04
9.028950903142775623e-04
9.678746221305512551e-04
1.037530599306154882e-03
1.112199576146538377e-03
1.192242328089185852e-03
1.278045594849461794e-03
1.370023949017124378e-03
1.468621799131945545e-03
1.574315536916643917e-03
1.687615839041801263e-03
1.809070134544165384e-03
1.939265249820035881e-03
2.078830243973467991e-03
2.228439448218768985e-03
2.388815724022603452e-03
2.560733955728029636e-03
2.745024794535587485e-03
2.942578671931131342e-03
3.154350101951960538e-03
3.381362293078294442e-03
3.624712092033290263e-03
3.885575283378284433e-03
4.165212270509227599e-03
4.464974165502901340e-03
4.786309317237027322e-03
5.130770309326017700e-03
5.500021461683923633e-03
5.895846871959749790e-03
6.320159035698551427e-03
6.775008086878057598e-03
7.262591703468079460e-03
7.785265725872880446e-03
8.345555539561439959e-03
8.946168276882516049e-03
9.590005897019627384e-03
1.028017920728399245e-02
1.102002289349142058e-02
1.181311163204513265e-02
1.266327736157246003e-02
1.357462779756627921e-02
1.455156627948782193e-02
1.559881304622510317e-02
1.672142804270324024e-02
1.792483536784018200e-02
1.921484948197232923e-02
2.059770330037569153e-02
2.208007830862061469e-02
2.366913684526792544e-02
2.537255670788504669e-02
2.719856824958736055e-02
2.915599414534231909e-02
3.125429202017394881e-02
3.350360014523322272e-02
3.591478642252166065e-02
3.849950089494680316e-02
4.127023203541973356e-02
4.424036708696498649e-02
4.742425674538641722e-02
5.083728449701294116e-02
5.449594094654216375e-02
5.841790349410799082e-02
6.262212174654538388e-02
6.712890907553162312e-02
7.196004076498065116e-02
7.713885922190770461e-02
8.269038675910625469e-02
8.864144649456569269e-02
9.502079195177640103e-02
1.018592459871050238e-01
1.091898497154925457e-01
1.170480221540340371e-01
1.254717313547814850e-01
1.345016778536299029e-01
1.441814913216487859e-01
1.545579413690091053e-01
1.656811635200447774e-01
1.776049014512819380e-01
1.903867666628458188e-01
2.040885168378964998e-01
2.187763542350274759e-01
2.345212455553637720e-01
2.513992648298430943e-01
2.694919609834042218e-01
2.888867518520266131e-01
3.096773465563736893e-01
3.319641982728167573e-01
3.558549895894737580e-01
3.814651527923333396e-01
4.089184275953245962e-01
4.383474590090868372e-01
4.698944382371493256e-01
5.037117896961026409e-01
5.399629074792291483e-01
5.788229448219307516e-01
6.204796603833749868e-01
6.651343254333285104e-01
7.130026963273903284e-01
7.643160569692880602e-01
8.193223362970869506e-01
8.782873061926127489e-01
9.414958656019988270e-01
1.009253417071773073e+00
1.081887342351475212e+00
1.159748584192409782e+00
1.243213341985232701e+00
1.332684889429164077e+00
1.428595523015160795e+00
1.531408650737495991e+00
1.641621031125651609e+00
1.759765173414830963e+00
1.886411910451886831e+00
2.022173156768046542e+00
2.167704865144580495e+00
2.323710195956520508e+00
2.490942914607588765e+00
2.670211033471683759e+00
2.862380715937496323e+00
3.068380461419344396e+00
3.289205591554710484e+00
3.525923059264382431e+00
3.779676603910922861e+00
4.051692277463395442e+00
4.343284368369037196e+00
4.655861751753997524e+00
4.990934696635079604e+00
5.350122163032823508e+00
5.735159624242993637e+00
6.147907452061167177e+00
6.590359905474849178e+00
7.064654766253669393e+00
7.573083667993503632e+00
8.118103168520864443e+00
8.702346619155960639e+00
9.328636888182508358e+00
1.000000000000000000e+01
