# ee
1.644934634459762485e-02
2.811657261987675002e-02
3.317471739810489567e-02
3.101503631285265628e-02
2.424780607215233641e-02
1.633717468756867505e-02
9.853434201839149018e-03
5.815118542591035666e-03
3.955697699163188488e-03
3.389267726026260440e-03
3.260743219796951881e-03
3.081173325528372472e-03
2.758102929756815497e-03
2.424749185549331457e-03
2.246692083026934940e-03
2.255627838166026668e-03
2.431438192509271286e-03
2.690972785827785031e-03
2.948182646259601969e-03
3.203039279015965687e-03
3.488141752077329391e-03
3.849499720203296456e-03
4.329898564010573048e-03
4.932526442378427738e-03
5.650855389649838204e-03
6.468499414110893096e-03
7.363419556769268230e-03
8.343269053826174800e-03
9.419097799540138496e-03
1.058192171083008684e-02
1.183252502827284065e-02
1.315881027253070282e-02
1.457545942623406955e-02
1.607215402952470382e-02
1.764911667914054530e-02
1.932675335983058754e-02
2.111361002582704677e-02
2.301397476454088153e-02
2.503219702274873601e-02
2.717206409812045892e-02
2.943489112360106116e-02
3.182130332971572217e-02
3.433099973547028283e-02
3.696246570339688925e-02
3.971344832729691715e-02
4.258378788191285319e-02
4.557089364185894914e-02
4.867185549846690662e-02
5.188855409230656163e-02
5.522339509572014166e-02
5.867896800844392413e-02
6.225647106229114519e-02
6.595742187235767440e-02
6.978397682030450244e-02
7.373553321264250671e-02
7.781194985345438186e-02
8.201415907106324177e-02
8.634341257707491002e-02
9.079776825026961151e-02
9.537480896463060298e-02
1.000702175749530187e-01
1.048795213145174016e-01
1.097979280333218760e-01
1.148216037312120852e-01
1.199447109944860590e-01
1.251648965534224722e-01
1.304794006411649498e-01
1.358864216407047742e-01
1.413844773183158543e-01
1.469728149449978372e-01
1.526494478279805944e-01
1.584115218628070476e-01
1.642536278787598558e-01
1.701700373218391071e-01
1.761542259805173039e-01
1.822015971456776573e-01
1.883070778339584472e-01
1.944659144452805244e-01
2.006733533795646007e-01
2.069243739836721385e-01
2.132135261587921604e-01
2.195344539864891309e-01
2.258811209316100854e-01
2.322471710757196550e-01
2.386273914637660476e-01
2.450160308617129190e-01
2.514078422323424156e-01
2.577975785384368779e-01
2.641780764430831097e-01
2.705438047363274423e-01
2.768884149005539363e-01
2.832055936286932418e-01
2.894899857635234719e-01
2.957349586146928999e-01
3.019345182584143861e-01
3.080823513876186914e-01
3.141718253119537563e-01
3.201969461076328849e-01
3.261526780007165671e-01
3.320327076841356195e-01
3.378275280179950935e-01
3.435372133608764478e-01
3.491490627400594682e-01
3.546599566813000148e-01
3.600635818775289043e-01
3.653568188545019968e-01
3.705301604723245656e-01
3.755804872567525265e-01
3.804982920678910419e-01
3.852805241501553457e-01
3.899244076225973910e-01
3.944208476572772515e-01
3.987639432590807109e-01
4.029541810985441952e-01
4.069856601805534879e-01
4.108492856771685520e-01
4.145455442589262018e-01
4.180685349307118881e-01
4.214155505302367155e-01
4.245806900623864122e-01
4.275612463648720274e-01
4.303545122754046104e-01
4.329545867988698338e-01
4.353619566058042900e-01
4.375707207010934852e-01
4.395813657552741782e-01
4.413879907732318197e-01
4.429910824255030022e-01
4.443847397169733981e-01
4.455695888746677435e-01
4.465468143515626820e-01
4.473113524914729133e-01
4.478709149695139224e-01
4.482172442966747550e-01
4.483548583152459077e-01
4.482818872018670131e-01
4.480028487988284569e-01
4.475158732827700936e-01
4.468222846631569323e-01
4.459297946151049019e-01
4.448333394824282028e-01
4.435374371074174427e-01
4.420466053323630629e-01
4.403589743339048623e-01
4.384822557871587700e-01
4.364209675344151718e-01
4.341764335851392986e-01
4.317531717816218695e-01
4.291556999661529925e-01
4.263885408452673942e-01
4.234562365824743879e-01
4.203665280383529490e-01
4.171271560734818307e-01
4.137394738827889218e-01
4.102144161596785188e-01
4.065533360990783995e-01
4.027703622272184592e-01
3.988668477390265310e-01
3.948537273279068560e-01
3.907387418544383539e-01
3.865296321791996670e-01
3.822405268284205793e-01
3.778727789970290352e-01
3.734373233784293311e-01
3.689450946660255415e-01
3.644070275532221292e-01
3.598340567334233908e-01
3.552371169000333451e-01
3.506239489136310228e-01
3.460086813004459860e-01
3.414022487538826978e-01
3.368155859673452879e-01
3.322596276342379418e-01
3.277516961136159868e-01
3.232995541167556497e-01
3.189206332561994595e-01
3.146259993295369983e-01
3.104267181343571824e-01
3.063402431339002363e-01
3.023808339585808413e-01
2.985627502388137899e-01
2.948970577721881647e-01
2.914012100219441903e-01
2.880926604513219802e-01
2.849824748579107281e-01
2.820852322554077696e-01
2.794196636401833911e-01
2.770006674092173049e-01
2.748444194926195072e-01
2.729661376706523090e-01
2.713823172567082498e-01
2.701088147976147824e-01
2.691624449900468230e-01
2.685600225306795097e-01
2.683183621161878696e-01
2.684549172098120717e-01
2.689865025082271432e-01
2.699299327081081112e-01
2.713020225061300028e-01
2.731200255873263427e-01
2.753981608409257764e-01
2.781507667612329038e-01
2.813918624592697260e-01
2.851357864293407873e-01
2.893962383991855458e-01
2.941878762463911445e-01
2.995247190819795846e-01
3.054204666336902685e-01
3.118897767791103948e-01
3.189469880125444523e-01
3.266054806784494668e-01
3.348799126544123594e-01
3.437846224347378965e-01
3.533307546809049682e-01
3.635361611033263163e-01
3.744119863634809420e-01
3.859693751228480685e-01
3.982258597085576168e-01
4.111925847820886437e-01
4.248806950049202613e-01
4.393077227041825572e-01
4.544816187085292669e-01
4.704167215122646017e-01
4.871209819440426858e-01
5.046119323309932181e-01
5.229007173345953108e-01
5.419952877835026994e-01
5.619099821720199284e-01
5.826559451616262209e-01
6.042379337481496027e-01
6.266702864258946182e-01
6.499641478563404906e-01
6.741274688681409000e-01
6.991713941227748474e-01
7.251070682817212232e-01
7.519360545079832869e-01
7.796694974630397068e-01
8.083121541427190637e-01
8.378783630413255690e-01
8.683728811546876925e-01
8.998004654786332379e-01
9.321690668418163295e-01
9.654834422400648819e-01
9.997515425020326862e-01
1.034971736957897015e+00
1.071155170269136869e+00
1.108306599431580386e+00
1.146424393775404837e+00
1.185519697962089891e+00
1.225583949522123461e+00
1.266622378613970312e+00
1.308630089763580306e+00
1.351608575162554615e+00
1.395549745504017558e+00
1.440455092979570972e+00
1.486319722115164277e+00
1.533135543603922679e+00
1.580904049637446684e+00
1.629617150908861944e+00
1.679269951944117434e+00
1.729857557269164126e+00
1.781375071409951882e+00
1.833814405059605246e+00
1.887164275078424103e+00
1.941416592159532328e+00
1.996560073163229143e+00
2.052586628782639977e+00
2.109488169710889593e+00
2.167250218975451226e+00
2.225864687269448972e+00
2.285320291453183383e+00
2.345596166888476386e+00
2.406687418101279174e+00
2.468576374286239439e+00
2.531251752303655511e+00
2.594699075181002623e+00
2.658903865945754230e+00
2.723845259959732701e+00
2.789505586417587057e+00
2.855873562179615632e+00
2.922925128774816361e+00
2.990645809230663588e+00
3.059017932741805001e+00
3.128020634670062972e+00
3.197636244210087408e+00
3.267837509058049150e+00
3.338609952241422540e+00
3.409929515289204183e+00
3.481775333563216890e+00
3.554132930090935449e+00
3.626939920407452167e+00
3.700223347366970117e+00
3.773946377167186395e+00
3.848040237677541331e+00
3.922531971752239333e+00
3.997352807260722507e+00
4.072497848728939829e+00
4.147930262354588393e+00
4.223613214335362187e+00
4.299574390862071382e+00
4.375716298158923045e+00
4.452069839099749515e+00
4.528602039901869603e+00
4.605279926782607447e+00
4.682102464287538623e+00
4.759004740305729619e+00
4.835985719382755121e+00
4.913012427735939269e+00
4.990019953254347662e+00
5.067039198811811751e+00
5.144005252297397135e+00
5.220917078256679389e+00
5.297709764578728553e+00
5.374350337480864326e+00
5.450869699836916382e+00
5.527171001207697998e+00
5.603253206138786524e+00
5.679083340847500772e+00
5.754660369879418980e+00
5.829919381123607636e+00
5.904827400797388215e+00
5.979351455118083081e+00
6.053458570303010156e+00
6.127147710897751232e+00
6.200385903119623343e+00
6.273108234857694754e+00
6.345281732329287827e+00
6.416905360079977250e+00
6.487914205998831285e+00
6.558307234631426397e+00
6.628051472195082283e+00
6.697082006578865432e+00
6.765397802328355858e+00
6.832933947332617386e+00
6.899689406137226477e+00
6.965631204959504608e+00
7.030726370016774140e+00
7.094941927526354775e+00
7.158276842033825638e+00
7.220634263099994676e+00
7.282013155270444571e+00
7.342380544762488803e+00
7.401671519465200966e+00
7.459885043924156633e+00
7.516956206028417853e+00
7.572883970323563751e+00
7.627571486370408493e+00
7.681081595371034076e+00
7.733349385214508764e+00
7.784375344115620265e+00
7.834134116637752498e+00
7.882601871013496186e+00
7.929786713803697928e+00
7.975632874912698789e+00
8.020148460901348031e+00
8.063309640002232825e+00
8.105092580447955442e+00
8.145441512142843621e+00
8.184364541647754621e+00
8.221837837195279164e+00
8.257837567018009750e+00
8.292339899348537102e+00
8.325352940747714925e+00
8.356852859448130388e+00
8.386815823682379545e+00
8.415249940011310770e+00
8.442099438339264239e+00
8.467436301883592975e+00
8.491140883892127178e+00
8.513317105910481075e+00
8.533845321186484867e+00
8.552797512937491575e+00
8.570149849396095476e+00
8.585878498794894398e+00
8.599959629366475511e+00
8.612401347671685414e+00
8.623179821943127266e+00
8.632271220413384683e+00
8.639683649643309593e+00
8.645425216193750373e+00
8.649408211640787769e+00
8.651736557530039562e+00
8.652354483765837045e+00
8.651270096909032148e+00
8.648523441848727344e+00
8.644090686817515135e+00
8.638011876704496217e+00
8.630263179742268420e+00
8.620852702491674791e+00
8.609788551513563704e+00
8.597046895040531211e+00
8.582667777961678013e+00
8.566627368509598384e+00
8.548901834916884823e+00
8.529563160400893906e+00
8.508555574865964033e+00
8.485919123201197678e+00
8.461629973639187341e+00
8.435760109397293149e+00
8.408254030051775629e+00
8.379153128851344334e+00
8.348499068716636273e+00
8.316269635911774927e+00
8.282474555029143204e+00
8.247187427317630437e+00
8.210386039041358330e+00
8.172048176464459246e+00
8.132279379164071287e+00
8.091057433404323262e+00
8.048392063777594529e+00
8.004324933204518544e+00
7.958865766277478215e+00
7.912056225917105223e+00
7.863937975044037465e+00
7.814488799922400197e+00
7.763782301801081864e+00
7.711828205272463599e+00
7.658636234928922093e+00
7.604216115362842920e+00
7.548641447823114525e+00
7.491890018573858612e+00
7.433971552207458977e+00
7.374959649972803177e+00
7.314864036462273233e+00
7.253726374596500825e+00
7.191620265624378838e+00
7.128587372466541616e+00
7.064637419715368516e+00
6.999812070291492105e+00
6.934216863772061146e+00
6.867829586421197341e+00
6.800691901159537700e+00
6.732877409235968891e+00
6.664363896914619723e+00
6.595224965444379528e+00
6.525470339417625887e+00
6.455173620083249908e+00
6.384344532033631836e+00
6.313024738189406015e+00
6.241287839799460890e+00
6.169143561456179370e+00
6.096665504408449898e+00
6.023895331576905932e+00
5.950842767553926826e+00
5.877613351916659568e+00
5.804216809257482623e+00
5.730726740825286214e+00
5.657184809540702908e+00
5.583600739996116502e+00
5.510078073413349209e+00
5.436616542608184943e+00
5.363277758697599928e+00
5.290091394470311847e+00
5.217087122715041048e+00
5.144294616220506988e+00
5.071743547775429128e+00
4.999495528496781027e+00
4.927580231173283032e+00
4.856027328593655490e+00
4.784866493546615196e+00
4.714191275477393361e+00
4.644031347174707669e+00
4.574416381427280243e+00
4.505407989352082865e+00
4.437035843737835883e+00
4.369361555701512856e+00
4.302414798031833243e+00
4.236225243517517391e+00
4.170822564947284761e+00
4.106268373438108910e+00
4.042624280106965173e+00
3.979888019414317579e+00
3.918089264148884254e+00
3.857321563755896410e+00
3.797614591024072173e+00
3.738966080413876902e+00
3.681469581370539590e+00
3.625154766682778362e+00
3.570083247467569443e+00
3.516220819857120983e+00
3.463692971624918737e+00
3.412497437231425401e+00
3.362695827793615866e+00
3.314317816100210479e+00
3.267393074939927367e+00
3.221951277101486877e+00
3.178085972030117112e+00
3.135762955858029333e+00
3.095075778030452529e+00
3.056054111336104384e+00
3.018695690235452034e+00
2.983062125845468149e+00
2.949215029283127620e+00
2.917184073337149020e+00
2.886966992467997706e+00
2.858625397792649014e+00
2.832188962099821516e+00
2.807687358178234227e+00
2.785182197144862037e+00
2.764668857227307264e+00
2.746197168378238462e+00
2.729750727660951171e+00
2.715408947123505001e+00
2.703123485500941836e+00
2.692941816513066744e+00
2.684885863217082225e+00
2.678971161004537471e+00
2.675206857601333699e+00
2.673605294566196111e+00
2.674175619625023703e+00
2.676926980503717690e+00
2.681874912593828153e+00
2.689028563621254975e+00
2.698393887479072273e+00
2.709983225726004807e+00
2.723799338422303151e+00
2.739854567126692064e+00
2.758151671899420343e+00
2.778696606633562105e+00
2.801498519055017677e+00
2.826560169224035413e+00
2.853884317200865439e+00
2.883467335380104579e+00
2.915308789989176752e+00
2.949405053422680556e+00
2.985755691908039466e+00
3.024360271672676070e+00
3.065211971278363645e+00
3.108303969286874135e+00
3.153635831925631905e+00
3.201194350090759144e+00
3.250972702344026910e+00
3.302964067247208924e+00
3.357164817194902895e+00
3.413561743083230127e+00
3.472141635808313698e+00
3.532894480099098455e+00
3.595800679186057280e+00
3.660847023965311031e+00
3.728023499165808108e+00
3.797310508018015618e+00
3.868691647585234872e+00
3.942150514930758742e+00
4.017657931786582814e+00
4.095200689048828835e+00
4.174749608449489280e+00
4.256256348723609584e+00
4.339768383590992151e+00
4.425173495130169776e+00
4.512519616894192787e+00
4.601728768456063712e+00
4.692787305878537651e+00
4.785681585224373258e+00
4.880366024228067978e+00
4.976826978952381353e+00
5.075018867131812605e+00
5.174928044829119500e+00
5.276508929778800372e+00
5.379747878043614762e+00
5.484567369029807793e+00
5.590985697128389553e+00
5.698925341745606943e+00
5.808372658944216838e+00
5.919282066458719349e+00
6.031639920351872242e+00
6.145336761701667427e+00
6.260390884899113217e+00
6.376756707678713276e+00
6.494356709446713616e+00
6.613177246265870224e+00
6.733140797542429112e+00
6.854233719339148934e+00
6.976410429390528023e+00
7.099593407102813281e+00
7.223769008538764247e+00
7.348859713104625158e+00
7.474819938534897013e+00
7.601636040892337576e+00
7.729198561254935207e+00
7.857493855685452111e+00
7.986444403590129859e+00
8.116004622703473004e+00
8.246160869088235756e+00
8.376771745494155041e+00
8.507855546312244499e+00
8.639334750948746589e+00
8.771131838809912651e+00
8.903201227630242798e+00
9.035497335144235365e+00
9.167942640758143469e+00
9.300491562206460117e+00
9.433066578895441978e+00
9.565622108559582060e+00
9.698080630605129926e+00
9.830396562766589241e+00
9.962492384450206018e+00
1.009429057506222449e+01
1.022577749066540242e+01
1.035684367233772996e+01
1.048744700115130790e+01
1.061752727320034495e+01
1.074705968624490104e+01
1.087598749971678913e+01
1.100425397304780795e+01
1.113183430399802809e+01
1.125870369032750418e+01
1.138477345313979150e+01
1.151001879019495178e+01
1.163438296092478907e+01
1.175777728643285691e+01
1.188020890280747466e+01
1.200162106948044283e+01
1.212195704588357437e+01
1.224116009144867157e+01
1.235920540393579969e+01
1.247606818110502047e+01
1.259172362071638851e+01
1.270605110554520678e+01
1.281908971000805053e+01
1.293078269353671672e+01
1.304100943890650832e+01
1.314980902053399880e+01
1.325709275952273636e+01
1.336283585363278092e+01
1.346694962396769135e+01
1.356940926828751870e+01
1.367015804602408124e+01
1.376917115493743360e+01
1.386642379278764281e+01
1.396179534234999764e+01
1.405532487804107511e+01
1.414692372096442341e+01
1.423653513055185549e+01
1.432416624289168361e+01
1.440972837908746129e+01
1.449322867522750258e+01
1.457457845241535921e+01
1.465378484673935056e+01
1.473075917930302658e+01
1.480550858619470667e+01
1.487794438851793544e+01
1.494807372236103937e+01
1.501583984715581899e+01
1.508115408400582425e+01
1.514402356899937629e+01
1.520439156156828098e+01
1.526220132114434236e+01
1.531745998381587981e+01
1.537011080901469917e+01
1.542016373545249230e+01
1.546760797400621357e+01
1.551243553817619336e+01
1.555463844146275676e+01
1.559417675903798539e+01
1.563110638105871608e+01
1.566538738269702336e+01
1.569701177745323584e+01
1.572593964049943516e+01
1.575219492366419338e+01
1.577573770211959747e+01
1.579655998936597427e+01
1.581468573723190651e+01
1.583007502088947227e+01
1.584275179216725249e+01
1.585270806456557580e+01
1.585996778991303202e+01
1.586449104338169214e+01
1.586626983847188832e+01
1.586536006534046450e+01
1.586175373748773687e+01
1.585541093008579239e+01
1.584638753329146788e+01
1.583467556060509196e+01
1.582026702552699327e+01
1.580318587988575985e+01
1.578345607550997265e+01
1.576103768757170620e+01
1.573595466789954855e+01
1.570823096832208243e+01
1.567782666401137881e+01
1.564479764512428872e+01
1.560910398683287603e+01
1.557080157929398290e+01
1.552994631266445147e+01
1.548653020044460682e+01
1.544064107111954876e+01
1.539223899986134469e+01
1.534141181515509089e+01
1.528821540715762772e+01
1.523260985104103504e+01
1.517465103696214435e+01
1.511436291674954013e+01
1.505180138056006633e+01
1.498695844189404980e+01
1.491982611425182093e+01
1.485052416444673007e+01
1.477901266765084820e+01
1.470534751402101925e+01
1.462958459371407471e+01
1.455174648531636805e+01
1.447185027444528416e+01
1.438997555013248686e+01
1.430610608642486703e+01
1.422032147235409383e+01
1.413263742029530690e+01
1.404313351928017717e+01
1.395176160502733786e+01
1.385866514322496634e+01
1.376382790791994992e+01
1.366729754981570188e+01
1.356912171961562130e+01
1.346931612969486558e+01
1.336796036908509144e+01
1.326507015016145097e+01
1.316066118529909268e+01
1.305478112520142453e+01
1.294747762057185447e+01
1.283883026044203568e+01
1.272885475718712556e+01
1.261766263816703493e+01
1.250526961575691587e+01
1.239178721731668631e+01
1.227726309354974710e+01
1.216174489515950441e+01
1.204528027284936442e+01
1.192794881565098919e+01
1.180976623593952546e+01
1.169084406107489471e+01
1.157116606510398427e+01
1.145084377538671561e+01
1.132989290429823903e+01
1.120842497919846537e+01
1.108642377413429614e+01
1.096403275479389983e+01
1.084129957188067550e+01
1.071823993776978234e+01
1.059496537982112940e+01
1.047152354873812463e+01
1.034799403355242653e+01
1.022445642329569893e+01
1.010095836867134445e+01
9.977579458711023364e+00
9.854399282446394182e+00
9.731497428909118952e+00
9.608921548802603851e+00
9.486751231158507380e+00
9.365034126680237492e+00
9.243849824399450910e+00
9.123277913347807910e+00
9.003361459448919746e+00
8.884157127835450751e+00
8.765685060532019790e+00
8.647997337891496272e+00
8.531177978595003708e+00
8.415247124667160961e+00
8.300288794789091540e+00
8.186291192657153104e+00
8.073370275280732145e+00
7.961546184684439531e+00
7.850871001221146450e+00
7.741364866915469101e+00
7.633079862120279557e+00
7.526036128860192242e+00
7.420317685816333331e+00
7.315944675013314580e+00
7.212905300147502530e+00
7.111315518228275678e+00
7.011227409608501659e+00
6.912661116312796672e+00
6.815668718694035455e+00
6.720334235433337966e+00
6.626677808555323068e+00
6.534751518412859284e+00
6.444607445358817799e+00
6.356297669746069801e+00
6.269842333599232376e+00
6.185293517271171382e+00
6.102671362786506570e+00
6.022059888826361451e+00
5.943447299087099900e+00
5.866885673921586886e+00
5.792427093682698036e+00
5.720091700395046885e+00
5.649899636083249632e+00
5.581902981100176575e+00
5.516121877470443913e+00
5.452608405546922832e+00
5.391414645682482742e+00
5.332560739901738955e+00
5.276130706885816757e+00
5.222176626987588222e+00
5.170750580559922760e+00
5.121872709627434794e+00
5.075627032871251387e+00
5.032001753987732862e+00
4.991017015001495416e+00
4.952692957937153473e+00
4.917049724819326784e+00
4.884107457672627106e+00
4.853851412091284345e+00
4.826255051260996964e+00
4.801416643578348520e+00
4.779274765798647628e+00
4.759927686318479623e+00
4.743345920221408107e+00
4.729563859247507551e+00
4.718615895136853311e+00
4.710504481301264867e+00
4.705232071152558149e+00
4.702801118102557076e+00
4.703150198906570267e+00
4.706313705304673078e+00
4.712262152380428226e+00
4.720966055217403756e+00
4.732459805555670584e+00
4.746713918478796757e+00
4.763730847398599977e+00
4.783481107398646515e+00
4.806031028547264938e+00
4.831319187599762977e+00
4.859379976296219539e+00
4.890183909720196453e+00
4.923733441283514090e+00
4.959999086069736940e+00
4.998983297490687150e+00
5.040624652301670672e+00
5.084925603914511427e+00
5.131856667412772133e+00
5.181420296208273157e+00
5.233555067056324894e+00
5.288263433368748601e+00
5.345547848557360204e+00
5.405378827705727751e+00
5.467726885897414846e+00
5.532594476544241857e+00
5.599952114729773278e+00
5.669770315537576266e+00
5.741987655722958550e+00
5.816574650369485511e+00
5.893469876232470206e+00
5.972643848395473576e+00
6.054035143613811343e+00
6.137582338642789459e+00
6.223287886894228293e+00
6.311122303451695892e+00
6.401088041727010847e+00
6.493123678475479998e+00
6.587231667108929045e+00
6.683382522710917151e+00
6.781580833399164732e+00
6.881711972801964450e+00
6.983759264238267761e+00
7.087642154370517922e+00
7.193312028189414953e+00
7.300720270685655322e+00
7.409754390193434403e+00
7.520429648359953312e+00
7.632665491847657080e+00
7.746477182303756592e+00
7.861816104718947429e+00
7.978633644083930498e+00
8.096977000374165456e+00
8.216765620252095559e+00
8.337982827036677591e+00
8.460580005718609797e+00
8.584508541288588646e+00
8.709687880409058280e+00
8.836069408070718723e+00
8.963636447592520540e+00
9.092276507308653777e+00
9.221940972209820231e+00
9.352549288958460494e+00
9.484084780873532239e+00
9.616466894617472505e+00
9.749615076852730766e+00
9.883448774241749391e+00
1.001791937177522485e+01
1.015297825444385893e+01
1.028854486891009401e+01
1.042457060016463188e+01
1.056103877152641957e+01
1.069783689132965065e+01
1.083498022122153159e+01
1.097238820786450653e+01
1.110998029792101960e+01
1.124773981471002671e+01
1.138558620489396667e+01
1.152340697680703308e+01
1.166118545376817295e+01
1.179884108243984109e+01
1.193629330948447453e+01
1.207349351989276975e+01
1.221029728367066447e+01
1.234671986246536690e+01
1.248261682628281299e+01
1.261793956011369922e+01
1.275260751062047149e+01
1.288650818613731452e+01
1.301962490998318600e+01
1.315181850900062699e+01
1.328309859069159771e+01
1.341341614273816774e+01
1.354272215282240133e+01
1.367096760862635918e+01
1.379816737448861375e+01
1.392420856143472285e+01
1.404907409547499775e+01
1.417277884094801799e+01
1.429524184720758484e+01
1.441641410193577322e+01
1.453627853114288726e+01
1.465481806083925775e+01
1.477195174037868597e+01
1.488766249577149203e+01
1.500193325302799074e+01
1.511465112317373993e+01
1.522583097054731383e+01
1.533539184450251724e+01
1.544331667104966677e+01
1.554952449954257432e+01
1.565399825599156536e+01
1.575672086640694047e+01
1.585764331847077813e+01
1.595668466153688136e+01
1.605385975994381909e+01
1.614908766304541032e+01
1.624238323518022042e+01
1.633366552570205243e+01
1.642288552229297949e+01
1.651002615096332349e+01
1.659503839939513625e+01
1.667790519359873613e+01
1.675851364459968806e+01
1.683687861673655561e+01
1.691291915936315249e+01
1.698665013681804581e+01
1.705802253678330516e+01
1.712698734694098945e+01
1.719346361664490885e+01
1.725749814856189346e+01
1.731900999204574632e+01
1.737795013477853345e+01
1.743433344109882910e+01
1.748811089868869217e+01
1.753926543355845169e+01
1.758771609506190003e+01
1.763350968586587797e+01
1.767659719365244086e+01
1.771692960610365475e+01
1.775446084430117821e+01
1.778922043958154120e+01
1.782117698002437223e+01
1.785033099203754148e+01
1.787665106370066326e+01
1.790013772142162196e+01
1.792079149160828777e+01
1.793864483899679385e+01
1.795366635166675096e+01
1.796592043268254457e+01
1.797534373179554734e+01
1.798200065207013765e+01
1.798589171991419278e+01
1.798698552340732704e+01
1.798534646561393302e+01
1.798091119628536561e+01
1.797371218015776151e+01
1.796374994363899091e+01
1.795102501313693821e+01
1.793550597673120706e+01
1.791728917581444591e+01
1.789631126013801676e+01
1.787260469443805633e+01
1.784623388177893588e+01
1.781713547191202807e+01
1.778540580622997069e+01
1.775098153448412930e+01
1.771395899806714169e+01
1.767433872338687806e+01
1.763208929852295981e+01
1.758733900319628773e+01
1.754002448715821671e+01
1.749024209180139167e+01
1.743796040520542689e+01
1.738321189210645556e+01
1.732602901724061084e+01
1.726644424534401168e+01
1.720442616449628659e+01
1.714007111609006628e+01
1.707331574987671985e+01
1.700422446892063633e+01
1.693286167628619054e+01
1.685919596005300392e+01
1.678332366161371780e+01
1.670527724570446182e+01
1.662508917706136202e+01
1.654275998209229215e+01
1.645835406386164124e+01
1.637193582543378056e+01
1.628350579321660518e+01
1.619309386470837708e+01
1.610071966845598368e+01
1.600640026576847319e+01
1.591015271795486719e+01
1.581199408632420678e+01
1.571200530884204305e+01
1.561026732347391466e+01
1.550686106818536736e+01
1.540186748094194868e+01
1.529539943803745672e+01
1.518747400078092724e+01
1.507820404546616189e+01
1.496757469507393878e+01
1.485560301091329727e+01
1.474224217763676492e+01
1.462754119488162985e+01
1.451142130897216731e+01
1.439389958121740776e+01
1.427502501125464640e+01
1.415478272206466670e+01
1.403334946659777671e+01
1.391074230616300333e+01
1.378707411705416064e+01
1.366242583723678372e+01
1.353691034300467599e+01
1.341057663399512734e+01
1.328347370984542763e+01
1.315565057019286677e+01
1.302715621467474350e+01
1.289800770460007939e+01
1.276828597793443443e+01
1.263800809598683195e+01
1.250722305839457071e+01
1.237597986479494239e+01
1.224439139148173794e+01
1.211250663809225792e+01
1.198040654259204096e+01
1.184817204294663817e+01
1.171588407712158642e+01
1.158355970642592858e+01
1.145131180715346098e+01
1.131909356395671296e+01
1.118698591480122673e+01
1.105500592099603985e+01
1.092313870552193578e+01
1.079149714467271437e+01
1.066003442310089966e+01
1.052886341710029150e+01
1.039812894129294740e+01
1.026791193364440780e+01
1.013831985866329610e+01
1.000937465706100049e+01
9.881220611076747318e+00
9.753906187965004193e+00
9.627447916651975746e+00
9.501862326063871933e+00
9.377197883455158589e+00
9.253471117752049224e+00
9.130698557880743138e+00
9.008928671095711493e+00
8.888177986323162472e+00
8.768494970817560130e+00
8.649864215176856774e+00
8.532366124983770561e+00
8.416017229164518554e+00
8.300834056645298276e+00
8.186865074680580889e+00
8.074158750524828676e+00
7.962731613104253370e+00
7.852632129673316363e+00
7.743876829158225839e+00
7.636546117141702616e+00
7.530656522549953991e+00
7.426256512637445795e+00
7.323394554658642086e+00
7.222087177539748382e+00
7.122350910206977304e+00
7.024266158243048785e+00
6.927849450574168344e+00
6.833117316126548602e+00
6.740150160482904163e+00
6.648932574241193549e+00
6.559513024655879931e+00
6.471939978981425590e+00
6.386229966144041370e+00
6.302399515069934566e+00
6.220465154685316023e+00
6.140507290572905674e+00
6.062542451658909926e+00
5.986555228541285523e+00
5.912626026802749735e+00
5.840771375369513407e+00
5.771039741496037045e+00
5.703447654108535048e+00
5.638043580461467030e+00
5.574844049481043839e+00
5.513897528421729533e+00
5.455188607881479079e+00
5.398797693443010637e+00
5.344709375704279175e+00
5.292905455188764208e+00
5.243452387106819046e+00
5.196349959937806240e+00
5.151597962161094557e+00
5.109164243927796001e+00
5.069080532045532550e+00
5.031346614993668531e+00
4.995962281251573600e+00
4.962959257626867959e+00
4.932305394270663612e+00
4.904032417990581649e+00
4.878076240609479974e+00
4.854500527263236442e+00
4.833305066431213604e+00
4.814425769936272914e+00
4.797926302914286900e+00
4.783742577188116130e+00
4.771906319565381693e+00
4.762417318525448806e+00
4.755211485891174483e+00
4.750352486798437468e+00
4.747776233070093888e+00
4.747482513185510733e+00
4.749503053952308207e+00
4.753773767193344213e+00
4.760294441387986630e+00
4.769064865015603338e+00
4.780084826555556887e+00
4.793322176158964609e+00
4.808744763976934067e+00
4.826352378488835804e+00
4.846144808174034146e+00
4.868089903183641987e+00
4.892155513668772215e+00
4.918309489780536836e+00
4.946551619998301064e+00
4.976849754473178677e+00
5.009171743356283457e+00
5.043485436798723853e+00
5.079790623279868633e+00
5.118023214622575701e+00
5.158182999306212047e+00
5.200237827481889674e+00
5.244155549300718810e+00
5.289904014913814123e+00
5.337451074472286727e+00
5.386764578127250402e+00
5.437812376029816264e+00
5.490530380002840438e+00
5.544886440197436706e+00
5.600882903373514132e+00
5.658468472756629453e+00
5.717626348181142681e+00
5.778339729481407616e+00
5.840527939835269855e+00
5.904238055733595836e+00
5.969389400354232045e+00
6.035997111859790820e+00
6.103980513428115096e+00
6.173354743221817209e+00
6.244071062746999523e+00
6.316080733509760847e+00
6.389366955344459420e+00
6.463912928085449039e+00
6.539637974910579743e+00
6.616557233982457653e+00
6.694590028478931920e+00
6.773719558234359006e+00
6.853929023083093597e+00
6.935105807874728079e+00
7.017296989100127114e+00
7.100421889937138964e+00
7.184431771891863328e+00
7.269309834798656667e+00
7.355007340163619567e+00
7.441443611164599403e+00
7.528601847635953526e+00
7.616465249412032179e+00
7.704953139670692508e+00
7.794016779918024440e+00
7.883607431660136555e+00
7.973708294731382651e+00
8.064238692309610101e+00
8.155181824229172705e+00
8.246425075339665511e+00
8.337983583803698195e+00
8.429776672799112802e+00
8.521755603832017911e+00
8.613871638408511444e+00
8.706076038034694875e+00
8.798288125888415578e+00
8.890491101804027352e+00
8.982636227287633446e+00
9.074610887188827135e+00
9.166398281341962218e+00
9.257949671253138391e+00
9.349216318428460681e+00
9.440085607717520588e+00
9.530572677282927785e+00
9.620564911974273770e+00
9.710050669124598244e+00
9.798975059405163890e+00
9.887288350985917518e+00
9.975036627021570013e+00
1.006210627902555110e+01
1.014854339015257878e+01
1.023423435191608455e+01
1.031925718579903695e+01
1.040349828331486925e+01
1.048697178929003471e+01
1.056962797189448544e+01
1.065144903762641526e+01
1.073241719298403041e+01
1.081251464446552646e+01
1.089165972191259790e+01
1.096986657015170152e+01
1.104708545735277703e+01
1.112329859001403065e+01
1.119845623630540388e+01
1.127254060272510294e+01
1.134550195744306578e+01
1.141735444528575627e+01
1.148801639609485647e+01
1.155750195469683028e+01
1.162576138926161740e+01
1.169277690628742050e+01
1.175849877394418819e+01
1.182294113705836835e+01
1.188605426379991492e+01
1.194782036066702169e+01
1.200818969582963902e+01
1.206717641411422193e+01
1.212466690703420547e+01
1.218070725774429874e+01
1.223524773441444502e+01
1.228827054354285409e+01
1.233969401497120799e+01
1.238956423185422118e+01
1.243779952403358280e+01
1.248438209800749377e+01
1.252932609860240909e+01
1.257258179398827558e+01
1.261409945233503827e+01
1.265389321846915216e+01
1.269188142223230997e+01
1.272811014677921904e+01
1.276249772195157206e+01
1.279505829257582405e+01
1.282571018849366595e+01
1.285446755453155099e+01
1.288134710908406610e+01
1.290628004983351573e+01
1.292929596301510919e+01
1.295042443486404693e+01
1.296963117495901940e+01
1.298691383120698184e+01
1.300227005151487880e+01
1.301576136044617016e+01
1.302728959092303285e+01
1.303694820583718261e+01
1.304467097643906470e+01
1.305045555063562013e+01
1.305433151466205288e+01
1.305632845475356874e+01
1.305638014216060050e+01
1.305451616311836105e+01
1.305076610386204372e+01
1.304512761229859663e+01
1.303759833633497500e+01
1.302820786220637927e+01
1.301692189949149636e+01
1.300377003442553914e+01
1.298874991491544684e+01
1.297189112719642878e+01
1.295322325750368364e+01
1.293271201541590720e+01
1.291041892549655934e+01
1.288630969732432519e+01
1.286038197880615996e+01
1.283272923283377409e+01
1.280325329232934983e+01
1.277204762018460293e+01
1.273910986430647618e+01
1.270440573427366893e+01
1.266799675464963570e+01
1.262988057334132286e+01
1.259011871491219026e+01
1.254867688894093369e+01
1.250561661999100238e+01
1.246096749429760742e+01
1.241472715976769337e+01
1.236695714096471832e+01
1.231768702412388095e+01
1.226688251882388236e+01
1.221460514962817534e+01
1.216088450277196387e+01
1.210571822616219428e+01
1.204916784436232291e+01
1.199119906695104909e+01
1.193190535682007614e+01
1.187125010858973617e+01
1.180934714868814872e+01
1.174614829694380269e+01
1.168166924984168098e+01
1.161598958052328356e+01
1.154909304714535345e+01
1.148099534619287709e+01
1.141174411247910214e+01
1.134132310416076450e+01
1.126977995605111005e+01
1.119713036463513056e+01
1.112339002639781604e+01
1.104857463782415827e+01
1.097273183372740135e+01
1.089590924892079471e+01
1.081809064156107070e+01
1.073938752311798694e+01
1.065975171342002703e+01
1.057929472393693793e+01
1.049800031282546442e+01
1.041591611489885061e+01
1.033308976497033882e+01
1.024953695952492616e+01
1.016530533337584785e+01
1.008037864467985401e+01
9.994836466578435719e+00
9.908694495556582993e+00
9.821968428099294712e+00
9.734737837348063749e+00
9.647018419787887211e+00
9.558857810232007424e+00
9.470271705165414389e+00
9.381307739401355761e+00
9.292045486081331518e+00
9.202468703362079339e+00
9.112656964385095648e+00
9.022625965635377554e+00
8.932455280254417929e+00
8.842128666398959780e+00
8.751757635538755409e+00
8.661294007502284842e+00
8.570881232087563362e+00
8.480471129123067442e+00
8.390175210078551160e+00
8.299977233110752195e+00
8.209956771361177630e+00
8.120129521314810361e+00
8.030543117784898044e+00
7.941277133912941544e+00
7.852379204512187627e+00
7.763860412125549892e+00
7.675777260184149853e+00
7.588117761520526194e+00
7.500997682280230450e+00
7.414341158639292217e+00
7.328232018415010707e+00
7.242690212768176039e+00
7.157671816203073689e+00
7.073260656536999313e+00
6.989476684930748362e+00
6.906307914216850641e+00
6.823774295556106040e+00
6.741927718437551675e+00
6.660756195693729786e+00
6.580311616813685482e+00
6.500613932958207108e+00
6.421683095288087451e+00
6.343507116635861642e+00
6.266169824818829781e+00
6.189691170997787317e+00
6.114027229677011732e+00
6.039293767002056335e+00
5.965446857477206599e+00
5.892538390591508524e+00
5.820588317505750453e+00
5.749648527708978385e+00
5.679675095705476018e+00
5.610751849312540784e+00
5.542866801362712259e+00
5.476071841345033775e+00
5.410323043763789030e+00
5.345704236436278123e+00
5.282203432195032633e+00
5.219840582200850676e+00
5.158667575942775585e+00
5.098704364581594817e+00
5.039970899278103822e+00
4.982487131193090946e+00
4.926273011487348086e+00
4.871380429649922128e+00
4.817797398513349094e+00
4.765575807566671429e+00
4.714703669642428707e+00
4.665200935901412826e+00
4.617119495832665343e+00
4.570415423940473509e+00
4.525172548042132981e+00
4.481378880970182443e+00
4.439054373885410243e+00
4.398218977948613606e+00
4.358890315238650004e+00
4.321076691506680945e+00
4.284752145093682962e+00
4.249954590997140791e+00
4.216690005886286841e+00
4.184964366430352634e+00
4.154719772642057940e+00
4.126026077847146034e+00
4.098825382058335798e+00
4.073155600273115517e+00
4.048990770832463504e+00
4.026368808733862714e+00
4.005263752318290571e+00
3.985681578254979041e+00
3.967596324884903325e+00
3.951045907205548602e+00
3.936004363557896735e+00
3.922477670611174361e+00
3.910471805034613002e+00
3.899960805169191858e+00
3.890950647684138897e+00
3.883447309248687418e+00
3.877392889875560744e+00
3.872857242890496376e+00
3.869782468306218082e+00
3.868174542791958714e+00
3.868007504688692588e+00
3.869287330665650337e+00
3.871988059063811605e+00
3.876115666552405692e+00
3.881676129800664565e+00
3.888643487149565203e+00
3.896991776940082364e+00
3.906695037513195690e+00
3.917791183866389471e+00
3.930222316012385697e+00
3.943962472292161792e+00
3.959049567703204264e+00
3.975457640586486985e+00
3.993128790954735496e+00
4.012068995477179101e+00
4.032252292494795221e+00
4.053652720348559058e+00
4.076276255707705687e+00
4.100096936913208090e+00
4.125088802306043689e+00
4.151225890227191684e+00
4.178482239017625943e+00
4.206863825346578878e+00
4.236312749226772922e+00
4.266836913801424380e+00
4.298388051453178704e+00
4.330983697695176105e+00
4.364609449712300915e+00
4.399218966361184258e+00
4.434829783154968119e+00
4.471427497278535057e+00
4.508933829260263870e+00
4.547398252941546204e+00
4.586806365507269945e+00
4.627079887485809451e+00
4.668236354390304932e+00
4.710261363405645163e+00
4.753108573388455049e+00
4.796795519851879241e+00
4.841275861652546197e+00
4.886503257647087928e+00
4.932527181676896966e+00
4.979237415942098011e+00
5.026683434284082708e+00
5.074786957231228968e+00
5.123565520296676112e+00
5.172940844008801164e+00
5.222962402208997545e+00
5.273519977097387290e+00
5.324663042515365596e+00
5.376313318991307710e+00
5.428424465381844755e+00
5.481045955528371039e+00
5.534067571631008597e+00
5.587538787531151740e+00
5.641349385428922503e+00
5.695516900837460206e+00
5.749994992613396860e+00
5.804769257941615912e+00
5.859761417350495272e+00
5.914989006353174261e+00
5.970405683806284003e+00
6.025965108566454731e+00
6.081652877818571667e+00
6.137390712091011835e+00
6.193196146896914556e+00
6.249022841092911840e+00
6.304792515207379822e+00
6.360522704753455159e+00
6.416167068587773414e+00
6.471647327238707170e+00
6.526981016219397524e+00
6.582089856058221500e+00
6.636959443940065206e+00
6.691547383929703052e+00
6.745827060924508345e+00
6.799807743358246448e+00
6.853434823008182519e+00
6.906749506636338687e+00
6.959665247691718903e+00
7.012223252936352402e+00
7.064400852475753112e+00
7.116143438087180861e+00
7.167460278204405455e+00
7.218328702932942598e+00
7.268757980706565647e+00
7.318693503302530878e+00
7.368112600826356662e+00
7.417056480040067790e+00
7.465470532720923202e+00
7.513332088974436829e+00
7.560618478906129702e+00
7.607338970949766299e+00
7.653438956882611777e+00
7.698927705138433275e+00
7.743814484150999711e+00
7.788012747369323030e+00
7.831531763227169485e+00
7.874348861830054780e+00
7.916473311611748720e+00
7.957882442677767010e+00
7.998521646805368590e+00
8.038400192428328594e+00
8.077495409652158287e+00
8.115784628582375149e+00
8.153277117652747208e+00
8.189886330312283746e+00
8.225653473323006892e+00
8.260555876790432350e+00
8.294538932491823502e+00
8.327579970532692499e+00
8.359720197675065023e+00
8.390873067367948579e+00
8.421079786373365295e+00
8.450285746468578552e+00
8.478500216087358154e+00
8.505668587006963932e+00
8.531832065989421565e+00
8.556904106483736783e+00
8.580893976923679389e+00
8.603810945743017413e+00
8.625632343047271888e+00
8.646303560613700867e+00
8.665833866876072378e+00
8.684202686570182905e+00
8.701397822952939620e+00
8.717441112239791678e+00
8.732322452317921702e+00
8.745999802746268870e+00
8.758526938068524004e+00
8.769893756171883936e+00
8.780058216615278965e+00
8.789074093942405241e+00
8.796899347712201944e+00
8.803555814140107572e+00
8.809033391113315403e+00
8.813353914847263937e+00
8.816507283229142899e+00
8.818483394146143795e+00
8.819272145485454573e+00
8.818927311790771384e+00
8.817406852621028079e+00
8.814700665863417939e+00
8.810862526061633559e+00
8.805818454446358245e+00
8.799654163889542247e+00
8.792327613950117637e+00
8.783828702515279474e+00
8.774211204128720354e+00
8.763465016677631780e+00
8.751580038049199928e+00
8.738610042787126275e+00
8.724512990450341121e+00
8.709310717254291845e+00
8.693025059414416944e+00
8.675677853146162022e+00
8.657227058008460929e+00
8.637726448545015145e+00
8.617133984314754969e+00
8.595503439861378325e+00
8.572824713072073166e+00
8.549087701834030995e+00
8.524346180690951513e+00
8.498590047530017344e+00
8.471841138566674090e+00
8.444089351688113254e+00
8.415356523109776887e+00
8.385664489047105263e+00
8.355003147387289886e+00
8.323426272674028681e+00
8.290923762794509599e+00
8.257517453964178245e+00
8.223229182398473114e+00
8.188048845984585711e+00
8.152028760480522607e+00
8.115151529844995437e+00
8.077398299251036917e+00
8.038846028856433179e+00
7.999443925505952180e+00
7.959237011029129505e+00
7.918206430598989876e+00
7.876365267716813001e+00
7.833726605883876815e+00
7.790335466929718677e+00
7.746236872683868846e+00
7.701380029991101495e+00
7.655809960680945103e+00
7.609571686582939698e+00
7.562678291198362324e+00
7.515110919700235037e+00
7.466882655589840212e+00
7.418038520696713434e+00
7.368559660193874983e+00
7.318523034239118097e+00
7.267845911348953969e+00
7.216637190009429936e+00
7.164878015393569832e+00
7.112581471002652478e+00
7.059792578666208129e+00
7.006556360213776813e+00
6.952822022490126486e+00
6.898666525653045056e+00
6.844102953203813122e+00
6.789112450315453628e+00
6.733771977145758036e+00
6.678062678867747515e+00
6.622029577310959425e+00
6.565685755976672588e+00
6.509012360037910838e+00
6.452086349652462083e+00
6.394952746649861908e+00
6.337560757874880046e+00
6.279987343485303519e+00
6.222277525310667912e+00
6.164444386852253821e+00
6.106501011611340068e+00
6.048492421417458687e+00
5.990463638100144372e+00
5.932395806832423624e+00
5.874302011115573485e+00
5.816291149435638630e+00
5.758312428637389679e+00
5.700410870550359554e+00
5.642599558675827964e+00
5.584952227409936576e+00
5.527465831445727673e+00
5.470134099714601739e+00
5.412950761147948597e+00
5.355973421333678708e+00
5.299195809203187224e+00
5.242643592016125176e+00
5.186278560375633617e+00
5.130158319869618566e+00
5.074308537757731052e+00
5.018691004643112130e+00
4.963363326113668705e+00
4.908319231100797708e+00
4.853584386864146616e+00
4.799152522335114135e+00
4.745017366445096307e+00
4.691268463110254139e+00
4.637835664605474584e+00
4.584744638190406896e+00
4.532052989452957981e+00
4.479722508996269781e+00
4.427810802408246538e+00
4.376311598620287846e+00
4.325250564892041183e+00
4.274653368483157578e+00
4.224545676653290727e+00
4.174953156662088105e+00
4.125837599112695209e+00
4.077256609593015391e+00
4.029235855362698793e+00
3.981737127024889134e+00
3.934818030167489322e+00
3.888472293721898065e+00
3.842693646619511849e+00
3.797539694448236247e+00
3.753004166139466413e+00
3.709080790624598389e+00
3.665827173491537305e+00
3.623205105343428656e+00
3.581304130096429006e+00
3.540086038353681186e+00
3.499576497374834450e+00
3.459769236091288835e+00
3.420721860090947697e+00
3.382428098305206632e+00
3.344849741337208471e+00
3.308076333103114663e+00
3.272069664206064488e+00
3.236855401905709417e+00
3.202491151789955470e+00
3.168904911247278466e+00
3.136176949761777966e+00
3.104321805274632862e+00
3.073258200742258417e+00
3.043096489090598045e+00
3.013755393276067895e+00
2.985249451239845975e+00
2.957625139251366608e+00
2.930833118595298270e+00
2.904919865541075730e+00
2.879836041373370126e+00
2.855596184033359464e+00
2.832214831462221749e+00
2.809674583272883996e+00
2.787989977406523323e+00
2.767175551804318623e+00
2.747213906079196022e+00
2.728087639844079870e+00
2.709811291040148618e+00
2.692367459280326614e+00
2.675802620834048184e+00
2.660067436985982248e+00
2.645208384005563573e+00
2.631176123177461967e+00
2.617985192442857212e+00
2.605618191414673213e+00
2.594121596362342075e+00
2.583414130242281281e+00
2.573574207652179702e+00
2.564552489876704922e+00
2.556331576528782623e+00
2.548926005549592588e+00
2.542350314880313267e+00
2.536555165805614909e+00
2.531555096266676408e+00
2.527364644204675770e+00
2.523966409232540453e+00
2.521342990963191699e+00
2.519508927337811510e+00
2.518446817969322904e+00
2.518139262470650674e+00
2.518600798782973715e+00
2.519782088190962721e+00
2.521729606964050685e+00
2.524394016386907857e+00
2.527789854400713576e+00
2.531867782290138091e+00
2.536674276324614397e+00
2.542159997788812742e+00
2.548307546295657477e+00
2.555132447042628208e+00
2.562622235924147507e+00
2.570765436090939549e+00
2.579550570693728506e+00
2.588998101211492209e+00
2.599064612466698954e+00
2.609770565938327458e+00
2.621072546448846019e+00
2.633010178474186169e+00
2.645543240669641971e+00
2.658666643851588240e+00
2.672375298836398905e+00
2.686657728774797693e+00
2.701502456817508335e+00
2.716904393780904314e+00
2.732852062815711580e+00
2.749330793239825876e+00
2.766335495869621575e+00
2.783851500022997971e+00
2.801867328850678796e+00
2.820371505503386000e+00
2.839346165466194449e+00
2.858779831889825651e+00
2.878661027925004223e+00
2.898975082889627242e+00
2.919710519934419768e+00
2.940849474544453113e+00
2.962377276037625684e+00
2.984279253731835890e+00
3.006540736944982140e+00
3.029143861162136186e+00
3.052077149534021316e+00
3.075322737545711504e+00
3.098859566849453628e+00
3.122676160595970085e+00
3.146751460437508641e+00
3.171067601859142826e+00
3.195609914178769717e+00
3.220357339048636636e+00
3.245292011953815781e+00
3.270399262212206892e+00
3.295651643810404430e+00
3.321034486066307245e+00
3.346523536799336451e+00
3.372107319160217109e+00
3.397758387135543678e+00
3.423458876210390134e+00
3.449184534204178476e+00
3.474920690434804449e+00
3.500639898888866508e+00
3.526326814884700234e+00
3.551972979240870298e+00
3.577569258776379879e+00
3.603109714143057030e+00
3.628585212159904927e+00
3.653989813478751625e+00
3.679314384918601188e+00
3.704549793298455018e+00
3.729690099270142944e+00
3.754726169652667256e+00
3.779648871265029797e+00
3.804445877093410644e+00
3.829114441622460507e+00
3.853642237838359907e+00
3.878020132560108468e+00
3.902238992606712475e+00
3.926289684797173329e+00
3.950163075950493319e+00
3.973846839052851188e+00
3.997331840923249224e+00
4.020592979216563556e+00
4.043659446745701658e+00
4.066493365834238816e+00
4.089066440304223171e+00
4.111382312305961406e+00
4.133476562318011638e+00
4.155257017505915584e+00
4.176759258348233139e+00
4.197986926995268320e+00
4.218911727269070155e+00
4.239505362991690340e+00
4.259771476313433780e+00
4.279681771056350392e+00
4.299271827698999182e+00
4.318481411735176856e+00
4.337314165315185654e+00
4.355773730589333148e+00
4.373831811379667478e+00
4.391492049836494438e+00
4.408726149781863946e+00
4.425537753366082683e+00
4.441866626082943803e+00
4.457780286739260411e+00
4.473218500828830990e+00
4.488152972173704569e+00
4.502619281252439265e+00
4.516589131887087660e+00
4.530034227899697896e+00
4.542958211440574878e+00
4.555332786331770301e+00
4.567163177852974876e+00
4.578429005473166669e+00
4.589175348447222191e+00
4.599319532716998893e+00
4.608938575865625609e+00
4.617981742163215664e+00
4.626494110864641129e+00
4.634424946240017995e+00
4.641787389215962456e+00
4.648594580719098701e+00
4.654859661676043814e+00
4.660531896356913784e+00
4.665656364016579793e+00
4.670246205581665144e+00
4.674218746994027285e+00
4.677651005836792386e+00
4.680524184708330537e+00
4.682819486207006499e+00
4.684550051259440018e+00
4.685729020792252619e+00
4.686337597403809951e+00
4.686388922020734427e+00
4.685896135569644017e+00
4.684808502320652046e+00
4.683171101528633251e+00
4.680965135791955056e+00
4.678235684365490421e+00
4.674932011519352670e+00
4.671067258180160664e+00
4.666686503602792691e+00
4.661707073729102646e+00
4.656205986142222031e+00
4.650164443440515605e+00
4.643595586550606669e+00
4.636448679742604995e+00
4.628768802271385319e+00
4.620569095063568277e+00
4.611830760717521294e+00
4.602566940159864117e+00
4.592790774317218272e+00
4.582483465787950294e+00
4.571658155498678155e+00
4.560327984376025157e+00
4.548506093346611934e+00
4.536205623337057347e+00
4.523407776945729708e+00
4.510125695099246990e+00
4.496340580395977504e+00
4.482097512090795988e+00
4.467377692782068088e+00
4.452193666389828053e+00
4.436523650479494485e+00
4.420441080594669891e+00
4.403859700637677399e+00
4.386852946152114185e+00
4.369398437696817794e+00
4.351505734158874539e+00
4.333184394425374286e+00
4.314443977383405127e+00
4.295262103591802827e+00
4.275648331937656366e+00
4.255644159636307045e+00
4.235227207246591519e+00
4.214407033655597878e+00
4.193193197750416878e+00
4.171563320089879845e+00
4.149590836217585732e+00
4.127221428364116207e+00
4.104528532073067559e+00
4.081457829575019680e+00
4.058050818085316536e+00
4.034285118162793893e+00
4.010234165351047153e+00
3.985875580208912083e+00
3.961186983295224007e+00
3.936209871825324669e+00
3.910953804686304380e+00
3.885428340765250788e+00
3.859611100620999213e+00
3.833543581468894068e+00
3.807235342196021666e+00
3.780727880017728193e+00
3.753966877164591764e+00
3.726993830851957235e+00
3.699818299966912694e+00
3.672449843396547120e+00
3.644929958356202704e+00
3.617236265404717432e+00
3.589410261757431719e+00
3.561429567973180443e+00
3.533335681267308459e+00
3.505138160526903857e+00
3.476846564639054726e+00
3.448470452490851379e+00
3.420019382969381905e+00
3.391502914961736170e+00
3.362962545683257254e+00
3.334375895692778258e+00
3.305784462205644925e+00
3.277165865780690357e+00
3.248559714441400015e+00
3.219966121115576119e+00
3.191415247867414706e+00
3.162905318432859936e+00
3.134402618219600090e+00
3.105937309291832982e+00
3.077539553713755982e+00
3.049207575221311473e+00
3.020939597550445388e+00
2.992701906108842014e+00
2.964556601288956372e+00
2.936501906826731290e+00
2.908504108129854604e+00
2.880593367262524129e+00
2.852767907960683580e+00
2.825057892288529438e+00
2.797429605653751317e+00
2.769945148448801575e+00
2.742538867753112619e+00
2.715304802287393571e+00
2.688209237459331380e+00
2.661250397004868873e+00
2.634426504659950208e+00
2.607767722488772311e+00
2.581272274227278452e+00
2.554970321939666444e+00
2.528828151033624128e+00
2.502843985245095659e+00
2.477111863294787941e+00
2.451534193933877948e+00
2.426205015883075244e+00
2.401090614550068558e+00
2.376189213670798495e+00
2.351562913637718744e+00
2.327177999858517587e+00
2.303032696069138741e+00
2.279189102662033672e+00
2.255613505044890221e+00
2.232336065281907977e+00
2.209323068780773891e+00
2.186636615933941652e+00
2.164242992149097322e+00
2.142172359490440492e+00
2.120454880022168975e+00
2.099056839151970610e+00
2.077976460615787335e+00
2.057275844806074172e+00
2.036953215458772171e+00
2.016974857981570501e+00
1.997370934438666090e+00
1.978170301906310602e+00
1.959364659180707235e+00
1.940944400070114373e+00
1.922899918382790174e+00
1.905285484583501221e+00
1.888027615823995697e+00
1.871180582569039963e+00
1.854734778626891956e+00
1.838680597805809613e+00
1.823040372242304974e+00
1.807772557416380321e+00
1.792899485464548581e+00
1.778411550195067914e+00
1.764331083744449025e+00
1.750648479920950074e+00
1.737386070861083764e+00
1.724502312044852825e+00
1.712019535608768406e+00
1.699960073689344542e+00
1.688282381766583518e+00
1.677040730305251026e+00
1.666174411788397869e+00
1.655728115182315996e+00
1.645685846629610039e+00
1.636044387604189687e+00
1.626806907245613276e+00
1.617970187027790718e+00
1.609534202257454805e+00
1.601495734408514560e+00
1.593857952620529206e+00
1.586620832200233311e+00
1.579777960788709468e+00
1.573335701358342220e+00
1.567290835383040593e+00
1.561643338169538264e+00
1.556386797358918495e+00
1.551517994425089642e+00
1.547040098507611372e+00
1.542946697247566279e+00
1.539237765951688708e+00
1.535906892261061696e+00
1.532954051482419144e+00
1.530379218922495177e+00
1.528179176055197930e+00
1.526350704354436205e+00
1.524890585294118583e+00
1.523795600348153423e+00
1.523068918656100168e+00
1.522700934026215869e+00
1.522691621765235537e+00
1.523031686970544696e+00
1.523719467561693186e+00
1.524756806580185087e+00
1.526135965569047404e+00
1.527855593736959339e+00
1.529911146459773219e+00
1.532304466778993124e+00
1.535027816237645837e+00
1.538076650211585683e+00
1.541452811742314966e+00
1.545148562372862244e+00
1.549162551311905611e+00
1.553487040102472960e+00
1.558123871786066816e+00
1.563062114072890196e+00
1.568300416171621414e+00
1.573834233458113241e+00
1.579655827475393348e+00
1.585760653599314729e+00
1.592147361038555031e+00
1.598805017503316828e+00
1.605729078369453777e+00
1.612911805179991775e+00
1.620351847143610247e+00
1.628041465803336640e+00
1.635969728869372641e+00
1.644135285550396786e+00
1.652527203556611646e+00
1.661144132096694204e+00
1.669971945048022377e+00
1.679009291619273592e+00
1.688248433353476408e+00
1.697678437960831621e+00
1.707297954650018434e+00
1.717089663465587890e+00
1.727052213616218301e+00
1.737174672812111131e+00
1.747446108763469397e+00
1.757861976846144980e+00
1.768411344770341120e+00
1.779086474079084379e+00
1.789876432482577107e+00
1.800770287691020544e+00
1.811760301247443472e+00
1.822838734694872675e+00
1.833991461910684517e+00
1.845210744437907113e+00
1.856488843819567469e+00
1.867808440100216627e+00
1.879164988655708024e+00
1.890548925789106605e+00
1.901949774509282154e+00
1.913371201749268113e+00
1.924810486776448615e+00
1.936261715025380692e+00
1.947718971930623599e+00
1.959185924425210334e+00
1.970653464110874387e+00
1.982118870254999443e+00
1.993579422124967637e+00
2.005032398988163322e+00
2.016471886279144421e+00
2.027895163265294176e+00
2.039296315381170732e+00
2.050669428061331789e+00
2.062011780573160813e+00
2.073320652184041268e+00
2.084586934495706423e+00
2.095807906775538410e+00
2.106977654458095817e+00
2.118093456810762110e+00
2.129146205435270112e+00
2.140136373431828165e+00
2.151051658569343328e+00
2.161889340115199065e+00
2.172646697336779287e+00
2.183314621835816371e+00
2.193887199046867575e+00
2.204358514404491487e+00
2.214722653343246694e+00
2.224973701297690010e+00
2.235108937535204898e+00
2.245116059824700194e+00
2.254995541266382464e+00
2.264735079629159653e+00
2.274328760347590350e+00
2.283773862689057133e+00
2.293064472088117700e+00
2.302188286313680887e+00
2.311145778465953704e+00
2.319924646313844097e+00
2.328522169124735530e+00
2.336926044667534619e+00
2.345136746042450593e+00
2.353141971018390510e+00
2.360932611197086306e+00
2.368509139678747655e+00
2.375859254232281614e+00
2.382977040292245885e+00
2.389856583293197723e+00
2.396489826580699756e+00
2.402876114308454270e+00
2.409012648541168033e+00
2.414899825176372250e+00
2.420541233944423887e+00
2.425927689244379959e+00
2.431065974639421423e+00
2.435953292194255937e+00
2.440590037806414259e+00
2.444970219707777392e+00
2.449097427628703194e+00
2.452972057466722866e+00
2.456591311286543622e+00
2.459952391152870899e+00
2.463055692963236343e+00
2.465901612615172489e+00
2.468487352173385219e+00
2.470816501368232387e+00
2.472883068431594555e+00
2.474693836926653567e+00
2.476242815085290871e+00
2.477536786470690533e+00
2.478569759314731336e+00
2.479345323347771579e+00
2.479860680634517589e+00
2.480116227072500568e+00
2.480115552392078815e+00
2.479852664825132447e+00
2.479331154102018875e+00
2.478548222287443537e+00
2.477504265278940299e+00
2.476199678974039475e+00
2.474638053103098478e+00
2.472816589730824077e+00
2.470735684754747474e+00
2.468398927905226081e+00
2.465803521246966667e+00
2.462953054510325757e+00
2.459844729760010562e+00
2.456485330559203373e+00
2.452865671306959428e+00
2.448995729399286780e+00
2.444869513068066436e+00
2.440490612043656249e+00
2.435859422223587423e+00
2.430976339505391604e+00
2.425844953619426647e+00
2.420465660463223756e+00
2.414842049767139898e+00
2.408974517428708495e+00
2.402866542824225071e+00
2.396517970080920712e+00
2.389931726804792156e+00
2.383107546769009488e+00
2.376048357579569448e+00
2.368757086842468329e+00
2.361230274498051340e+00
2.353470848152313888e+00
2.345481735411253599e+00
2.337265863880865879e+00
2.328826161167147024e+00
2.320165554876093328e+00
2.311280584948049555e+00
2.302183760487489295e+00
2.292871621434757312e+00
2.283347095395849013e+00
2.273616303809587347e+00
2.263682174281968607e+00
2.253547634418987755e+00
2.243218805659467296e+00
2.232695421776577760e+00
2.221983604209140761e+00
2.211089474395977916e+00
2.200012766110260642e+00
2.188756406957984346e+00
2.177329712210795964e+00
2.165729221809041594e+00
2.153964251024369059e+00
2.142037727462772434e+00
2.129952578730249346e+00
2.117714926265621411e+00
2.105330891507709801e+00
2.092803402062509921e+00
2.080144967034497139e+00
2.067355320196839763e+00
2.054446970654010496e+00
2.041419652179181199e+00
2.028285873876823686e+00
2.015042175687283610e+00
2.001704260547858993e+00
1.988268668398894379e+00
1.974744714512038257e+00
1.961141714158937344e+00
1.947459401112760613e+00
1.933703896812332124e+00
1.919887710362123467e+00
1.906016963200956038e+00
1.892094582934826130e+00
1.878129884835381791e+00
1.864128990341443526e+00
1.850100261310280603e+00
1.836041858276000749e+00
1.821957376023983333e+00
1.807850409339607722e+00
1.793714971509777989e+00
1.779557851152699710e+00
1.765379449220926933e+00
1.751180166667013260e+00
1.736963598276339393e+00
1.722733338834285588e+00
1.708489789293405225e+00
1.694242932104730093e+00
1.679996362053638670e+00
1.665747286259861459e+00
1.651505687174427583e+00
1.637268771917067323e+00
1.623046522938810687e+00
1.608836147359387736e+00
1.594644433797002492e+00
1.580474977037034767e+00
1.566324984199214398e+00
1.552201243901745631e+00
1.538110544762834930e+00
1.524050093902210579e+00
1.510033067603729240e+00
1.496059866819944961e+00
1.482130892503411568e+00
1.468259320937985946e+00
1.454442359243397043e+00
1.440686796037850215e+00
1.426993032273899509e+00
1.413371050402575824e+00
1.399821251376433651e+00
1.386347229980852580e+00
1.372952581001213090e+00
1.359644093055719427e+00
1.346428554762577834e+00
1.333303173241516815e+00
1.320284318609217911e+00
1.307369197985410736e+00
1.294567793821125523e+00
1.281883700901741863e+00
1.269326901678291097e+00
1.256897797103327274e+00
1.244599981962230206e+00
1.232443438706030348e+00
1.220428568287283078e+00
1.208562159324193308e+00
1.196847806602140185e+00
1.185292298739329508e+00
1.173895208100397713e+00
1.162665568029609187e+00
1.151595614119183875e+00
1.140690357292642565e+00
1.129951614640681834e+00
1.119374815588345617e+00
1.108964971059156035e+00
1.098720704310983454e+00
1.088640638601697574e+00
1.078729784854819851e+00
1.068983572495395551e+00
1.059407012446945684e+00
1.049995534134515518e+00
1.040757342314451384e+00
1.031684672578972561e+00
1.022782535851600727e+00
1.014052749223031791e+00
1.005490742118310354e+00
9.970983316281323283e-01
9.888773348431940668e-01
9.808263750213651599e-01
9.729504630861668391e-01
9.652450284626443722e-01
9.577150820743193238e-01
9.503592471790616170e-01
9.431825347003925941e-01
9.361803740633571902e-01
9.293609700243024019e-01
9.227165581754471768e-01
9.162553432731384007e-01
9.099695609095964643e-01
9.038642220083407119e-01
8.979347559944176327e-01
8.921861737913481250e-01
8.866170986570028889e-01
8.812229600164259713e-01
8.760119626259649239e-01
8.709763420778383614e-01
8.661211092955682922e-01
8.614480813698504047e-01
8.569526877257290787e-01
8.526367454539006685e-01
8.485020716450611955e-01
8.445440957242551505e-01
8.407678286150036540e-01
8.371655059095266527e-01
8.337421385313450450e-01
8.304931559055043211e-01
8.274203751226995029e-01
8.245256132736269450e-01
8.218043062605324689e-01
8.192551097272920968e-01
8.168830734606344901e-01
8.146836657488105704e-01
8.126555487128984678e-01
8.108037721396261777e-01
8.091206104844193003e-01
8.076111135340064973e-01
8.062675557438144791e-01
8.050917930677451428e-01
8.040792937940506313e-01
8.032351077094594949e-01
8.025515092693974450e-01
8.020271605949420568e-01
8.016639176399961153e-01
8.014604425256363074e-01
8.014090097072894547e-01
8.015146689716836637e-01
8.017728886070706329e-01
8.021823307345277154e-01
8.027416574751318201e-01
8.034463371171352009e-01
8.042950317816146555e-01
8.052895974224731912e-01
8.064191146623115314e-01
8.076886332878576713e-01
8.090936215873638648e-01
8.106295478490815887e-01
8.122950741940880848e-01
8.140888627434604841e-01
8.160031879526253862e-01
8.180399057754854653e-01
8.201944845002921980e-01
8.224655862481230484e-01
8.248454854744045051e-01
8.273328443002133659e-01
8.299263248466272058e-01
8.326213954018978347e-01
8.354167180871023834e-01
8.383045673576671186e-01
8.412836053346692822e-01
8.443524941391863381e-01
8.475035082266443309e-01
8.507353097181206136e-01
8.540433669018671070e-01
8.574199542333099666e-01
8.608669276663520886e-01
8.643765616564195176e-01
8.679443244917640632e-01
8.715656844606378684e-01
8.752366449476494115e-01
8.789553497228351775e-01
8.827204776525894303e-01
8.865307076033054345e-01
8.903879122742022201e-01
8.942843828660224093e-01
8.982219920779860312e-01
9.021962249436602521e-01
9.062057603294392250e-01
9.102524709345418685e-01
9.143286479597111382e-01
9.184329702713405208e-01
9.225673105686491571e-01
9.267239600523800025e-01
9.309047914217519759e-01
9.351052897103334649e-01
9.393241337845177341e-01
9.435568086778735042e-01
9.478051870896194719e-01
9.520583663876730496e-01
9.563214131040790322e-01
9.605866184395800422e-01
9.648526612605695663e-01
9.691150266006159919e-01
9.733755871589383490e-01
9.776234403034542719e-01
9.818604587333824574e-01
9.860821274822910709e-01
9.902871254165742654e-01
9.944677437369744410e-01
9.986226613098850846e-01
1.002750557001700349e+00
1.006843722013162523e+00
1.010900835210665649e+00
1.014920575460602770e+00
1.018895233963717839e+00
1.022820295753577469e+00
1.026697633529402243e+00
1.030516344659108796e+00
1.034278301841915937e+00
1.037975796278566953e+00
1.041607506835455332e+00
1.045165724713323918e+00
1.048649128778566419e+00
1.052056397897575879e+00
1.055376629438270486e+00
1.058611696099868826e+00
1.061753889083113744e+00
1.064798693421573184e+00
1.067744787981641741e+00
1.070585454079854948e+00
1.073321127328750846e+00
1.075956427289486150e+00
1.078492779690392700e+00
1.080928416426975680e+00
1.083264763227566707e+00
1.085506439653322719e+00
1.087651677599749789e+00
1.089705096628004410e+00
1.091664928633592657e+00
1.093535793177671245e+00
1.095315922155746247e+00
1.097006741296149057e+00
1.098612870160036614e+00
1.100132540642914325e+00
1.101567178473114250e+00
1.102918209378967118e+00
1.104190252921630311e+00
1.105378347163783914e+00
1.106490305499410409e+00
1.107521165991190104e+00
1.108475548200280159e+00
1.109354877855011523e+00
1.110157386850890493e+00
1.110887694749073340e+00
1.111547227277892347e+00
1.112134216332852477e+00
1.112650087642285568e+00
1.113099460767348559e+00
1.113480567603547300e+00
1.113798027712038508e+00
1.114050072988328255e+00
1.114241322993573036e+00
1.114370009623279145e+00
1.114437558605777756e+00
1.114448589502225584e+00
1.114398140375303603e+00
1.114294024618993406e+00
1.114134474128801511e+00
1.113917720800233546e+00
1.113651578027271771e+00
1.113334277705422259e+00
1.112967245563016405e+00
1.112555101161210924e+00
1.112092882562685903e+00
1.111588403161424488e+00
1.111039894852932086e+00
1.110451977198365636e+00
1.109819688260405224e+00
1.109150841433033774e+00
