# te
1.272629035154816179e+00
1.604366294558833506e+00
1.668627407513773697e+00
1.569745658153227641e+00
1.390848869887717942e+00
1.185307609442568078e+00
9.860701018935014162e-01
8.105426337702591466e-01
6.687693207363359926e-01
5.649381147720353713e-01
5.004897728617661024e-01
4.692164584753760193e-01
4.627889156993395536e-01
4.747346853325034588e-01
5.000079197715826540e-01
5.318646526776059646e-01
5.647013577325609157e-01
5.967014831678296716e-01
6.234932797937410287e-01
6.468694823125696880e-01
6.676378350826510655e-01
6.866165057528272886e-01
7.046672112107779107e-01
7.208991423137535159e-01
7.388471859403946684e-01
7.587327048726759671e-01
7.779302185387390045e-01
7.983113230490366252e-01
8.163509222061156034e-01
8.342506488400958098e-01
8.476054510027670741e-01
8.561387495021679506e-01
8.612178344398480068e-01
8.593590923289873285e-01
8.549851513032120653e-01
8.443095945053914475e-01
8.271937743862211034e-01
8.049707500100847790e-01
7.789023550812885777e-01
7.500252487845618932e-01
7.184466477308959487e-01
6.838697393734800567e-01
6.453078432752058502e-01
6.016433318531211327e-01
5.521456059313322173e-01
4.968337217558169150e-01
4.359061648459567340e-01
3.695933590493877818e-01
2.981854528875824140e-01
2.219389059994425484e-01
1.408885502407376811e-01
5.492355280580663024e-02
-3.643631781560350419e-02
-1.338302182551401875e-01
-2.379800520554573029e-01
-3.488359438052623385e-01
-4.658630292812168672e-01
-5.884028429296370710e-01
-7.156180645586143196e-01
-8.468612728811446555e-01
-9.823979462054682754e-01
-1.122728175404286599e+00
-1.268348857517475503e+00
-1.419782440247514765e+00
-1.577460499570586538e+00
-1.741090221448407194e+00
-1.910195298964456834e+00
-2.084312200533517956e+00
-2.263060434223835404e+00
-2.446211209838343059e+00
-2.634069085963751888e+00
-2.826978538772571437e+00
-3.024824132510448571e+00
-3.227346708945882270e+00
-3.434271746422244753e+00
-3.645033313618967430e+00
-3.859519609215698033e+00
-4.077746585205098917e+00
-4.299794070236344190e+00
-4.525627677637614532e+00
-4.755075542735664129e+00
-4.988011277177526459e+00
-5.224180739297217713e+00
-5.463489479070029020e+00
-5.705668807429672640e+00
-5.950487660693427827e+00
-6.197700427778269905e+00
-6.447093435929435401e+00
-6.698516889048660161e+00
-6.951729272617044764e+00
-7.206633211685187668e+00
-7.463007674554786419e+00
-7.720759382840562957e+00
-7.979667304844214826e+00
-8.239542347195698113e+00
-8.500195416524967129e+00
-8.761437419461978848e+00
-9.023047324308432593e+00
-9.284804099366027685e+00
-9.546486712936467001e+00
-9.807969948306212160e+00
-1.006890502046394431e+01
-1.032913477436787808e+01
-1.058840623999145514e+01
-1.084643450897986838e+01
-1.110303048796307124e+01
-1.135794120691451248e+01
-1.161088175747938145e+01
-1.186166304628763335e+01
-1.211006532359029464e+01
-1.235577815245093625e+01
-1.259865206952372496e+01
-1.283840985814981295e+01
-1.307483817832686235e+01
-1.330772369005252997e+01
-1.353682111499621499e+01
-1.376188517482732898e+01
-1.398273446787178820e+01
-1.419912371579899180e+01
-1.441080764027835137e+01
-1.461760483963577251e+01
-1.481927003554066857e+01
-1.501555794966244051e+01
-1.520628718032700455e+01
-1.539124438753201396e+01
-1.557018429294688033e+01
-1.574292549489751813e+01
-1.590925465338158595e+01
-1.606892649006848472e+01
-1.622176113335434522e+01
-1.636755289358789156e+01
-1.650612954951632361e+01
-1.663725500323032591e+01
-1.676082091013359232e+01
-1.687655923398856217e+01
-1.698429775354243176e+01
-1.708389618587064263e+01
-1.717518230972039461e+01
-1.725798390383887693e+01
-1.733216068530154530e+01
-1.739750849452734016e+01
-1.745391898691995181e+01
-1.750121994122658364e+01
-1.753920719786617610e+01
-1.756780435057069312e+01
-1.758677530143080858e+01
-1.759601170585023056e+01
-1.759534134257615179e+01
-1.758459199035576859e+01
-1.756365690609598573e+01
-1.753243575271648780e+01
-1.749082979464017740e+01
-1.743880417294645113e+01
-1.737622821372994864e+01
-1.730306705807007006e+01
-1.721922197038970737e+01
-1.712462615344000838e+01
-1.701921280997212094e+01
-1.690294708106544874e+01
-1.677573023114288020e+01
-1.663755933961207134e+01
-1.648830373256766535e+01
-1.632799242774557058e+01
-1.615652668956867188e+01
-1.597390359744463417e+01
-1.578008829245286293e+01
-1.557514173065750995e+01
-1.535902905313798783e+01
-1.513174733930194726e+01
-1.489329366855704428e+01
-1.464369705863919613e+01
-1.438295458895604817e+01
-1.411109527724351942e+01
-1.382821201789402821e+01
-1.353430311978761758e+01
-1.322940374802214158e+01
-1.291358223549610251e+01
-1.258687497677974498e+01
-1.224938224309982004e+01
-1.190120430568308407e+01
-1.154240949742803224e+01
-1.117309808956142092e+01
-1.079340229163825704e+01
-1.040332655990053112e+01
-1.000306698055976007e+01
-9.592691886514444377e+00
-9.172365425647845072e+00
-8.742187869186713201e+00
-8.302323365014311563e+00
-7.852936061013909175e+00
-7.394094290083999432e+00
-6.925962200107845135e+00
-6.448767815625220834e+00
-5.962643346191131677e+00
-5.467816816345350439e+00
-4.964452373971139032e+00
-4.452746105280015243e+00
-3.932862158155241428e+00
-3.405060495464844905e+00
-2.869468817696180896e+00
-2.326356480707273189e+00
-1.775828639647225593e+00
-1.218118202978155873e+00
-6.534261408339285815e-01
-8.192148502015338118e-02
4.962235388247324686e-01
1.080740890077530825e+00
1.671391272610471379e+00
2.267925808797309095e+00
2.870099453611187013e+00
3.477661413126162504e+00
4.090364726015685903e+00
4.707959875886945866e+00
5.330185209782392519e+00
5.956775880911653331e+00
6.587457460985879365e+00
7.222003429208600167e+00
7.860110612795538465e+00
8.501546103284571387e+00
9.145981177228822645e+00
9.793214864494419913e+00
1.044288650330623369e+01
1.109476318520213844e+01
1.174848424840700289e+01
1.240381678445869973e+01
1.306043206991035532e+01
1.371803331964333594e+01
1.437632374853901496e+01
1.503500657147876574e+01
1.569375306501570222e+01
1.635226644403119423e+01
1.701021798507836635e+01
1.766727896471033432e+01
1.832318453613671494e+01
1.897757403758238226e+01
1.963011874560045200e+01
2.028052187507228865e+01
2.092845470255101503e+01
2.157352462793324221e+01
2.221549874275683933e+01
2.285398444691843167e+01
2.348865301697112429e+01
2.411923960612454820e+01
2.474538355260355971e+01
2.536678807128953750e+01
2.598312443873560440e+01
2.659403199316660249e+01
2.719924588779218055e+01
2.779840546083719488e+01
2.839112796787189552e+01
2.897716590214591292e+01
2.955621773592603674e+01
3.012795000315076166e+01
3.069212505274337843e+01
3.124844135697065539e+01
3.179669320308412495e+01
3.233648324836580201e+01
3.286805291666278350e+01
3.339049385200500808e+01
3.390417523155257129e+01
3.440850808261797766e+01
3.490354219907878530e+01
3.538868860824747742e+01
3.586431648728417798e+01
3.632951748021881144e+01
3.678402199764640557e+01
3.722819921672708432e+01
3.766114078149077216e+01
3.808321586909759304e+01
3.849351612357747854e+01
3.889241072209054551e+01
3.927931069194927005e+01
3.965458521031377614e+01
4.001732592121400245e+01
4.036790200181005162e+01
4.070572447941441396e+01
4.103052376462211015e+01
4.134266903459327125e+01
4.164157131664034495e+01
4.192728040464093908e+01
4.219952670919006010e+01
4.245804064088272867e+01
4.270255261031397964e+01
4.293311241136139245e+01
4.314976983790252518e+01
4.335225530053241272e+01
4.353997982656351695e+01
4.371363197643851350e+01
4.387230339418734815e+01
4.401636325697011642e+01
4.414554197538185321e+01
4.425988934330013791e+01
4.435881638803743243e+01
4.444269228675386074e+01
4.451124745004446481e+01
4.456389290522170654e+01
4.460099782944569569e+01
4.462261201659402587e+01
4.462846587726171066e+01
4.461861253887433065e+01
4.459311846304957783e+01
4.455205344495309561e+01
4.449548727975058426e+01
4.442317037932517110e+01
4.433517253884254217e+01
4.423156355346837643e+01
4.411241321836835994e+01
4.397779132870815033e+01
4.382776767965345499e+01
4.366177329980484956e+01
4.348051675089310208e+01
4.328374844480136119e+01
4.307153817669529161e+01
4.284395574174058652e+01
4.260107093510291065e+01
4.234327293523050884e+01
4.207031215400649415e+01
4.178225838659656688e+01
4.147950081144895051e+01
4.116210922372930980e+01
4.082983403532077915e+01
4.048306442467161048e+01
4.012218957023000598e+01
3.974695988387910717e+01
3.935776454406713043e+01
3.895435396267722439e+01
3.853711731815761254e+01
3.810676317223906295e+01
3.766272255352216547e+01
3.720538464045514360e+01
3.673481922820366918e+01
3.625173487849853160e+01
3.575588200322285104e+01
3.524764978082487232e+01
3.472710800647024598e+01
3.419496524188975428e+01
3.365097189896655294e+01
3.309583653943138160e+01
3.252962895844994762e+01
3.195241895118790865e+01
3.136427631281096140e+01
3.076590960504986327e+01
3.015706923978775578e+01
2.953814439547286952e+01
2.890920486727087280e+01
2.827063983363001043e+01
2.762251908971593650e+01
2.696587058054197428e+01
2.630044471799128303e+01
2.562693935626624153e+01
2.494569013617324416e+01
2.425670260770776565e+01
2.356094047071292863e+01
2.285808989190166685e+01
2.214847580455199960e+01
2.143242314194194975e+01
2.071025683734954725e+01
1.998198244077025976e+01
1.924824426876466177e+01
1.850860073473266709e+01
1.776385584687611896e+01
1.701427066181652847e+01
1.626013817450366972e+01
1.550181525654381964e+01
1.473965877954324633e+01
1.397396173845173095e+01
1.320511294320379747e+01
1.243343732707747940e+01
1.165922788502253660e+01
1.088287342697350368e+01
1.010466694788014941e+01
9.324965319348757831e+00
8.544125412985598800e+00
7.762408285412186970e+00
6.980202746563063165e+00
6.197801791387989034e+00
5.415530353164987432e+00
4.633745303500341528e+00
3.852771575672071069e+00
3.072902164629946586e+00
2.294493941980244145e+00
1.517903779329241587e+00
7.435204866114752953e-01
-2.833100289503148045e-02
-7.972299409274983262e-01
-1.562851394207897870e+00
-2.324806552801690351e+00
-3.082738545102610583e+00
-3.836290499504373397e+00
-4.585105544400701838e+00
-5.328826808185319841e+00
-6.067129357580200555e+00
-6.799688259307319349e+00
-7.526114703432150499e+00
-8.246086950509489810e+00
-8.959254516598711859e+00
-9.665289274588971580e+00
-1.036384712820528620e+01
-1.105459228513803183e+01
-1.173720664249844781e+01
-1.241142752468372557e+01
-1.307701952701039616e+01
-1.373372680426491499e+01
-1.438131267423068849e+01
-1.501956919918655409e+01
-1.564820220792505623e+01
-1.626698140589525465e+01
-1.687567649854620200e+01
-1.747402525299870746e+01
-1.806189318968658952e+01
-1.863901807573065383e+01
-1.920526543156471533e+01
-1.976040496263783197e+01
-2.030427025105557348e+01
-2.083669487892350602e+01
-2.135741661336242814e+01
-2.186630097480616186e+01
-2.236311766870376516e+01
-2.284770027716080776e+01
-2.331985044395459639e+01
-2.377933787453419612e+01
-2.422599615100516601e+01
-2.465965885547306868e+01
-2.508015957004347385e+01
-2.548745963013497473e+01
-2.588142455618138271e+01
-2.626195180694476861e+01
-2.662897077951547686e+01
-2.698231505599906299e+01
-2.732194597181411666e+01
-2.764776098572270868e+01
-2.795959367983041233e+01
-2.825740538955579595e+01
-2.854102969700444348e+01
-2.881039599926668160e+01
-2.906540175510457402e+01
-2.930594442328021287e+01
-2.953192146255566186e+01
-2.974332614667776298e+01
-2.994008787273683936e+01
-3.012216797615149844e+01
-3.028946391568378615e+01
-3.044196896508055517e+01
-3.057964445976038803e+01
-3.070245173514187442e+01
-3.081047987995661330e+01
-3.090372216795143601e+01
-3.098220381120145106e+01
-3.104598196010999445e+01
-3.109508303374332527e+01
-3.112950634080409529e+01
-3.114928433531435914e+01
-3.115441753296795113e+01
-3.114493838778692236e+01
-3.112084741546508582e+01
-3.108217707002449970e+01
-3.102889592883074599e+01
-3.096113226089062209e+01
-3.087901433521098937e+01
-3.078231909918785192e+01
-3.067210103334743820e+01
-3.054781770180322553e+01
-3.040988481851633551e+01
-3.025839871416534166e+01
-3.009377510271136913e+01
-2.991579093155045044e+01
-2.972486191464369298e+01
-2.952108438266968449e+01
-2.930455466630699846e+01
-2.907504971295165674e+01
-2.883330461984732906e+01
-2.857877695110751048e+01
-2.831252118725840106e+01
-2.803399489241348874e+01
-2.774361378053389160e+01
-2.744179356558072769e+01
-2.712863057823258828e+01
-2.680466828576359362e+01
-2.646974751222629152e+01
-2.612428397158179649e+01
-2.576850174782171266e+01
-2.540265686326588224e+01
-2.502700534023415102e+01
-2.464177126271811247e+01
-2.424724259136587179e+01
-2.384364341016902245e+01
-2.343129361810392197e+01
-2.301051311414692080e+01
-2.258158985894612769e+01
-2.214487568980615961e+01
-2.170062662904685169e+01
-2.124922645230107676e+01
-2.079089924356042474e+01
-2.032606071678601722e+01
-1.985496689429771067e+01
-1.937796961340010782e+01
-1.889542071139782919e+01
-1.840764008726721102e+01
-1.791491570165637981e+01
-1.741761377806139066e+01
-1.691603033143111645e+01
-1.641037994792112187e+01
-1.590103690532823855e+01
-1.538824772813629593e+01
-1.487229087915735626e+01
-1.435344482120349774e+01
-1.383201995541504914e+01
-1.330829474460407447e+01
-1.278257958991090426e+01
-1.225512101581936619e+01
-1.172622942346977837e+01
-1.119621521400246955e+01
-1.066532491190126031e+01
-1.013386891830647585e+01
-9.602189572686695485e+00
-9.070533399525743334e+00
-8.539242738292196933e+00
-8.008627990126388596e+00
-7.478967617840383220e+00
-6.950603960902770773e+00
-6.423815482125617038e+00
-5.898912582649254333e+00
-5.376237601942261080e+00
-4.856069002816713720e+00
-4.338717186412934801e+00
-3.824492553871256639e+00
-3.313737444660258546e+00
-2.806698383263758423e+00
-2.303781585806847776e+00
-1.805265515101598828e+00
-1.311556387273103974e+00
-8.229007268051785617e-01
-3.397047498229160412e-01
1.377530808616107272e-01
6.090665491233133721e-01
1.073989130478371523e+00
1.532178485458204120e+00
1.983292274594227189e+00
2.427052035074369840e+00
2.863147365758306861e+00
3.291235927177451615e+00
3.711029675021261021e+00
4.122221401982225863e+00
4.524526257582630606e+00
4.917656197511918847e+00
5.301316789793895978e+00
5.675226377783658016e+00
6.039086377522338900e+00
6.392611619148928170e+00
6.735520287791998406e+00
7.067605948895263168e+00
7.388679895139724785e+00
7.698559806872041555e+00
7.997053782940390043e+00
8.283973116025773464e+00
8.559161037137453576e+00
8.822416063625134086e+00
9.073635721656104991e+00
9.312653660741146311e+00
9.539303530391048724e+00
9.753514795101352775e+00
9.955057227726332059e+00
1.014382835443328190e+01
1.031972570138949052e+01
1.048264679476225147e+01
1.063242528406234833e+01
1.076899063378532695e+01
1.089224037009847734e+01
1.100207201916909483e+01
1.109835116883621176e+01
1.118107116025188930e+01
1.125009758125516335e+01
1.130542377299808621e+01
1.134701113830446140e+01
1.137478914166983479e+01
1.138868724758975404e+01
1.138863492055975968e+01
1.137465744006017232e+01
1.134668427058653073e+01
1.130464487663438078e+01
1.124850066102752599e+01
1.117824496491802222e+01
1.109380725280141533e+01
1.099518086582976117e+01
1.088232720682685795e+01
1.075530349360127325e+01
1.061410306730505937e+01
1.045875120741853159e+01
1.028924125509374221e+01
1.010563042813925172e+01
9.907880129378868972e+00
9.696079514949408562e+00
9.470285802659432761e+00
9.230556210317510946e+00
8.976947955732203610e+00
8.709486318383824255e+00
8.428292392737445127e+00
8.133391458273377950e+00
7.824904609456687865e+00
7.502950957330792647e+00
7.167673617580676115e+00
6.819117907484905317e+00
6.457424959306798939e+00
6.082703966981428678e+00
5.695096062772122103e+00
5.294678502285691479e+00
4.881624356113715812e+00
4.456106694847776772e+00
4.018234712422943389e+00
3.568149541102536570e+00
3.105992313149884776e+00
2.631936099156566566e+00
2.146185908042415491e+00
1.648946748727264877e+00
1.140487506787455585e+00
6.209812528145710608e-01
9.069687238494703041e-02
-4.501606255815759350e-01
-1.001354293836912879e+00
-1.562679123461232056e+00
-2.133866228878187776e+00
-2.714678662839693057e+00
-3.304911416425913462e+00
-3.904327542388764005e+00
-4.512658155151895834e+00
-5.129698245795484723e+00
-5.755178928743176492e+00
-6.388767441762129629e+00
-7.030194899275996612e+00
-7.679192415708435249e+00
-8.335427228826597812e+00
-8.998662391382392656e+00
-9.668565141142961394e+00
-1.034481549120676469e+01
-1.102710303617072540e+01
-1.171509820763481891e+01
-1.240847143719901524e+01
-1.310690273796176797e+01
-1.381006318028961566e+01
-1.451762127948283165e+01
-1.522921744511283570e+01
-1.594448953168478411e+01
-1.666306964480473596e+01
-1.738459627774442140e+01
-1.810870792377555105e+01
-1.883500794400877254e+01
-1.956318912687383005e+01
-2.029279095682485945e+01
-2.102348067162900591e+01
-2.175485234077887142e+01
-2.248662255893623296e+01
-2.321856250580131231e+01
-2.395041142274610380e+01
-2.468190855114257332e+01
-2.541272925570621410e+01
-2.614267665446550737e+01
-2.687139417380767270e+01
-2.759865299343295320e+01
-2.832416041638508020e+01
-2.904762374570777439e+01
-2.976878222277301234e+01
-3.048731121229628727e+01
-3.120291801732130210e+01
-3.191534187922006893e+01
-3.262429010103630134e+01
-3.332943804748547478e+01
-3.403049302161131351e+01
-3.472719426478580829e+01
-3.541921714172442393e+01
-3.610626895547089532e+01
-3.678808894739721325e+01
-3.746432054389057953e+01
-3.813473492465124082e+01
-3.879897551606642025e+01
-3.945674962117983853e+01
-4.010779648136348641e+01
-4.075172758467633116e+01
-4.138825023416208637e+01
-4.201707173286449404e+01
-4.263780356884250722e+01
-4.325018498346813089e+01
-4.385385940312855979e+01
-4.444859800752404055e+01
-4.503410809969830098e+01
-4.560993729105380368e+01
-4.617617614457332564e+01
-4.673253196330059467e+01
-4.727839266699680820e+01
-4.781346555870567983e+01
-4.833777732475348188e+01
-4.885103526818394215e+01
-4.935294669204079554e+01
-4.984289951608523239e+01
-5.032092042664351084e+01
-5.078639734347682833e+01
-5.123935695291144299e+01
-5.167918717470854517e+01
-5.210591469519441432e+01
-5.251924681741277112e+01
-5.291891076920411763e+01
-5.330471347759590373e+01
-5.367680117769494075e+01
-5.403436195476034953e+01
-5.437786142718149307e+01
-5.470680706350005096e+01
-5.502134509882280611e+01
-5.532162176825652011e+01
-5.560682515706037776e+01
-5.587742088362368520e+01
-5.613323579977068789e+01
-5.637377737404308675e+01
-5.659919184154764338e+01
-5.680930605410860323e+01
-5.700426624683275634e+01
-5.718389927154435526e+01
-5.734771259678505118e+01
-5.749585245766167674e+01
-5.762814570599844188e+01
-5.774505796018468118e+01
-5.784609668876209554e+01
-5.793140812683744656e+01
-5.800113850951754557e+01
-5.805511468862660251e+01
-5.809316351598886286e+01
-5.811575060999368958e+01
-5.812238343918273387e+01
-5.811352762194534449e+01
-5.808837124354065651e+01
-5.804769930564056324e+01
-5.799133866006927462e+01
-5.791879677536851290e+01
-5.783053926992759841e+01
-5.772607361228821077e+01
-5.760618480412224329e+01
-5.747038031397137559e+01
-5.731880637694239766e+01
-5.715160922814207822e+01
-5.696861571939466984e+01
-5.676965270252443219e+01
-5.655550517920318754e+01
-5.632600000125522399e+01
-5.608096402050475149e+01
-5.582054347205854583e+01
-5.554488459102342546e+01
-5.525445299578868941e+01
-5.494875615489604570e+01
-5.462825968673480048e+01
-5.429310982641177930e+01
-5.394345280903372242e+01
-5.357911082843489226e+01
-5.320020682977204984e+01
-5.280749786677705515e+01
-5.240046346005156863e+01
-5.197954128004491281e+01
-5.154484961392384434e+01
-5.109650674885514832e+01
-5.063526973857065627e+01
-5.016061810367206419e+01
-4.967298951460865908e+01
-4.917250225854722601e+01
-4.865927462265454295e+01
-4.813374427737986849e+01
-4.759539074332491992e+01
-4.704497107422156432e+01
-4.648228417395397827e+01
-4.590744832968896105e+01
-4.532058182859326934e+01
-4.472244172439874887e+01
-4.411314630427218475e+01
-4.349281385538033362e+01
-4.286156266488993793e+01
-4.222014978653289319e+01
-4.156869350747593472e+01
-4.090731211488583341e+01
-4.023676266249446343e+01
-3.955684405418603689e+01
-3.886831334369238533e+01
-3.817096943489777061e+01
-3.746588876481655461e+01
-3.675287023733297787e+01
-3.603235152289635579e+01
-3.530413152539088628e+01
-3.456896729854845063e+01
-3.382665774625325383e+01
-3.307732115567207387e+01
-3.232171458053674939e+01
-3.155931754144895862e+01
-3.079120647542311673e+01
-3.001718028634343227e+01
-2.923863479450685432e+01
-2.845536890379760919e+01
-2.766813966794754265e+01
-2.687738475740596300e+01
-2.608386122590474443e+01
-2.528736797732808839e+01
-2.448866206540785839e+01
-2.368786177731082176e+01
-2.288540478348628326e+01
-2.208108998781846921e+01
-2.127596839148026930e+01
-2.046971171914835352e+01
-1.966260502622298034e+01
-1.885525275138694923e+01
-1.804730118347541534e+01
-1.723967414445374047e+01
-1.643169853987452811e+01
-1.562461757498566861e+01
-1.481807753862233490e+01
-1.401236348618477301e+01
-1.320814373301229416e+01
-1.240567139617690628e+01
-1.160532734606361593e+01
-1.080746051472918978e+01
-1.001241983423038739e+01
-9.220554236623978994e+00
-8.432052962325448320e+00
-7.646977498437274257e+00
-6.865485147046694436e+00
-6.087733210240934945e+00
-5.313847051778987307e+00
-4.543920097091569410e+00
-3.778141586594187196e+00
-3.016924329000096883e+00
-2.260745009679085538e+00
-1.510080314000934676e+00
-7.654069273354268121e-01
-2.713765839583371156e-02
7.042188691198115746e-01
1.428249846498230058e+00
2.144829909980450200e+00
2.853769819150972165e+00
3.555008086907325282e+00
4.248419349490529129e+00
4.933846304813346961e+00
5.611227465773315437e+00
6.280341653626670961e+00
6.940903812973174603e+00
7.592469196771294726e+00
8.234688872964266437e+00
8.867118094510566095e+00
9.489407929353427917e+00
1.010114556877957703e+01
1.070195014240399978e+01
1.129163240981120886e+01
1.186991689709941689e+01
1.243663672068291604e+01
1.299156431415231694e+01
1.353449382916142518e+01
1.406521239093184938e+01
1.458353616715487000e+01
1.508937705487041647e+01
1.558266960592245276e+01
1.606334837215493749e+01
1.653134790541182753e+01
1.698661872670121298e+01
1.742909219403423293e+01
1.785866772709377059e+01
1.827514893057793444e+01
1.867833940918484359e+01
1.906801082928436486e+01
1.944393485724636506e+01
1.980591509776894554e+01
2.015369127889373146e+01
2.048713088197534304e+01
2.080622914168142401e+01
2.111114098432088682e+01
2.140186164456138584e+01
2.167854604871183355e+01
2.194122136976812243e+01
2.219001059571092682e+01
2.242497283786439155e+01
2.264600751591139982e+01
2.285307792619134304e+01
2.304605155005884498e+01
2.322489168385329705e+01
2.338943387060107071e+01
2.353967334496981323e+01
2.367547758831414839e+01
2.379680989697346050e+01
2.390360162895889573e+01
2.399581608060983484e+01
2.407335267160917169e+01
2.413620663662453580e+01
2.418427739533880327e+01
2.421756018241964270e+01
2.423614604751944768e+01
2.424015797861887833e+01
2.422978284035510299e+01
2.420507974405229135e+01
2.416623555434760462e+01
2.411334132089345061e+01
2.404655196999874534e+01
2.396595855131589659e+01
2.387162017616905985e+01
2.376369177086716178e+01
2.364223244673433655e+01
2.350733325342300617e+01
2.335911717891382722e+01
2.319764333453095517e+01
2.302302911556175857e+01
2.283536954652043249e+01
2.263469018257136156e+01
2.242111239386369448e+01
2.219469367389009307e+01
2.195549151614317651e+01
2.170359535244386251e+01
2.143915849126955564e+01
2.116230230276940460e+01
2.087318009542081043e+01
2.057194517770119546e+01
2.025875085808795717e+01
1.993375044505850013e+01
1.959706530876199082e+01
1.924888069600407547e+01
1.888938185359042876e+01
1.851869015167019583e+01
1.813705471370554889e+01
1.774459690984564375e+01
1.734150198689613731e+01
1.692795519166270424e+01
1.650423758593575130e+01
1.607056635484920548e+01
1.562722256019349842e+01
1.517445532543078990e+01
1.471257765067976209e+01
1.424180672107433487e+01
1.376242359840493812e+01
1.327467740613373159e+01
1.277878532939463518e+01
1.227499649164982642e+01
1.176352807803321809e+01
1.124466115033523295e+01
1.071858095536154032e+01
1.018556855490255408e+01
9.645873072420457106e+00
9.099807508033926240e+00
8.547620985205126587e+00
7.989626504052742106e+00
7.426105126367197329e+00
6.857305975610668902e+00
6.283542051901831016e+00
5.705126355359365853e+00
5.122403824430204367e+00
4.535655520904779969e+00
3.945226383230021394e+00
3.351461349852862259e+00
2.754673420891984748e+00
2.155143658137817386e+00
1.553280876693800883e+00
9.493088481525684408e-01
3.434776899416369100e-01
-2.640836473657911521e-01
-8.731503982117280183e-01
-1.483561673694716365e+00
-2.095124646585033723e+00
-2.707646489652960398e+00
-3.320838560684006069e+00
-3.934444155791946063e+00
-4.548238509418801812e+00
-5.161996856006601853e+00
-5.775430553340860307e+00
-6.388282897535342286e+00
-7.000392999688586748e+00
-7.611536094242619122e+00
-8.221487415639460394e+00
-8.830022198321140436e+00
-9.436947615057928118e+00
-1.004203890029185686e+01
-1.064510322679320531e+01
-1.124588389067574035e+01
-1.184412418805323597e+01
-1.243963129169596193e+01
-1.303214849771769934e+01
-1.362138716390395921e+01
-1.420718640135327782e+01
-1.478922562952290853e+01
-1.536734395951139653e+01
-1.594127191210119854e+01
-1.651079749706564570e+01
-1.707569594884676434e+01
-1.763573930805375412e+01
-1.819069961529581292e+01
-1.874035881206389931e+01
-1.928451033764713429e+01
-1.982295274146718356e+01
-2.035548968307820772e+01
-2.088192194758483922e+01
-2.140205032009170338e+01
-2.191565003504082654e+01
-2.242256659119639295e+01
-2.292251134634391718e+01
-2.341525953492542200e+01
-2.390052251472643619e+01
-2.437810745851722061e+01
-2.484772572408329694e+01
-2.530915254586669505e+01
-2.576213121998118538e+01
-2.620634116588401952e+01
-2.664155761801722733e+01
-2.706751091539582887e+01
-2.748400732195287688e+01
-2.789087208285089403e+01
-2.828796238158071930e+01
-2.867513540163312769e+01
-2.905234414148369382e+01
-2.941960547626450051e+01
-2.977696821943586514e+01
-3.012438536947336232e+01
-3.046187380150907131e+01
-3.078941845234680841e+01
-3.110706813544689453e+01
-3.141477584928491495e+01
-3.171243071567991123e+01
-3.200001767143570675e+01
-3.227748971502788322e+01
-3.254479984493198685e+01
-3.280186912129534704e+01
-3.304865054259352064e+01
-3.328496935398905521e+01
-3.351068273897275418e+01
-3.372564788103542810e+01
-3.392965808701135444e+01
-3.412260247871961383e+01
-3.430427436299447663e+01
-3.447456286165502348e+01
-3.463364454147458105e+01
-3.478163209257000688e+01
-3.491870208171463474e+01
-3.504503107568181264e+01
-3.516082757957316574e+01
-3.526620428350550185e+01
-3.536133775425219028e+01
-3.544611711363228324e+01
-3.552039954513658415e+01
-3.558407417058415234e+01
-3.563699817346578413e+01
-3.567906067560053884e+01
-3.571015079880747578e+01
-3.573012572657739838e+01
-3.573909814902714288e+01
-3.573718075627355972e+01
-3.572439042344871041e+01
-3.570112728562374116e+01
-3.566721658796117111e+01
-3.562312234218867246e+01
-3.556866979346877145e+01
-3.550400357024657438e+01
-3.542894891768462884e+01
-3.534428923079309470e+01
-3.524984443159334546e+01
-3.514541314954184514e+01
-3.503110807423640694e+01
-3.490704189527485823e+01
-3.477364668553754967e+01
-3.463071575133975699e+01
-3.447804239899675594e+01
-3.431637808467144168e+01
-3.414519673139654543e+01
-3.396461102876988747e+01
-3.377537243295437719e+01
-3.357663548370017281e+01
-3.336947102045274960e+01
-3.315335296624483163e+01
-3.292839401067421790e+01
-3.269534560990383198e+01
-3.245368168696639799e+01
-3.220383431474225944e+01
-3.194591618282926149e+01
-3.168003998082519601e+01
-3.140631839832789041e+01
-3.112518350821769886e+01
-3.083642861680990066e+01
-3.054048579698485355e+01
-3.023746773834037072e+01
-2.992716774719172790e+01
-2.961033727970182383e+01
-2.928708902546848947e+01
-2.895721629080698278e+01
-2.862147053188021317e+01
-2.827932567172090117e+01
-2.793153316649197038e+01
-2.757820570579121622e+01
-2.721945597921647320e+01
-2.685571605964808484e+01
-2.648645987011879299e+01
-2.611275825007403739e+01
-2.573440450582910088e+01
-2.535151132698178600e+01
-2.496451078641246113e+01
-2.457383495700149467e+01
-2.417927714506414461e+01
-2.378158880676332387e+01
-2.338056324841430111e+01
-2.297695192617998217e+01
-2.257054814637564633e+01
-2.216178398188164778e+01
-2.175109150557834425e+01
-2.133858340706356316e+01
-2.092469175921764801e+01
-2.050918686763793986e+01
-2.009270518489759638e+01
-1.967490201300419272e+01
-1.925632692715644723e+01
-1.883701848930098777e+01
-1.841707913804095753e+01
-1.799667518863601501e+01
-1.757597295634580803e+01
-1.715510681810173210e+01
-1.673424308916345282e+01
-1.631354808479061091e+01
-1.589312424358635667e+01
-1.547323369579510377e+01
-1.505394694169173953e+01
-1.463546223486417830e+01
-1.421797782890032380e+01
-1.380159616240331921e+01
-1.338648355063282125e+01
-1.297287018550498772e+01
-1.256082656729471125e+01
-1.215058288791814789e+01
-1.174227352430670557e+01
-1.133606479172002857e+01
-1.093212300541777360e+01
-1.053061448065960093e+01
-1.013176940936165416e+01
-9.735754106783605977e+00
-9.342798764841607095e+00
-8.953037760467060124e+00
-8.566701285576124647e+00
-8.183987593756713252e+00
-7.805031061940215231e+00
-7.430029943714548502e+00
-7.059150554339359118e+00
-6.692559209074306459e+00
-6.330390284850780702e+00
-5.972873973584945873e+00
-5.620144652208209912e+00
-5.272368635980212659e+00
-4.929744178488871142e+00
-4.592469533322089070e+00
-4.260711015739517826e+00
-3.934634941000813679e+00
-3.614439562693883001e+00
-3.300291196078378952e+00
-2.992388094742209237e+00
-2.690864635616770695e+00
-2.395887133961720927e+00
-2.107653843364962309e+00
-1.826299140757894124e+00
-1.551972347301827426e+00
-1.284786746092944076e+00
-1.024774749472576074e+00
-7.720007081103035240e-01
-5.265289726757158562e-01
-2.884558321666483294e-01
-5.778176059617903121e-02
1.653650147095979961e-01
3.809520814093561025e-01
5.889470271617647246e-01
7.892855012972345152e-01
9.819670298026951238e-01
1.166927262008562227e+00
1.344101847245245285e+00
1.513490311499676277e+00
1.675028304102268661e+00
1.828715351039943648e+00
1.974487101643117803e+00
2.112343081898717667e+00
2.242250879465413682e+00
2.364146143673617306e+00
2.478060338838514731e+00
2.583929114290513418e+00
2.681736026852414856e+00
2.771496571675271081e+00
2.853194305581876478e+00
2.926831948391985350e+00
2.992396250761216958e+00
3.049886738676496734e+00
3.099296550459099020e+00
3.140631599761598114e+00
3.173907381735047384e+00
3.199126296815912429e+00
3.216301923855551692e+00
3.225441454039669420e+00
3.226555272386797402e+00
3.219658554664704742e+00
3.204789152854221168e+00
3.181981725103350644e+00
3.151280511058575318e+00
3.112726556533550681e+00
3.066357713509104688e+00
3.012221415464545693e+00
2.950355514380702981e+00
2.880820219068184418e+00
2.803678932170424520e+00
2.718991862498030265e+00
2.626828800360086813e+00
2.527214822406122163e+00
2.420277207936079034e+00
2.306010695382480158e+00
2.184550564601518641e+00
2.055899554581964939e+00
1.920156219297356248e+00
1.777355236064718680e+00
1.627595158857588320e+00
1.470942603321244713e+00
1.307432246772718409e+00
1.137194581513798042e+00
9.602642848615087212e-01
7.768037874458966208e-01
5.868797049122443932e-01
3.905586529058320822e-01
1.879391854001933593e-01
-2.084820530287736021e-02
-2.357369035581006744e-01
-4.565964170636879205e-01
-6.833281918460997195e-01
-9.158656122600565830e-01
-1.154014309347258793e+00
-1.397771544118934228e+00
-1.646942947616785613e+00
-1.901398027539019653e+00
-2.161038229912100039e+00
-2.425637247449475620e+00
-2.695096526177608531e+00
-2.969285573794709254e+00
-3.247978083014225970e+00
-3.531075499862615708e+00
-3.818415393709841066e+00
-4.109867272254108528e+00
-4.405204828208862722e+00
-4.704361445928826768e+00
-5.007110818127442187e+00
-5.313354390831175778e+00
-5.622897795081727601e+00
-5.935578600249052705e+00
-6.251202437374849374e+00
-6.569606875829077985e+00
-6.890597546653434158e+00
-7.213980080889619728e+00
-7.539560109579338310e+00
-7.867175202092539621e+00
-8.196662927799183151e+00
-8.527771428750108740e+00
-8.860328692816798579e+00
-9.194137157208121636e+00
-9.529002452965784187e+00
-9.864730211131485405e+00
-1.020111328741562318e+01
-1.053795170114334390e+01
-1.087511245209269539e+01
-1.121248247898777350e+01
-1.154995510821831850e+01
-1.188741089084278002e+01
-1.222474315325090544e+01
-1.256184106984976268e+01
-1.289859151548679428e+01
-1.323488353681576157e+01
-1.357060451969735482e+01
-1.390564561871500082e+01
-1.423989441135934975e+01
-1.457324103018733474e+01
-1.490556602625739302e+01
-1.523674995062797421e+01
-1.556665738519339293e+01
-1.589516568717926859e+01
-1.622214263231274245e+01
-1.654745599632095931e+01
-1.687099271792801858e+01
-1.719258863453279318e+01
-1.751216901085330235e+01
-1.782953135829451696e+01
-1.814460094157443848e+01
-1.845720721042631496e+01
-1.876724349123988134e+01
-1.907457117207663444e+01
-1.937901970266981166e+01
-1.968051434773740738e+01
-1.997888455701266608e+01
-2.027402365688533337e+01
-2.056576109708864308e+01
-2.085399020401234438e+01
-2.113854042738967465e+01
-2.141930509361038304e+01
-2.169614559073595572e+01
-2.196892330682787886e+01
-2.223746769161940406e+01
-2.250164013317201039e+01
-2.276133395787545766e+01
-2.301637861546296904e+01
-2.326666743232429724e+01
-2.351199791986442733e+01
-2.375232728112961311e+01
-2.398745302752483610e+01
-2.421726848543984545e+01
-2.444163504293612021e+01
-2.466041408807517499e+01
-2.487349894724674115e+01
-2.508071907018405255e+01
-2.528201439373126647e+01
-2.547725578992414697e+01
-2.566648849456584358e+01
-2.584959805181827619e+01
-2.602659775915636686e+01
-2.619740509907026293e+01
-2.636200143070662349e+01
-2.652036811321212539e+01
-2.667245456740518961e+01
-2.681817827577595637e+01
-2.695758447412760006e+01
-2.709059064495028224e+01
-2.721714620906242033e+01
-2.733729640226718161e+01
-2.745092676872646464e+01
-2.755808254424345094e+01
-2.765874508796481734e+01
-2.775286382070894575e+01
-2.784042010162252723e+01
-2.792142722818047673e+01
-2.799583462120119037e+01
-2.806365557815961509e+01
-2.812487145820239576e+01
-2.817946362047619857e+01
-2.822741342412770749e+01
-2.826873416663181615e+01
-2.830343914546346440e+01
-2.833147778144105899e+01
-2.835286337203952201e+01
-2.836764115306202072e+01
-2.837579248365522844e+01
-2.837733066129406367e+01
-2.837226898345343429e+01
-2.836058880928003845e+01
-2.834230343624875914e+01
-2.831749003849104440e+01
-2.828612997515355687e+01
-2.824826848203948160e+01
-2.820388691829546701e+01
-2.815306245805294694e+01
-2.809580839878684699e+01
-2.803210609964383337e+01
-2.796206467308359223e+01
-2.788566547825277198e+01
-2.780295375095457189e+01
-2.771397472699214504e+01
-2.761877364216868003e+01
-2.751736379395908827e+01
-2.740979041816655837e+01
-2.729619456557901813e+01
-2.717661768123154076e+01
-2.705108604708681597e+01
-2.691968603099593338e+01
-2.678247206248172674e+01
-2.663946663273879523e+01
-2.649075610961822136e+01
-2.633639492264284243e+01
-2.617640556300724342e+01
-2.601090633689077691e+01
-2.583988779715977202e+01
-2.566343631166531480e+01
-2.548163824825849844e+01
-2.529451609813391144e+01
-2.510218816747090997e+01
-2.490474082412056944e+01
-2.470222849760574135e+01
-2.449473755577751533e+01
-2.428235436648698453e+01
-2.406516529758523859e+01
-2.384328865525163010e+01
-2.361681080733724869e+01
-2.338581812169319107e+01
-2.315042890449879565e+01
-2.291076146193342566e+01
-2.266690216184816364e+01
-2.241893737209409920e+01
-2.216701733717884437e+01
-2.191122842495348877e+01
-2.165168894159737434e+01
-2.138845331663334903e+01
-2.112170373289726300e+01
-2.085149461991196063e+01
-2.057794428385677676e+01
-2.030120296923933054e+01
-2.002142092056721268e+01
-1.973878032067628396e+01
-1.945336753741764113e+01
-1.916539669195539020e+01
-1.887498609046888021e+01
-1.858228597746570543e+01
-1.828747853578173022e+01
-1.799065013326805129e+01
-1.769198295276052235e+01
-1.739159530043848889e+01
-1.708966935913781171e+01
-1.678629149670957332e+01
-1.648167583431790106e+01
-1.617590873981388100e+01
-1.586923627268987147e+01
-1.556180867745348273e+01
-1.525379149174644411e+01
-1.494521979577746507e+01
-1.463623977787417019e+01
-1.432690181137938268e+01
-1.401725626963595950e+01
-1.370738546431499216e+01
-1.339740364541584405e+01
-1.308732924795310026e+01
-1.277727652192610641e+01
-1.246732777900596645e+01
-1.215753339253553023e+01
-1.184803955084239568e+01
-1.153886468894115325e+01
-1.123021887181593037e+01
-1.092212053448131037e+01
-1.061471586526489297e+01
-1.030808717583778744e+01
-1.000238065452760239e+01
-9.697614736348919351e+00
-9.393967547957602804e+00
-9.091521401024758475e+00
-8.790326668893218454e+00
-8.490529539890600219e+00
-8.192180387359746518e+00
-7.895425399628262397e+00
-7.600378826695499690e+00
-7.307091041904305584e+00
-7.015676295254034578e+00
-6.726312713400545817e+00
-6.439018731358427949e+00
-6.153972475783545448e+00
-5.871224320018741949e+00
-5.590920452391623385e+00
-5.313143184573293709e+00
-5.038038704891357966e+00
-4.765689325016913003e+00
-4.496241233277569194e+00
-4.229744803016161292e+00
-3.966378160888569759e+00
-3.706191680237621799e+00
-3.449331549390933560e+00
-3.195880080019598335e+00
-2.945951522122976840e+00
-2.699692064028669680e+00
-2.457152079079528040e+00
-2.218445817274895759e+00
-1.983751405270647750e+00
-1.753087278081360889e+00
-1.526663500691158193e+00
-1.304530446442879965e+00
-1.086821730215707715e+00
-8.735887347668283009e-01
-6.648702694050008244e-01
-4.607051434389820010e-01
-2.611002278492799422e-01
-6.606239361639365537e-02
1.243376116226589251e-01
3.100929168873786668e-01
4.911966511972562510e-01
6.675780669152853175e-01
8.392622313892114105e-01
1.006178396982025491e+00
1.168319692713219560e+00
1.325679247602290944e+00
1.478250190668737307e+00
1.625929835947290236e+00
1.768775189113955149e+00
1.906715502531718176e+00
2.039743905220077203e+00
2.167885464526779327e+00
2.291069432814814899e+00
2.409320877431935237e+00
2.522600989069379018e+00
2.630902896746642572e+00
2.734187791154968572e+00
2.832512677970363768e+00
2.925806809555812737e+00
3.014095253259065466e+00
3.097377525765271589e+00
3.175630786929799054e+00
3.248857747270618823e+00
3.317057923472878755e+00
3.380243607553028440e+00
3.438414316196213516e+00
3.491575953753232930e+00
3.539740812240536716e+00
3.582905214510442971e+00
3.621084646412228825e+00
3.654288206129517214e+00
3.682533615194560017e+00
3.705837956373041031e+00
3.724217673664087958e+00
3.737685378467428876e+00
3.746261027998293525e+00
3.749963301938781690e+00
3.748817267636644690e+00
3.742863961603760004e+00
3.732131645020703825e+00
3.716654966733703880e+00
3.696465381756160351e+00
3.671591907138410882e+00
3.642063389577008703e+00
3.607899850139792974e+00
3.569140472891554783e+00
3.525811666565782154e+00
3.477943033728790656e+00
3.425564176946895412e+00
3.368698311120759126e+00
3.307422946309078959e+00
3.241716583752962233e+00
3.171685478006534886e+00
3.097372006967411995e+00
3.018850486861466287e+00
2.936131357258057850e+00
2.849320872711314845e+00
2.758429472790597803e+00
2.663531473721776344e+00
2.564701191730723639e+00
2.462012943043309754e+00
2.355477167228896551e+00
2.245200118841610415e+00
2.131256114107321409e+00
2.013655592595392285e+00
1.892504808859947207e+00
1.767878079126858459e+00
1.639849719621996993e+00
1.508525984899488748e+00
1.373949252856948133e+00
1.236257716376757632e+00
1.095461815028277774e+00
9.516678033656341684e-01
8.049819359429531973e-01
6.554785289861051467e-01
5.032638370492160673e-01
3.484121763581572440e-01
1.909978631387986014e-01
3.112715194526641943e-02
-1.310937026683137996e-01
-2.955584461478165115e-01
-4.621288856108626275e-01
-6.307626431598356564e-01
-8.012895875840971849e-01
-9.736354026577795917e-01
-1.147661895498504725e+00
-1.323262811552143869e+00
-1.500331896264571085e+00
-1.678762895081663320e+00
-1.858417615121038313e+00
-2.039189801828571014e+00
-2.220973200650138146e+00
-2.403642794094019930e+00
-2.587158204559412589e+00
-2.771428353179662185e+00
-2.956457976072882854e+00
-3.142155994372420658e+00
-3.328495205868132079e+00
-3.515384531693367176e+00
-3.702796769637982432e+00
-3.890640840835327019e+00
-4.078921481403510185e+00
-4.267483735819374679e+00
-4.456332340201029751e+00
-4.645376215681822352e+00
-4.834556221723358860e+00
-5.023781279458982674e+00
-5.213024186678556937e+00
-5.402193864515425936e+00
-5.591263110759443933e+00
-5.780108908215710883e+00
-5.968672116345827838e+00
-6.156912757608346887e+00
-6.344749334635096716e+00
-6.532100350057897131e+00
-6.718877918842926178e+00
-6.905003737454832091e+00
-7.090386727026961822e+00
-7.274951777856792923e+00
-7.458604617244847468e+00
-7.641270135488599458e+00
-7.822866835219874027e+00
-8.003316412903323851e+00
-8.182540565003595390e+00
-8.360464181818164420e+00
-8.537005765978856076e+00
-8.712087013950322145e+00
-8.885636009862860618e+00
-9.057561674849821998e+00
-9.227780914626615427e+00
-9.396211593058502842e+00
-9.562767741411350997e+00
-9.727365946017290099e+00
-9.889917363692648067e+00
-1.005034369090207491e+01
-1.020855384877891403e+01
-1.036446314612216746e+01
-1.051798369789800880e+01
-1.066903081290543653e+01
-1.081751660611062604e+01
-1.096335319247974915e+01
-1.110645588081180613e+01
-1.124675364473829653e+01
-1.138421734188942480e+01
-1.151882510706225027e+01
-1.165055826888665536e+01
-1.177941093132382377e+01
-1.190534526000667981e+01
-1.202832342056815840e+01
-1.214838103679617376e+01
-1.226542597916561661e+01
-1.237949387146441182e+01
-1.249049258416744479e+01
-1.259845774106263683e+01
-1.270332915095313986e+01
-1.280507856097035457e+01
-1.290370965657394819e+01
-1.299922612322357374e+01
-1.309156776972238312e+01
-1.318073828153004001e+01
-1.326674134410620631e+01
-1.334951676625402683e+01
-1.342913211008967345e+01
-1.350549524608804752e+01
-1.357864179803705795e+01
-1.364851157473985133e+01
-1.371514019998435430e+01
-1.377849942090196578e+01
-1.383856098462409001e+01
-1.389529663828213835e+01
-1.394877394399227200e+01
-1.399890077222939588e+01
-1.404574468510967655e+01
-1.408924549143626237e+01
-1.412943881499706933e+01
-1.416629640292349812e+01
-1.419985387900347718e+01
-1.423005105204014242e+01
-1.425695548414967107e+01
-1.428050698413521324e+01
-1.430074117578468496e+01
-1.431769368288600042e+01
-1.433130431424230622e+01
-1.434160869364152013e+01
-1.434864244487155993e+01
-1.435237731506382808e+01
-1.435281698967798469e+01
-1.435002903083019632e+01
-1.434398518565186897e+01
-1.433468913960267344e+01
-1.432217651647050971e+01
-1.430645100171504858e+01
-1.428754701617713252e+01
-1.426549416890934019e+01
-1.424028892768892085e+01
-1.421192776029313620e+01
-1.418047101115574549e+01
-1.414594708638225917e+01
-1.410832051542167598e+01
-1.406765164270775692e+01
-1.402396887434601958e+01
-1.397730061644196553e+01
-1.392767527510110703e+01
-1.387508931810069690e+01
-1.381963502820275558e+01
-1.376130887318453233e+01
-1.370010732082328531e+01
-1.363612265388103495e+01
-1.356938327846328640e+01
-1.349988566234729426e+01
-1.342769014996682309e+01
-1.335282514742738336e+01
-1.327535099916273786e+01
-1.319529611127839352e+01
-1.311275276653637079e+01
-1.302771743271392424e+01
-1.294028239257307078e+01
-1.285050799054757320e+01
-1.275842263274294019e+01
-1.266408666359293989e+01
-1.256756042753133151e+01
-1.246887233066362555e+01
-1.236811465575183888e+01
-1.226534774722973786e+01
-1.216056807287456998e+01
-1.205389985377661688e+01
-1.194537149604138371e+01
-1.183504334410263148e+01
-1.172303961905063829e+01
-1.160938872699090751e+01
-1.149415101235720726e+01
-1.137741875791155088e+01
-1.125925230808770472e+01
-1.113971200731943689e+01
-1.101892207669700952e+01
-1.089687898399768784e+01
-1.077370695031173575e+01
-1.064946632007292315e+01
-1.052424937604326338e+01
-1.039808452432826691e+01
-1.027112792434646416e+01
-1.014340798220336204e+01
-1.001503899204306691e+01
-9.886031663568529027e+00
-9.756482594521294516e+00
-9.626392567658148991e+00
-9.495794304064128610e+00
-9.364752463152527184e+00
-9.233235889351869119e+00
-9.101341180403711206e+00
-8.969069119064831952e+00
-8.836452426420265738e+00
-8.703555761883313480e+00
-8.570411846539007783e+00
-8.437053401472388359e+00
-8.303481209440239041e+00
-8.169823806512361841e+00
-8.036081975445538816e+00
-7.902288437324809678e+00
-7.768539789891722336e+00
-7.634804877574803861e+00
-7.501212236443861592e+00
-7.367762649255674923e+00
-7.234520775423531447e+00
-7.101583212688987956e+00
-6.968918805480568857e+00
-6.836656089868076158e+00
-6.704795848608295472e+00
-6.573402741114518832e+00
-6.442541426800034721e+00
-6.312276565078144941e+00
-6.182608938705622670e+00
-6.053635145424023811e+00
-5.925387906318380082e+00
-5.797931880801990623e+00
-5.671299789959888038e+00
-5.545588231533626455e+00
-5.420861864936489027e+00
-5.297153411253522570e+00
-5.174591406554526429e+00
-5.053176633596283551e+00
-4.933005690120335629e+00
-4.814111297211733032e+00
-4.696621990940268887e+00
-4.580506615734473819e+00
-4.465861769335894849e+00
-4.352752111157827564e+00
-4.241242300613563110e+00
-4.131333120459885322e+00
-4.023185045094849421e+00
-3.916766918946984699e+00
-3.812207278086095830e+00
-3.709530476324395476e+00
-3.608791275039322510e+00
-3.509972191678982778e+00
-3.413087682019732227e+00
-3.318184140166189788e+00
-3.225212145238207206e+00
-3.134250029668649073e+00
-3.045280310905624788e+00
-2.958317444725491185e+00
-2.873343948576355444e+00
-2.790406216562833386e+00
-2.709486766133028190e+00
-2.630663929719811112e+00
-2.553888286443030786e+00
-2.479174292079050712e+00
-2.406600279060735037e+00
-2.336116826507939059e+00
-2.267770328525275048e+00
-2.201543302560851068e+00
-2.137482142719278944e+00
-2.075601304776918177e+00
-2.015851367853622289e+00
-1.958278726054004881e+00
-1.902897835154426343e+00
-1.849691212602989854e+00
-1.798705252504313012e+00
-1.749890533978246676e+00
-1.703293451129402447e+00
-1.658896521405890834e+00
-1.616746138912319442e+00
-1.576792882768545123e+00
-1.539115085407434691e+00
-1.503631387620585347e+00
-1.470388183512611358e+00
-1.439399928859872002e+00
-1.410617202782218360e+00
-1.384118337712520797e+00
-1.359821974442374959e+00
-1.337806445404650324e+00
-1.317990391390942317e+00
-1.300420206505866760e+00
-1.285078408197527944e+00
-1.271979452242286923e+00
-1.261105856088249100e+00
-1.252440137183519653e+00
-1.245964812976203762e+00
-1.241726277570916581e+00
-1.239707048415763513e+00
-1.239825766302340870e+00
-1.242160763663518352e+00
-1.246659795532491399e+00
-1.253320003419525097e+00
-1.262138898581054214e+00
-1.273101216942211122e+00
-1.286188500595305539e+00
-1.301388679298294049e+00
-1.318683295143485923e+00
-1.338057084056013979e+00
-1.359497975793836799e+00
-1.382987512449262324e+00
-1.408504042281772950e+00
-1.436022719718025753e+00
-1.465525086850327785e+00
-1.496989491938162553e+00
-1.530391089408186245e+00
-1.565705033687055492e+00
-1.602912866867078900e+00
-1.641983355709262016e+00
-1.682888460807436815e+00
-1.725600142755433941e+00
-1.770090362147085150e+00
-1.816327885743396209e+00
-1.864287867971025525e+00
-1.913939075590976646e+00
-1.965240693865781152e+00
-2.018161489556444366e+00
-2.072657454092670548e+00
-2.128690966569814602e+00
-2.186227599916057418e+00
-2.245229733226753677e+00
-2.305653357931608305e+00
-2.367457659293149330e+00
-2.430601822573908777e+00
-2.495038645370764030e+00
-2.560727312946244005e+00
-2.627620622897228753e+00
-2.695677760486247632e+00
-2.764851523310178916e+00
-2.835094708965901766e+00
-2.906353727384643815e+00
-2.978578182330458457e+00
-3.051714483734573768e+00
-3.125712235361042257e+00
-3.200521040973918208e+00
-3.276084116671603041e+00
-3.352351066218151043e+00
-3.429265105711963191e+00
-3.506766257418618249e+00
-3.584800931269342961e+00
-3.663309149529713871e+00
-3.742247795896914919e+00
-3.821590098469350050e+00
-3.901316565278550641e+00
-3.981404510523227191e+00
-4.061824860736433784e+00
-4.142561317782529784e+00
-4.223588002027399924e+00
-4.304879033836922275e+00
-4.386411727409808670e+00
-4.468160203111938955e+00
-4.550095387476369879e+00
-4.632188207036160854e+00
-4.714415975990017493e+00
-4.796749620870997433e+00
-4.879160068212155643e+00
-4.961618244546553314e+00
-5.044095076407243639e+00
-5.126551908828807846e+00
-5.208959668344304461e+00
-5.291282893821137812e+00
-5.373486124126713115e+00
-5.455537091961264906e+00
-5.537400336192195738e+00
-5.619040395686912603e+00
-5.700415421647171854e+00
-5.781489952940379595e+00
-5.862225334601113502e+00
-5.942582911663958356e+00
-6.022524029163490056e+00
-6.102010032134293382e+00
-6.181002265610945123e+00
-6.259458880795204294e+00
-6.337338028888821029e+00
-6.414604248759206762e+00
-6.491218885440938280e+00
-6.567133702470120404e+00
-6.642316432546986782e+00
-6.716715645374812915e+00
-6.790286298322528502e+00
-6.862983348759066793e+00
-6.934761754053353933e+00
-7.005570083908669865e+00
-7.075366489526770053e+00
-7.144105928276583306e+00
-7.211736969861389568e+00
-7.278217765482942525e+00
-7.343506466342996752e+00
-7.407558029810483724e+00
-7.470327413254333138e+00
-7.531766380210647149e+00
-7.591839636522212942e+00
-7.650531718930282388e+00
-7.707824137318668889e+00
-7.763752696729206981e+00
-7.818241418054848957e+00
-7.871326106337440898e+00
-7.923010628290563240e+00
-7.973234973971294437e+00
-8.022034948421479683e+00
-8.069414418354696750e+00
-8.115313373828032084e+00
-8.159735681555067899e+00
-8.202717146577645835e+00
-8.244197758952843458e+00
-8.284213323722502409e+00
-8.322735769271950801e+00
-8.359737023986525628e+00
-8.395252892908064979e+00
-8.429223366093648195e+00
-8.461684248585115142e+00
-8.492607468767797485e+00
-8.521996893355280989e+00
-8.549824450732899095e+00
-8.576094007614237569e+00
-8.600809430712882175e+00
-8.623974586742422233e+00
-8.645529465759931753e+00
-8.665541811135510031e+00
-8.683951612926229302e+00
-8.700762737845680661e+00
-8.715979052607449873e+00
-8.729604423925119150e+00
-8.741642718512279586e+00
-8.752065864754261071e+00
-8.760877729364651145e+00
-8.768082179057035574e+00
-8.773651142216747800e+00
-8.777620423885625911e+00
-8.779961952449003348e+00
-8.780711532948719977e+00
-8.779841093770112792e+00
-8.777322563298506353e+00
-8.773223684903999953e+00
-8.767484448643672934e+00
-8.760140659559361609e+00
-8.751164246036404748e+00
-8.740591013116635111e+00
-8.728392889185387915e+00
-8.714573740956252479e+00
-8.699169373471068667e+00
-8.682151901259665294e+00
-8.663526121758138743e+00
-8.643328956875336644e+00
-8.621565390191848977e+00
-8.598208466960018725e+00
-8.573327047416944069e+00
-8.546926115143220315e+00
-8.518946777062932796e+00
-8.489489831741435566e+00
-8.458496386102813958e+00
-8.426035300384169702e+00
-8.392079619837844007e+00
-8.356666266372679175e+00
-8.319800223569275843e+00
-8.281486475008220438e+00
-8.241761942598362367e+00
-8.200631609920298715e+00
-8.158132398882871783e+00
-8.114269293066680433e+00
-8.069079214380565190e+00
-8.022535208076870816e+00
-7.974738072720951365e+00
-7.925628915236891281e+00
-7.875244657533540860e+00
-7.823654159847994727e+00
-7.770830467432599420e+00
-7.716810502196202570e+00
-7.661631186047646480e+00
-7.605297502567528234e+00
-7.547846373664695463e+00
-7.489314721247993134e+00
-7.429739467226271543e+00
-7.369157533508379210e+00
-7.307573903674905225e+00
-7.245025499634700772e+00
-7.181549243296613483e+00
-7.117182056569488324e+00
-7.051960861362176480e+00
-6.985890641255267930e+00
-6.919040256485867069e+00
-6.851414690634565652e+00
-6.783050865610213975e+00
-6.714017641649911106e+00
-6.644288064005998251e+00
-6.573962931243831243e+00
-6.503047226944001835e+00
-6.431577873015360325e+00
-6.359623729695006666e+00
-6.287189780563534391e+00
-6.214344885858047007e+00
-6.141088818975410923e+00
-6.067496327562362346e+00
-5.993541134097143619e+00
-5.919228899386255627e+00
-5.844597222564450689e+00
-5.769651764438230579e+00
-5.694430124142345839e+00
-5.618906024155045031e+00
-5.543117063611080475e+00
-5.467068903316951278e+00
-5.390767204079157437e+00
-5.314249565032452161e+00
-5.237521646983334556e+00
-5.160621049066559607e+00
-5.083553432088626423e+00
-5.006356395184288210e+00
-4.929067537488300843e+00
-4.851692519807162540e+00
-4.774268941275625622e+00
-4.696834401028446848e+00
-4.619362621543868563e+00
-4.541923140284901628e+00
-4.464553556386298361e+00
-4.387227592326303771e+00
-4.309982847239673731e+00
-4.232888858589413772e+00
-4.155919348853769790e+00
-4.079111917167495882e+00
-4.002504162665347032e+00
-3.926133684482075559e+00
-3.850006143424181904e+00
-3.774191076954673818e+00
-3.698694145880051298e+00
-3.623552949335067996e+00
-3.548773148126223020e+00
-3.474424279716527231e+00
-3.400480066584220307e+00
-3.327041984520570317e+00
-3.254083756003819605e+00
-3.181674918496978144e+00
-3.109821132806544153e+00
-3.038559998067271728e+00
-2.967929113413914077e+00
-2.897966077981226185e+00
-2.828708490903963035e+00
-2.760162012988621516e+00
-2.692428120026467475e+00
-2.625512472823998245e+00
-2.559452670515965700e+00
-2.494254373908874722e+00
-2.429982034555260295e+00
-2.366615883709277224e+00
-2.304163005042862089e+00
-2.242662420556206460e+00
-2.182057337264741825e+00
-2.122418715496912967e+00
-2.063689762268148264e+00
-2.005941437906897384e+00
-1.949148887756840587e+00
-1.893287257161663018e+00
-1.838427506449811455e+00
-1.784512842636714058e+00
-1.731614226050818273e+00
-1.679706802035806579e+00
-1.628765715935363234e+00
-1.578861928077933907e+00
-1.529938645478949200e+00
-1.482066828466855224e+00
-1.435189684057081028e+00
-1.389346234249816847e+00
-1.344543562717003926e+00
-1.300788753130577291e+00
-1.258088889162476409e+00
-1.216419116156384872e+00
-1.175818456112494692e+00
-1.136262054374487906e+00
-1.097788932942558082e+00
-1.060406175488641800e+00
-1.024088927356425538e+00
-9.888762105460988661e-01
-9.547431704013445986e-01
-9.217288289223574127e-01
-8.898402697810742223e-01
-8.590526383211777306e-01
-8.294049565428613935e-01
-8.008723697898078031e-01
-7.734619617339544284e-01
-7.471808160472399596e-01
-7.220360164016013105e-01
-6.980346464689777264e-01
-6.751518515930512443e-01
-6.534266537740162084e-01
-6.328661366838072011e-01
-6.134135073378563785e-01
-5.951397260646079657e-01
-5.780199382077469972e-01
-5.620420644422581269e-01
-5.472259637713808855e-01
-5.335659445357511244e-01
-5.210595089088305709e-01
-5.097067686491898453e-01
-4.995054985245360180e-01
-4.904496952220327999e-01
-4.825397430944961541e-01
-4.757664449962658582e-01
-4.701206037816802463e-01
-4.656026038035553927e-01
-4.622032479162299090e-01
-4.599197266396949924e-01
-4.587396489954639889e-01
-4.586602055035263747e-01
-4.596753928510478038e-01
-4.617664323938903692e-01
-4.649337084848702562e-01
-4.691584424798498354e-01
-4.744346310659942612e-01
-4.807498832648171572e-01
-4.880981957634827895e-01
-4.964639837506800157e-01
-5.058316624150970275e-01
-5.161920346110728808e-01
-5.275295155272959891e-01
-5.398317141852803092e-01
-5.530862396065395759e-01
-5.672775069797618697e-01
-5.823899314936358262e-01
-5.984111221696749583e-01
-6.153223003637422472e-01
-6.331046874317004525e-01
-6.517490862278889630e-01
-6.712367181081707601e-01
-6.915519982612339245e-01
-7.126697603772905731e-01
-7.345744196450287866e-01
-7.572471974203116574e-01
-7.806629273933511914e-01
-8.048028309200102592e-01
-8.296449355233261880e-01
-8.551704625591618480e-01
-8.813574395505545667e-01
-9.081807001877166829e-01
-9.356150781608596478e-01
-9.636417948258468869e-01
-9.922334481899122149e-01
-1.021369662692505509e+00
-1.051025591407122040e+00
-1.081175429257407838e+00
-1.111792093633880318e+00
-1.142848821310338270e+00
-1.174319168443863637e+00
-1.206179929964206643e+00
-1.238421814041638758e+00
-1.271038767619100396e+00
-1.304022182573270960e+00
-1.337362205186028108e+00
-1.371049045615906126e+00
-1.405073137589737398e+00
-1.439424755142712398e+00
-1.474094332001663510e+00
-1.509071471496887806e+00
-1.544344914623819509e+00
-1.579901581893183860e+00
-1.615729990732116317e+00
-1.651817381034624388e+00
-1.688151631461279445e+00
-1.724720620672652860e+00
-1.761510630412904677e+00
-1.798505067976649219e+00
-1.835685424358808993e+00
-1.873033829320868593e+00
-1.910532412624313947e+00
-1.948162345880784185e+00
-1.985906397618330210e+00
-2.023745739448588932e+00
-2.061662820516330985e+00
-2.099639131816474880e+00
-2.137656803110508097e+00
-2.175697644776632522e+00
-2.213743786576335637e+00
-2.251776719504537283e+00
-2.289778030371143025e+00
-2.327726144091561533e+00
-2.365599006506276858e+00
-2.403374467640789547e+00
-2.441030601088895580e+00
-2.478544809739501087e+00
-2.515895486569685868e+00
-2.553060609358261068e+00
-2.590017197734193477e+00
-2.626742590709730152e+00
-2.663215085446966057e+00
-2.699411062808302120e+00
-2.735308500572550816e+00
-2.770885057135242135e+00
-2.806117113358775672e+00
-2.840978814422575383e+00
-2.875444944272626202e+00
-2.909485496105679303e+00
-2.943079086467111694e+00
-2.976196347320238189e+00
-3.008818129565176136e+00
-3.040931027688183352e+00
-3.072538242777969941e+00
-3.103633394424774039e+00
-3.134213296051652886e+00
-3.164281148747319250e+00
-3.193830572102009047e+00
-3.222858379538783069e+00
-3.251361384480701666e+00
-3.279336400350826075e+00
-3.306777046739389991e+00
-3.333680137069455984e+00
-3.360036097098432872e+00
-3.385844934082207214e+00
-3.411100267611014036e+00
-3.435792523442263935e+00
-3.459921708831841691e+00
-3.483478249537157900e+00
-3.506458958981273355e+00
-3.528860650587247960e+00
-3.550676943945318520e+00
-3.571898264812893853e+00
-3.592524620445860961e+00
-3.612546436601628663e+00
-3.631963720536082629e+00
-3.650766898006634342e+00
-3.668952782436343707e+00
-3.686518187248272405e+00
-3.703453538199827033e+00
-3.719755648714072827e+00
-3.735418138381242148e+00
-3.750437820624395791e+00
-3.764808315033770558e+00
-3.778523241199600147e+00
-3.791576218712121360e+00
-3.803960867161568338e+00
-3.815677193803826750e+00
-3.826715624396307636e+00
-3.837072972362070900e+00
-3.846749244957003544e+00
-3.855734867938515720e+00
-3.864029848562492653e+00
-3.871624612586344050e+00
-3.878522361098780014e+00
-3.884713519857214692e+00
-3.890201289950355967e+00
-3.894976097135616211e+00
-3.899034754836053995e+00
-3.902380464140382088e+00
-3.905003650806009752e+00
-3.906905118207791183e+00
-3.908085660363628921e+00
-3.908546867410393144e+00
-3.908296717150600674e+00
-3.907333605888300365e+00
-3.905665511426011705e+00
-3.903290830067777772e+00
-3.900217539616119389e+00
-3.896447230207906287e+00
-3.891984685812835298e+00
-3.886834690400600145e+00
-3.881005221773718983e+00
-3.874497870069066874e+00
-3.867317419256335764e+00
-3.859468653305220709e+00
-3.850975519182371798e+00
-3.841804474863574903e+00
-3.831992242646783620e+00
-3.821527637337562844e+00
-3.810463350397992333e+00
-3.798756258305383771e+00
-3.786427114193559706e+00
-3.773496671196342689e+00
-3.759953744119300723e+00
-3.745819086096255912e+00
-3.731113450261032138e+00
-3.715825651419196074e+00
-3.699976442704568935e+00
-3.683586577250975047e+00
-3.666644869863982414e+00
-3.649140135349157266e+00
-3.631125065168578914e+00
-3.612620412456067243e+00
-3.593583053688938378e+00
-3.574065680329266304e+00
-3.554057107182621689e+00
-3.533610025711078517e+00
-3.512681312391954247e+00
-3.491323658687321529e+00
-3.469525879402751034e+00
-3.447340666000318521e+00
-3.424756833285593327e+00
-3.401763196064140793e+00
-3.378444384126295663e+00
-3.354725335621113746e+00
-3.330690680338928900e+00
-3.306329233085307351e+00
-3.281693685322327081e+00
-3.256740913527300663e+00
-3.231491670834051533e+00
-3.206028217391257318e+00
-3.180263643139713547e+00
-3.154300298348089893e+00
-3.128048903315527873e+00
-3.101579869982442617e+00
-3.074867795304485174e+00
-3.047919214565560697e+00
-3.020740663049576558e+00
-2.993338676040436130e+00
-2.965751727150302219e+00
-2.937954413334823656e+00
-2.909921331549653267e+00
-2.881722893735205293e+00
-2.853365635175386217e+00
-2.824792214497590770e+00
-2.796073043642235412e+00
-2.767182719564970750e+00
-2.738127777549703268e+00
-2.708946691208591773e+00
-2.679645995825542748e+00
-2.650200288356208134e+00
-2.620648042412747625e+00
-2.590995793279066373e+00
-2.561250076239069529e+00
-2.531449364904919896e+00
-2.501568256232266751e+00
-2.471613285505015245e+00
-2.441654864663582725e+00
-2.411667590663618022e+00
-2.381657998789027619e+00
-2.351664562651971213e+00
-2.321661879208101187e+00
-2.291688422069577680e+00
-2.261750726520305399e+00
-2.231855327844190384e+00
-2.202040699653393219e+00
-2.172313377231819498e+00
-2.142647957535120717e+00
-2.113114852503710672e+00
-2.083720597421496290e+00
-2.054439789244128622e+00
-2.025310901583766476e+00
-1.996372408052572212e+00
-1.967630843934450757e+00
-1.939060806185052277e+00
-1.910732706744792564e+00
-1.882621142569322226e+00
-1.854764587270802734e+00
-1.827169576133138573e+00
-1.799874582768490106e+00
-1.772851659684908432e+00
-1.746158496584802045e+00
-1.719754423738216298e+00
-1.693694586399960622e+00
-1.667906376511823607e+00
-1.642444939328614906e+00
-1.617333481776888293e+00
-1.592531334126688680e+00
-1.568061703304570287e+00
-1.543883919580577357e+00
-1.520085066537773866e+00
-1.496592536117950178e+00
-1.473461473575913061e+00
-1.450651209181710088e+00
-1.428216888190148692e+00
-1.406117840871272451e+00
-1.384377274151637360e+00
-1.362986456629541765e+00
-1.342000533559795317e+00
-1.321346896884186606e+00
-1.301080691857525951e+00
-1.281193187078111251e+00
-1.261707589472497171e+00
-1.242615167638983387e+00
-1.223907190175870019e+00
-1.205606864009709289e+00
-1.187705457738801984e+00
-1.170213402958399929e+00
-1.153141131263756058e+00
-1.136492686584469558e+00
-1.120268919017319176e+00
-1.104473872491902986e+00
-1.089114784770650379e+00
-1.074192505950335219e+00
-1.059714273793386674e+00
-1.045684132229403263e+00
-1.032112512853638808e+00
-1.019003459595694272e+00
-1.006361016385171059e+00
-9.941892271516696855e-01
-9.824985234904436426e-01
-9.712929493310927809e-01
-9.605733547703938502e-01
-9.503437837379473674e-01
-9.406114739961816129e-01
-9.313804694746955493e-01
-9.226516202702672587e-01
-9.144321641453218019e-01
-9.067229511966358180e-01
-8.995312191866362550e-01
-8.928593276846945592e-01
-8.866997049864382419e-01
-8.810526765257428172e-01
-8.759057924051804056e-01
-8.712561842258015332e-01
-8.670945959230043076e-01
-8.634181590978373677e-01
-8.602144238528747211e-01
-8.574773279563397965e-01
-8.552040030092820100e-01
-8.533819991142743699e-01
-8.520052540395408602e-01
-8.510677055533052426e-01
-8.505600975909662909e-01
-8.504763679207477667e-01
-8.508072604780476667e-01
-8.515467130310908628e-01
-8.526886633481006728e-01
-8.542206615316498830e-01
-8.561366453499631435e-01
-8.584241649056131296e-01
-8.610803517996488132e-01
-8.640895623018181038e-01
-8.674457341803450960e-01
-8.711396113706278976e-01
-8.751587439752399611e-01
-8.794938759295791719e-01
-8.841357511690445259e-01
-8.890751136290342416e-01
-8.942963195792960063e-01
-8.997965006208790140e-01
-9.055600130235308409e-01
-9.115776007226501498e-01
-9.178368138208098381e-01
-9.243252024205830253e-01
-9.310335104573677079e-01
-9.379492880337377825e-01
-9.450568914194399373e-01
-9.523470645498729459e-01
-9.598073575276100389e-01
-9.674253204552241137e-01
-9.751853096024626355e-01
-9.830748750718986129e-01
-9.910815669661054983e-01
-9.991929353876554121e-01
-1.007390142773471275e+00
-1.015667126891776739e+00
-1.024001856346668182e+00
-1.032385075073544600e+00
-1.040797945509327471e+00
-1.049232814034681605e+00
-1.057694824476983930e+00
-1.066203498440178699e+00
-1.074771969862560628e+00
-1.083406985016772239e+00
-1.092124871673932462e+00
-1.100935569939510250e+00
-1.109855407584624309e+00
-1.118894324714743149e+00
-1.128062261435335500e+00
-1.137372351684694527e+00
-1.146837729401114725e+00
-1.156465140857238616e+00
-1.166267719991360474e+00
-1.176255406908947920e+00
-1.186438141715469685e+00
-1.196825864516394056e+00
-1.207428515417189763e+00
-1.218256034523324649e+00
-1.229318361940267224e+00
-1.240622243940660674e+00
-1.252177620629973065e+00
-1.263994432113672906e+00
-1.276079424664402939e+00
-1.288445732220456996e+00
-1.301096907221652721e+00
-1.314039695940633301e+00
-1.327284038482866135e+00
-1.340833487288169756e+00
-1.354701176294836884e+00
-1.368884270277035187e+00
-1.383399097005883371e+00
-1.398249208921198639e+00
-1.413438158462799077e+00
-1.428975885736152751e+00
-1.444865943181076418e+00
-1.461115077070214374e+00
-1.477733227509034020e+00
-1.494720753104527677e+00
-1.512084400129337869e+00
-1.529830914856108004e+00
-1.547963849724655061e+00
-1.566489951007622894e+00
-1.585409577312002494e+00
-1.604729474910437048e+00
-1.624456390075569301e+00
-1.644590681414391797e+00
-1.665139095199547059e+00
-1.686105183870852509e+00
-1.707492499868125790e+00
