# tt
4.500431298017372796e+02
4.259224432420089101e+02
4.017102469938953959e+02
3.826458612087280926e+02
3.686518265865384478e+02
3.589017238189290424e+02
3.523813522123506345e+02
3.483553620446298851e+02
3.462744354044143620e+02
3.456047532888166529e+02
3.465500347332412048e+02
3.481378468583948802e+02
3.503520195372182116e+02
3.527374065182654022e+02
3.560139523076381352e+02
3.600754618126175046e+02
3.643975882236295547e+02
3.693023026021050441e+02
3.740982462710141476e+02
3.790806576257915594e+02
3.842566749893682072e+02
3.894586465098508370e+02
3.948212788562765354e+02
4.003911460236935227e+02
4.059473877655594265e+02
4.116672753235529854e+02
4.174826593027294734e+02
4.233668318807564788e+02
4.294087258363938986e+02
4.353422934035749563e+02
4.415080944739759161e+02
4.476841571468229404e+02
4.538683626142748722e+02
4.603124304216017322e+02
4.666290781544789752e+02
4.730417721631510517e+02
4.795934758332084016e+02
4.862399867289834106e+02
4.929448539131289522e+02
4.996697879277143102e+02
5.064170527248585927e+02
5.131934614017480953e+02
5.200217962196968529e+02
5.269312271056692225e+02
5.339087398915671656e+02
5.409482448344401746e+02
5.480397940901801803e+02
5.551798274803302320e+02
5.623935293218627294e+02
5.697072290964350714e+02
5.770975417864167412e+02
5.845326460403858846e+02
5.920030773366992207e+02
5.995057588193645870e+02
6.070879780492766713e+02
6.147940749540500747e+02
6.226069697292953151e+02
6.304904195736709198e+02
6.384369261812637433e+02
6.464505927484959784e+02
6.545340209887466472e+02
6.626950264520786504e+02
6.709350370229039981e+02
6.792650620841112641e+02
6.877012319646054266e+02
6.962354471178023232e+02
7.048519536118326414e+02
7.135318036820018506e+02
7.222624372292656290e+02
7.310345327384050051e+02
7.398964366890548945e+02
7.488965403118492077e+02
7.580385211778655048e+02
7.673228630253563551e+02
7.767304865924947990e+02
7.862087742766943848e+02
7.957526159646238284e+02
8.053824522055554098e+02
8.151091420502854135e+02
8.249440488978607391e+02
8.348909720418525922e+02
8.449382459599555659e+02
8.550837866283409312e+02
8.653223161903541722e+02
8.756509138632374061e+02
8.860569241628664940e+02
8.965332425118394895e+02
9.070855396640562276e+02
9.177162925405910983e+02
9.284307603085131859e+02
9.392293619547435810e+02
9.501184925450239689e+02
9.610949656466195847e+02
9.721651763252718865e+02
9.833259381482459958e+02
9.945772585156324794e+02
1.005922338660347691e+03
1.017351604484005520e+03
1.028871451052347766e+03
1.040478691932639549e+03
1.052173334524971551e+03
1.063948998563783334e+03
1.075805691449165579e+03
1.087740226748383520e+03
1.099749418028702166e+03
1.111830078857386980e+03
1.123975828968877522e+03
1.136189869596089920e+03
1.148465820473463737e+03
1.160800480534247754e+03
1.173193784008451303e+03
1.185642456659241134e+03
1.198143224249784225e+03
1.210692812543248465e+03
1.223291141135625594e+03
1.235934935790083046e+03
1.248617728436962807e+03
1.261339438672256847e+03
1.274096792259132826e+03
1.286886514960757495e+03
1.299702138707472386e+03
1.312543583095270833e+03
1.325407573887319359e+03
1.338287643013959951e+03
1.351183710071184578e+03
1.364089306989335682e+03
1.377001159531579788e+03
1.389919187293910227e+03
1.402836922206667623e+03
1.415747969044714182e+03
1.428655805459464545e+03
1.441551206615553383e+03
1.454434529176089654e+03
1.467299742138532565e+03
1.480147202165991303e+03
1.492970878255925300e+03
1.505767933238619207e+03
1.518532336111531322e+03
1.531267637370596958e+03
1.543964612180449649e+03
1.556620423371373818e+03
1.569235427606479107e+03
1.581800400050399048e+03
1.594315697366243057e+03
1.606768900885819676e+03
1.619157173439412645e+03
1.631474484024481853e+03
1.643714801638484914e+03
1.655872095278881488e+03
1.667937102761129381e+03
1.679913187835284816e+03
1.691794095403753317e+03
1.703579958034590618e+03
1.715267714463027005e+03
1.726860691089943430e+03
1.738349438984919743e+03
1.749737284548837806e+03
1.761017972684100869e+03
1.772188442125941037e+03
1.783239243943936117e+03
1.794167316873317986e+03
1.804969599649316251e+03
1.815636643341510535e+03
1.826168580517956570e+03
1.836559156081059427e+03
1.846805308766048711e+03
1.856903977308156072e+03
1.866852100442610663e+03
1.876646616904643224e+03
1.886281271596659280e+03
1.895759390919540010e+03
1.905071525942863673e+03
1.914214615401861693e+03
1.923188791864589575e+03
1.931987874773594740e+03
1.940609175564817861e+03
1.949046886381519471e+03
1.957301587032607131e+03
1.965370663494166365e+03
1.973248307909454752e+03
1.980935100087382580e+03
1.988428426004032417e+03
1.995722477802664343e+03
2.002817835292187056e+03
2.009708690615859950e+03
2.016395623582591952e+03
2.022876020168466539e+03
2.029144072516742654e+03
2.035200360436330129e+03
2.041042269903312899e+03
2.046663993060949451e+03
2.052062915885323491e+03
2.057242812018170753e+03
2.062197873602748587e+03
2.066928680447967508e+03
2.071435812362737124e+03
2.075719849155966131e+03
2.079771789138087570e+03
2.083598599783662394e+03
2.087194455036822092e+03
2.090556649878013559e+03
2.093676073422905574e+03
2.096556390118470063e+03
2.099185295247550130e+03
2.101566453257116336e+03
2.103693947095664498e+03
2.105565053544513376e+03
2.107193018549111457e+03
2.108571925057952740e+03
2.109705437518008239e+03
2.110600414209074188e+03
2.111257325745296839e+03
2.111679836573645844e+03
2.111868417308267908e+03
2.111817150897657484e+03
2.111526507955959914e+03
2.110996959097320996e+03
2.110225781103059035e+03
2.109210250754496883e+03
2.107954032498603738e+03
2.106451209283874960e+03
2.104705445557280200e+03
2.102720405765792293e+03
2.100496560523555672e+03
2.098031186611890917e+03
2.095327948477768587e+03
2.092387316735333570e+03
2.089212955831558702e+03
2.085802142547762742e+03
2.082158541330916705e+03
2.078285816627991153e+03
2.074181245220307574e+03
2.069845297722009946e+03
2.065284832412895867e+03
2.060493932241458879e+03
2.055482649320321798e+03
2.050248260430804294e+03
2.044794430019877382e+03
2.039121628701686404e+03
2.033230327090376932e+03
2.027127383465745879e+03
2.020813268441937680e+03
2.014288452633099496e+03
2.007559794319025968e+03
2.000630957946689477e+03
1.993499220297409920e+03
1.986174633483808066e+03
1.978654474287204494e+03
1.970945600987396119e+03
1.963045219672831990e+03
1.954956641326129329e+03
1.946679912404210654e+03
1.938221467029646419e+03
1.929574963993708252e+03
1.920746837418968425e+03
1.911740327595173540e+03
1.902561868644895185e+03
1.893214700857881098e+03
1.883708452189528771e+03
1.874043169096759129e+03
1.864228479534970120e+03
1.854267623793909024e+03
1.844163842163321760e+03
1.833917181100130392e+03
1.823530880894081065e+03
1.813011375667746734e+03
1.802358711878048325e+03
1.791572935981907222e+03
1.780657288269070250e+03
1.769621396694936038e+03
1.758462113883598477e+03
1.747192261623282093e+03
1.735808692538082823e+03
1.724317840750572259e+03
1.712729334216148800e+03
1.701043219391733373e+03
1.689262736567072807e+03
1.677394319864739600e+03
1.665444403407305572e+03
1.653413033651692331e+03
1.641306644720472377e+03
1.629131670736217757e+03
1.616888158155849624e+03
1.604582541101940251e+03
1.592218059864236920e+03
1.579804342398136441e+03
1.567341435160560877e+03
1.554832578441257510e+03
1.542287400195622695e+03
1.529709140713404395e+03
1.517097846451523083e+03
1.504459951532551713e+03
1.491801890079061650e+03
1.479123708547975639e+03
1.466431841061864816e+03
1.453726334077650790e+03
1.441016815550731508e+03
1.428306525770853568e+03
1.415598705027763572e+03
1.402899657863783659e+03
1.390215170500234763e+03
1.377547705745362236e+03
1.364902920240236426e+03
1.352286470625927677e+03
1.339697625877855671e+03
1.327145236469917336e+03
1.314631765210356434e+03
1.302159674907419230e+03
1.289728234536524496e+03
1.277349488404394606e+03
1.265019511653622430e+03
1.252747154758105580e+03
1.240534880526088500e+03
1.228381957932990645e+03
1.216297237452708259e+03
1.204283181893486471e+03
1.192345447896395854e+03
1.180483304436856315e+03
1.168699214323112074e+03
1.157005221861885730e+03
1.145394208362945392e+03
1.133878218133012979e+03
1.122453326314682045e+03
1.111128383381849062e+03
1.099902658309933940e+03
1.088781807740006798e+03
1.077768294480313216e+03
1.066864581339097867e+03
1.056076324957431552e+03
1.045402794310733725e+03
1.034849646040075186e+03
1.024416149120875616e+03
1.014107960194205702e+03
1.003930735901135790e+03
9.938837452170852202e+02
9.839694509502999153e+02
9.741903159090244344e+02
9.645519967343296912e+02
9.550569562344602446e+02
9.457044633848363446e+02
9.364969809937031187e+02
9.274369718693054665e+02
9.185237049870628425e+02
9.097596431552208287e+02
9.011472491820242112e+02
8.926857920428927855e+02
8.843777345460715651e+02
8.762287333326315775e+02
8.682380573779919359e+02
8.604113316253575476e+02
8.527508603936436202e+02
8.452557224710745913e+02
8.379281904786994346e+02
8.307737308703935923e+02
8.237882286015551472e+02
8.169739562932339823e+02
8.103331865664792986e+02
8.038649982095151927e+02
7.975684700105659886e+02
7.914458745906806598e+02
7.854962907380835304e+02
7.797251849066495879e+02
7.741252482189515831e+02
7.687051409616905175e+02
7.634607480902644738e+02
7.583943422257229940e+02
7.535050021562901748e+02
7.487918066701902262e+02
7.442602222212975676e+02
7.399029399321859728e+02
7.357254262567299747e+02
7.317235661503281108e+02
7.278996322340301504e+02
7.242495094632345172e+02
7.207754704589905259e+02
7.174797878423478323e+02
7.143551527358796420e+02
7.114070315934607152e+02
7.086345032033149209e+02
7.060334525208412515e+02
7.036061521670890215e+02
7.013516809302821002e+02
6.992659237658192524e+02
6.973479594619244608e+02
6.956000606396470403e+02
6.940213060872112010e+02
6.926043869271900348e+02
6.913515757806329702e+02
6.902619514357641037e+02
6.893345926808075319e+02
6.885621906383361193e+02
6.879502117622249671e+02
6.874913471750472809e+02
6.871846756650269299e+02
6.870292760203878970e+02
6.870210331965288333e+02
6.871622198144993945e+02
6.874487208296978906e+02
6.878796150303484183e+02
6.884540930312020919e+02
6.891685989202920837e+02
6.900228824450040293e+02
6.910166933527235642e+02
6.921433937251855468e+02
6.934027333097756127e+02
6.947944618538795112e+02
6.963151352720570912e+02
6.979581156460436659e+02
6.997295403888754208e+02
7.016163839166364369e+02
7.036247836423630133e+02
7.057512954806156813e+02
7.079924753459544036e+02
7.103416853201141521e+02
7.128050628161314535e+02
7.153727760829153794e+02
7.180477687006772385e+02
7.208234027511520026e+02
7.237026218145504117e+02
7.266787879726074380e+02
7.297484571398832713e+02
7.329145728965888793e+02
7.361704973244592338e+02
7.395127863380546387e+02
7.429411896847603884e+02
7.464458756134861233e+02
7.500329815372683697e+02
7.536894818721906404e+02
7.574151263656391393e+02
7.612096647649992747e+02
7.650664591520055637e+02
7.689884531068696560e+02
7.729658148785005096e+02
7.770014880471092056e+02
7.810920285272561614e+02
7.852339922335013398e+02
7.894239350804054993e+02
7.936616068153535934e+02
7.979403695200808215e+02
8.022567791091471463e+02
8.066041976642876534e+02
8.109823749328877511e+02
8.153846729966824114e+02
8.198076477702314833e+02
8.242478551680956116e+02
8.287018511048347591e+02
8.331725791606602343e+02
8.376534014173065543e+02
8.421408737893341367e+02
8.466349013507832524e+02
8.511360104823144184e+02
8.556353013927655411e+02
8.601334557894516593e+02
8.646247677140369206e+02
8.691067250410106908e+02
8.735768156448621085e+02
8.780293335672554349e+02
8.824585728498543631e+02
8.868716028656250501e+02
8.912563299905799568e+02
8.956230174305109131e+02
8.999595715614304936e+02
9.042762555891299598e+02
9.085609758896227959e+02
9.128208018358742493e+02
9.170500274695485814e+02
9.212429468323093715e+02
9.254002416314722268e+02
9.295162059087002717e+02
9.335851337056577677e+02
9.376077067296598671e+02
9.415782190223700354e+02
9.454973522911033115e+02
9.493625944103492884e+02
9.531746270874228912e+02
9.569277443639874718e+02
9.606258217801840829e+02
9.642695410433269672e+02
9.678500023622550543e+02
9.713742751099337056e+02
9.748302656623762914e+02
9.782218495597229548e+02
9.815433208436378436e+02
9.847889735557849917e+02
9.879626832363044286e+02
9.910587439268599610e+02
9.940746435019412957e+02
9.970142575016884621e+02
9.998718799677659490e+02
1.002648192607488113e+03
1.005343877128170220e+03
1.007959615237126513e+03
1.010492894808846813e+03
1.012941203717820599e+03
1.015305223671362569e+03
1.017579248711136643e+03
1.019763960544457859e+03
1.021856847045815584e+03
1.023855396089699070e+03
1.025757135942723835e+03
1.027562950272835678e+03
1.029270569307280766e+03
1.030880917106131164e+03
1.032398111562283475e+03
1.033816689070159327e+03
1.035140767522655324e+03
1.036368077147018084e+03
1.037496348170493548e+03
1.038532892318804898e+03
1.039469052153547409e+03
1.040312139400443584e+03
1.041056690453914371e+03
1.041703629374031152e+03
1.042253880220866449e+03
1.042708367054491646e+03
1.043064820102152680e+03
1.043320969591096400e+03
1.043480933414219635e+03
1.043539247965943559e+03
1.043500031139165458e+03
1.043361013161131041e+03
1.043119924259087384e+03
1.042784076158756534e+03
1.042348005254559666e+03
1.041819023272219511e+03
1.041194860438982232e+03
1.040476440814919670e+03
1.039664688460103434e+03
1.038763721267430810e+03
1.037768075631322517e+03
1.036685063277501513e+03
1.035512414433213962e+03
1.034247859325706258e+03
1.032898709680701131e+03
1.031459501892619301e+03
1.029937547687183269e+03
1.028330577291639656e+03
1.026642708598885292e+03
1.024868478003341579e+03
1.023018391063556010e+03
1.021090178006775773e+03
1.019081569060246011e+03
1.016999875949690363e+03
1.014846022735180100e+03
1.012617739643961841e+03
1.010319144568932529e+03
1.007951161570164231e+03
1.005514714707728103e+03
1.003010728041696552e+03
1.000446395924941839e+03
9.978156678876340493e+02
9.951251514183944664e+02
9.923782601730196120e+02
9.895720201416542068e+02
9.867066511472697812e+02
9.837919545113126105e+02
9.808217623911026521e+02
9.777994884424361999e+02
9.747253524882841020e+02
9.716059620172678706e+02
9.684351491867070081e+02
9.652195214852231402e+02
9.619624925686129018e+02
9.586578945941957954e+02
9.553123350505931057e+02
9.519292275936016949e+02
9.485055982133661701e+02
9.450448605656830523e+02
9.415472344735226216e+02
9.380161335926813990e+02
9.344549715789554512e+02
9.308639682553152852e+02
9.272433434447319769e+02
9.236028984686521426e+02
9.199364654843963081e+02
9.162538458134104076e+02
9.125520654458406398e+02
9.088345380374825027e+02
9.051046772441327448e+02
9.013658967215870916e+02
8.976184162928161641e+02
8.938624557807912652e+02
8.901046226741333385e+02
8.863451367958134597e+02
8.825842179688021361e+02
8.788252798488954340e+02
8.750749299247153203e+02
8.713270003535810702e+02
8.675912924569403231e+02
8.638680260577633589e+02
8.601574209790210261e+02
8.564628908765092774e+02
8.527846555731993021e+02
8.491293225577122712e+02
8.454971116530188056e+02
8.418882426820899809e+02
8.383061293007217500e+02
8.347541851647100657e+02
8.312326300970258899e+02
8.277479223146435743e+02
8.242931476166462517e+02
8.208804055274229086e+02
8.175026325744096312e+02
8.141623467835187284e+02
8.108652600134884096e+02
8.076075026245800927e+02
8.043947864755314185e+02
8.012296295922550371e+02
7.981049685021871483e+02
7.950329027297163975e+02
7.920063688022789847e+02
7.890278847457872189e+02
7.861063562518048684e+02
7.832315260149421192e+02
7.804154935595879579e+02
7.776543892460035750e+02
7.749507311001023027e+02
7.723038433149700950e+02
7.697162439165202841e+02
7.671936447634902834e+02
7.647321762161416245e+02
7.623311624675616258e+02
7.599963153764879280e+02
7.577269591360077357e+02
7.555256117720332441e+02
7.533884036448262123e+02
7.513242404459497266e+02
7.493260587028402142e+02
7.473995702742354297e+02
7.455440993532224638e+02
7.437589701328880665e+02
7.420498944719705605e+02
7.404130027307310229e+02
7.388508129350822173e+02
7.373658431109365665e+02
7.359574174513809339e+02
7.346248601495022967e+02
7.333706892312134187e+02
7.321942288896009359e+02
7.310979971505774984e+02
7.300781243744047515e+02
7.291435162526457816e+02
7.282839154799114567e+02
7.275082277477650905e+02
7.268157772492933191e+02
7.262026943447583562e+02
7.256714970600720562e+02
7.252215095883218510e+02
7.248584437882454949e+02
7.245752092301408993e+02
7.243741891542315443e+02
7.242577398436020530e+02
7.242250237485120579e+02
7.242783971520468640e+02
7.244106348388148717e+02
7.246272869247267181e+02
7.249275158600419218e+02
7.253104840950202288e+02
7.257753540799210441e+02
7.263212882650037727e+02
7.269506429333539472e+02
7.276593867024055271e+02
7.284498758552432491e+02
7.293212728421272004e+02
7.302695462804911131e+02
7.312970524534201786e+02
7.324061476439993612e+02
7.335896066368374022e+02
7.348529795478450524e+02
7.361922349944560438e+02
7.376065354269298950e+02
7.390950432955266933e+02
7.406569210505056162e+02
7.422945249749518553e+02
7.440038236862998247e+02
7.457839796348084747e+02
7.476309614379123332e+02
7.495503192115219235e+02
7.515380215730710916e+02
7.535900371399945925e+02
7.557055283625511493e+02
7.578868515238266355e+02
7.601331690740802287e+02
7.624372557979204430e+02
7.648014679784326972e+02
7.672249680658763964e+02
7.697069185105111728e+02
7.722464817625964315e+02
7.748396264395664730e+02
7.774855149916809296e+02
7.801833098691992063e+02
7.829321735223812766e+02
7.857280745686608725e+02
7.885733692911234129e+02
7.914576386415516254e+02
7.943896265686819333e+02
7.973589140242970643e+02
8.003710511243081100e+02
8.034188126533232435e+02
8.065014815429024111e+02
8.096156288169796653e+02
8.127643336464399226e+02
8.159474813693427677e+02
8.191553758252716761e+02
8.223974838507623417e+02
8.256641092853981263e+02
8.289551374672389557e+02
8.322736475671692915e+02
8.356131372575981686e+02
8.389734918765852854e+02
8.423577905950154445e+02
8.457563372524717806e+02
8.491722110198397786e+02
8.526052972351786821e+02
8.560490935708974121e+02
8.595034853650554396e+02
8.629683579557123494e+02
8.664404028481023943e+02
8.699195053802851589e+02
8.734023570574946689e+02
8.768888432177907362e+02
8.803788491992328318e+02
8.838690665070550949e+02
8.873593804793168829e+02
8.908464826212529033e+02
8.943302582709222861e+02
8.978105927663850707e+02
9.012777899472239369e+02
9.047381228171494740e+02
9.081882828813965034e+02
9.116217678123731503e+02
9.150416567809644448e+02
9.184446412924046399e+02
9.218242190191027703e+02
9.251866629647687432e+02
9.285222769689859206e+02
9.318341402026399010e+02
9.351189441709641414e+02
9.383733803791934633e+02
9.415941403325613237e+02
9.447811093691279893e+02
9.479341728269522491e+02
9.510468283784437062e+02
9.541189613616612633e+02
9.571472632818394004e+02
9.601316194770378161e+02
9.630687214524901947e+02
9.659584545462565757e+02
9.687975102635712119e+02
9.715827186938314526e+02
9.743114642630922617e+02
9.769876576472219085e+02
9.796088218564386807e+02
9.821724799009601838e+02
9.846761547910047057e+02
9.871269510352665293e+02
9.895191978111381559e+02
9.918536119616628639e+02
9.941277164970590547e+02
9.963422282603695521e+02
9.984946702618126437e+02
1.000585759344431722e+03
1.002609824685619401e+03
1.004567583128419074e+03
1.006459751515874132e+03
1.008280659025376963e+03
1.010034216332796518e+03
1.011711558782699854e+03
1.013319790883781593e+03
1.014853241813434124e+03
1.016309434581875166e+03
1.017692279864973329e+03
1.018996106840122138e+03
1.020221632350364303e+03
1.021372767071568660e+03
1.022447034013953385e+03
1.023445150020561982e+03
1.024367831934437618e+03
1.025212602765798465e+03
1.025983373190513475e+03
1.026674472385974923e+03
1.027289811028051872e+03
1.027823718294136370e+03
1.028276911027272718e+03
1.028643718404852734e+03
1.028928051102745712e+03
1.029127432131169599e+03
1.029236190667516439e+03
1.029261431220480745e+03
1.029197482967455471e+03
1.029048256584309001e+03
1.028811275081259510e+03
1.028487255301350388e+03
1.028073720254799809e+03
1.027574580617476386e+03
1.026990553232423736e+03
1.026319161109859806e+03
1.025564314925652980e+03
1.024723537690022113e+03
1.023797565738265916e+03
1.022790407207533349e+03
1.021696508228753146e+03
1.020519896431330380e+03
1.019255017946192879e+03
1.017899512737094938e+03
1.016454214600615956e+03
1.014919957333335560e+03
1.013294380899007251e+03
1.011578319094210428e+03
1.009772605715524946e+03
1.007884462225180755e+03
1.005911528586932036e+03
1.003857832430183407e+03
1.001727401384339601e+03
9.995210692459805841e+02
9.972364759788597439e+02
9.948744553795567072e+02
9.924326474118252008e+02
9.899086920394196341e+02
9.873002292260935064e+02
9.846080927684264452e+02
9.818299226301722911e+02
9.789697464407360030e+02
9.760315918295220854e+02
9.730162925931103928e+02
9.699278763609057705e+02
9.667671769294872774e+02
9.635414157610853181e+02
9.602514266522792923e+02
9.568980433996487136e+02
9.534789059669474227e+02
9.499916543179293740e+02
9.464403160819996401e+02
9.428193373900866163e+02
9.391263582059436885e+02
9.353654061589766116e+02
9.315405088785895487e+02
9.276461124957112361e+02
9.236958261382230830e+02
9.196872897698785891e+02
9.156245310200830545e+02
9.115083836854155379e+02
9.073492630609320031e+02
9.031384214447353997e+02
8.988830802990557913e+02
8.945776857548222551e+02
8.902262654414392955e+02
8.858264593226606394e+02
8.813759073622405822e+02
8.768817136684534717e+02
8.723409314352729780e+02
8.677568841683682876e+02
8.631297015405828006e+02
8.584690947232368217e+02
8.537688057235225187e+02
8.490385457127598556e+02
8.442784443637922323e+02
8.394886313494633896e+02
8.346692363426167276e+02
8.298235828489212054e+02
8.249486067083950047e+02
8.200508252595324166e+02
8.151271743423513954e+02
8.101777836296959094e+02
8.052091704600596813e+02
8.002150768406360157e+02
7.951988262770933034e+02
7.901637422751006170e+02
7.851067606746763659e+02
7.800312049814892816e+02
7.749403987012083235e+02
7.698312776738514458e+02
7.647103592379133943e+02
7.595777730662372278e+02
7.544368426644924739e+02
7.492876977055223051e+02
7.441400493606463442e+02
7.389876396370577822e+02
7.338369858732504554e+02
7.286850239092427728e+02
7.235382710835291391e+02
7.183936632361275088e+02
7.132513300398812817e+02
7.081145950004598717e+02
7.029835877907064514e+02
6.978584380834641934e+02
6.927456632172284117e+02
6.876390051991908194e+02
6.825481752006716079e+02
6.774701090616890724e+02
6.724081302879121722e+02
6.673623685521839661e+02
6.623393411929993135e+02
6.573327902175506097e+02
6.523524267971574773e+02
6.473951867718385529e+02
6.424643936472625683e+02
6.375633709290982551e+02
6.326922482901893545e+02
6.278510266742964632e+02
6.230455797744984920e+02
6.182752648891416811e+02
6.135394393165710198e+02
6.088406541879576253e+02
6.041782668016470552e+02
5.995580221216355312e+02
5.949760836134432793e+02
5.904350024082411892e+02
5.859341358043745913e+02
5.814760349330148301e+02
5.770632509253326816e+02
5.726951410796735900e+02
5.683710626943829993e+02
5.640903730678065813e+02
5.598588171639406710e+02
5.556725584483053808e+02
5.515309542192460412e+02
5.474397494407592148e+02
5.433983014111904595e+02
5.394027735960595464e+02
5.354589109593632656e+02
5.315692646322721657e+02
5.277268042474812546e+02
5.239404686018121993e+02
5.202064211607849984e+02
5.165272130555707690e+02
5.129053954173401735e+02
5.093403255444390538e+02
5.058313607352127406e+02
5.023778582880066779e+02
4.989855631668173714e+02
4.956506388371649905e+02
4.923756364302201973e+02
4.891599132443288909e+02
4.860028265778360606e+02
4.829069275619132213e+02
4.798715734949054195e+02
4.768993155079839426e+02
4.739863170666685619e+02
4.711383231349560106e+02
4.683514971783658893e+02
4.656283903280696563e+02
4.629683598824123578e+02
4.603739569725654519e+02
4.578413450640485962e+02
4.553762691208582964e+02
4.529748926085145513e+02
4.506365728253630891e+02
4.483670547353999609e+02
4.461624825093119284e+02
4.440221169712763754e+02
4.419483934834624392e+02
4.399373597423885940e+02
4.379946449430494795e+02
4.361162967819636265e+02
4.343047506213001725e+02
4.325560541575774778e+02
4.308726427529650209e+02
4.292569517696318258e+02
4.277050289040964230e+02
4.262193095185280640e+02
4.247990351422704975e+02
4.234434473046676999e+02
4.221517875350633062e+02
4.209232973628011791e+02
4.197604121500507404e+02
4.186591795933301228e+02
4.176220350548089755e+02
4.166482200638308768e+02
4.157337823169140734e+02
4.148811571762281005e+02
4.140895861711165935e+02
4.133615046637490309e+02
4.126897665178181001e+02
4.120768070954932796e+02
4.115250617589437070e+02
4.110305782046876857e+02
4.105925979620693056e+02
4.102135563932576474e+02
4.098895011947711851e+02
4.096196738959536674e+02
4.094033160261489002e+02
4.092428629475262483e+02
4.091343623566040151e+02
4.090770557827260632e+02
4.090733785880616438e+02
4.091193784691292876e+02
4.092142969552724594e+02
4.093573755758352490e+02
4.095478558601614623e+02
4.097881731704202934e+02
4.100711813703048279e+02
4.104025096548095917e+02
4.107750118876276701e+02
4.111911234309282008e+02
4.116500858140550463e+02
4.121511405663520691e+02
4.126903353843376863e+02
4.132701056301810354e+02
4.138834042955774635e+02
4.145363562155326349e+02
4.152224100217533760e+02
4.159445958444220537e+02
4.166963623152451532e+02
4.174839333972309987e+02
4.183007577220857911e+02
4.191498654199924090e+02
4.200310927883081717e+02
4.209378884587392236e+02
4.218764763942941727e+02
4.228403052266790496e+02
4.238292112532513443e+02
4.248494184370191533e+02
4.258911815768634597e+02
4.269607246357923032e+02
4.280578839111632306e+02
4.291761080346825565e+02
4.303184271365330460e+02
4.314846775140717341e+02
4.326715016318308358e+02
4.338787357871674430e+02
4.350998286117879843e+02
4.363410040687006699e+02
4.375925169567863122e+02
4.388605912390532353e+02
4.401386755472078676e+02
4.414266061786074715e+02
4.427306070962601439e+02
4.440409330990468675e+02
4.453638081499759096e+02
4.466926808807536986e+02
4.480337752543881606e+02
4.493805399025860083e+02
4.507360049555297223e+02
4.520936190449259584e+02
4.534500246353063631e+02
4.548114456896791467e+02
4.561713308397507376e+02
4.575263225500530666e+02
4.588794509507686712e+02
4.602273585064297095e+02
4.615666876815677142e+02
4.629036624391908958e+02
4.642317314110059101e+02
4.655507308943697922e+02
4.668604971866399751e+02
4.681608665851735509e+02
4.694484815545027345e+02
4.707231783919845043e+02
4.719817100008758075e+02
4.732244648721598423e+02
4.744519419355444825e+02
4.756646401207379427e+02
4.768566706917973193e+02
4.780317264112559315e+02
4.791871123759968327e+02
4.803233275157277831e+02
4.814376769273314380e+02
4.825338533733415147e+02
4.836091619506402708e+02
4.846641015889359778e+02
4.856959773851115187e+02
4.867052882688745967e+02
4.876893393371079810e+02
4.886518233523450476e+02
4.895868515786432340e+02
4.905013106113612480e+02
4.913861178817310815e+02
4.922481599851114993e+02
4.930815481855597682e+02
4.938899752456092074e+02
4.946675524293173680e+02
4.954179724992174556e+02
4.961385405521923531e+02
4.968329493507751522e+02
4.974953101590235178e+02
4.981293157394707123e+02
4.987290773561740025e+02
4.993014816044922100e+02
4.998406397484827153e+02
5.003470507178533921e+02
5.008212134423123416e+02
5.012636268515678921e+02
5.016715960425023013e+02
5.020456199448239545e+02
5.023861974882407821e+02
5.026906337696352693e+02
5.029594277187158013e+02
5.031930782651901950e+02
5.033920843387666082e+02
5.035537510363276965e+02
5.036785772875813905e+02
5.037670620222359616e+02
5.038197041699994543e+02
5.038338088277542965e+02
5.038130687580342624e+02
5.037547890577218368e+02
5.036562748236994480e+02
5.035244126513264860e+02
5.033501384684150821e+02
5.031404313532273704e+02
5.028895135493044677e+02
5.026043826314888747e+02
5.022792608433218788e+02
5.019147580939951467e+02
5.015146781255261885e+02
5.010732431814558367e+02
5.005974508366268196e+02
5.000815233345802540e+02
4.995292644173334793e+02
4.989380901612529442e+02
4.983118043083557041e+02
4.976478229350085485e+02
4.969467559504032579e+02
4.962092132637316126e+02
4.954358047841854500e+02
4.946271404209568345e+02
4.937806362504120443e+02
4.928969021817429734e+02
4.919797419569671888e+02
4.910265716524507411e+02
4.900380011773857518e+02
4.890178342737896173e+02
4.879602931852030565e+02
4.868659878208181340e+02
4.857419157554775779e+02
4.845854930655477801e+02
4.833941358273953028e+02
4.821748416158628743e+02
4.809218326744913270e+02
4.796389127452980574e+02
4.783266917374751301e+02
4.769825857273888801e+02
4.756103984570564762e+02
4.742107398356699264e+02
4.727810259395957360e+02
4.713250605108510172e+02
4.698434534586279483e+02
4.683304270264673050e+02
4.667961726220373180e+02
4.652349124888790470e+02
4.636504503690097749e+02
4.620402023387957797e+02
4.604079721402547989e+02
4.587543696825783286e+02
4.570800048749584903e+02
4.553822937937615052e+02
4.536650401810048834e+02
4.519288539458804621e+02
4.501742662491165561e+02
4.484014932575869352e+02
4.466138662225274061e+02
4.448051348966976661e+02
4.429818243641587969e+02
4.411408782104956003e+02
4.392856276869439967e+02
4.374162102119141196e+02
4.355327632038166144e+02
4.336354240810617284e+02
4.317243302620597092e+02
4.298028129980463063e+02
4.278678158746066060e+02
4.259226701429762443e+02
4.239675132215655822e+02
4.219992886959594216e+02
4.200213278173937397e+02
4.180337680042788406e+02
4.160399405078504742e+02
4.140367889136935560e+02
4.120276444730436651e+02
4.100126446043114470e+02
4.079919267259072058e+02
4.059656282562410183e+02
4.039338866137235300e+02
4.019000330495903199e+02
3.998642049822519198e+02
3.978233459972930177e+02
3.957839811787749795e+02
3.937430541122826071e+02
3.917007022162262615e+02
3.896602567418418630e+02
3.876218551075396590e+02
3.855856347317300106e+02
3.835517330328232219e+02
3.815202874292295974e+02
3.794946291721850571e+02
3.774748956800996780e+02
3.754612243713841053e+02
3.734505588316231979e+02
3.714526179777034258e+02
3.694611515623844298e+02
3.674794908369019026e+02
3.655109670524916510e+02
3.635525237947386472e+02
3.616042984820530819e+02
3.596696223656708753e+02
3.577518266968276635e+02
3.558478550611085893e+02
3.539578448769237298e+02
3.520850384230130885e+02
3.502291282553069323e+02
3.483897179572399523e+02
3.465696049450717169e+02
3.447651989694115287e+02
3.429792974465190127e+02
3.412115039598288604e+02
3.394646159256008673e+02
3.377382369272694973e+02
3.360287767154436551e+02
3.343390327063834206e+02
3.326718023163485896e+02
3.310234952959480665e+02
3.293969090614419883e+02
3.277948410290898664e+02
3.262105071166756716e+02
3.246498985732845881e+02
3.231126189823509662e+02
3.215982719273093835e+02
3.201032671587688014e+02
3.186367897586400204e+02
3.171888618118811678e+02
3.157686684004029303e+02
3.143694254419889376e+02
3.129971241857246582e+02
3.116481743822188264e+02
3.103253734477315220e+02
3.090283249656971520e+02
3.077598263523755122e+02
3.065162873583758483e+02
3.052973115671324535e+02
3.041056963949051806e+02
3.029442392579540524e+02
3.018061560740624714e+02
3.006974380923159060e+02
2.996144950633233748e+02
2.985601244033445596e+02
2.975339296958141517e+02
2.965355145241665014e+02
2.955644824718360724e+02
2.946236309550827173e+02
2.937125635573410136e+02
2.928276900292197524e+02
2.919718077869790704e+02
2.911445204140532041e+02
2.903486253267021766e+02
2.895805322755350062e+02
2.888430386768114886e+02
2.881325542811406990e+02
2.874550703376078786e+02
2.868037878521800508e+02
2.861814296820334107e+02
2.855907037725276041e+02
2.850279304033713856e+02
2.844958175199244010e+02
2.839938792347208505e+02
2.835216296602947637e+02
2.830785829091805113e+02
2.826610592610866206e+02
2.822781543270238558e+02
2.819198007210498531e+02
2.815919002213497606e+02
2.812939669404577785e+02
2.810223211580826046e+02
2.807796708195838278e+02
2.805623362046703164e+02
2.803762190915269343e+02
2.802176397598626068e+02
2.800861123222113633e+02
2.799811508911075180e+02
2.799022695790851571e+02
2.798521763315039266e+02
2.798271914280725241e+02
2.798265095980426622e+02
2.798528387867738729e+02
2.799047349569528365e+02
2.799817122211135825e+02
2.800832846917903680e+02
2.802089664815173933e+02
2.803585910861113462e+02
2.805316726181063132e+02
2.807277251900366650e+02
2.809462629144363746e+02
2.811867999038397556e+02
2.814491696540634962e+02
2.817325668943591950e+02
2.820368251205437105e+02
2.823611390618684709e+02
2.827050228308677902e+02
2.830686293066408439e+02
2.834508338351568568e+02
2.838511505289498587e+02
2.842690935005541064e+02
2.847044962457863448e+02
2.851559147273330836e+02
2.856235018242935553e+02
2.861061328826369277e+02
2.866036413981798319e+02
2.871149027168914358e+02
2.876394309513058261e+02
2.881768031239186598e+02
2.887265285137881392e+02
2.892881793099342076e+02
2.898613277013764105e+02
2.904465040269822111e+02
2.910423223259238057e+02
2.916489935537857718e+02
2.922660898995880530e+02
2.928931835523503651e+02
2.935295273178097091e+02
2.941753321515511175e+02
2.948298508593116480e+02
2.954926556301111873e+02
2.961633186529693376e+02
2.968414121169057580e+02
2.975265082109403920e+02
2.982181791240928419e+02
2.989159970453828237e+02
2.996195341638302807e+02
3.003280432851721002e+02
3.010414159817107134e+02
3.017592244424657792e+02
3.024804020898920953e+02
3.032048404962917516e+02
3.039317924674020901e+02
3.046608301922427700e+02
3.053915258598335640e+02
3.061231322759116438e+02
3.068549022462141238e+02
3.075867273430433215e+02
3.083178603721365221e+02
3.090472347559482387e+02
3.097750614500633901e+02
3.105002738769365465e+02
3.112221248423049929e+02
3.119405059184708762e+02
3.126543505278888802e+02
3.133635502428614359e+02
3.140670384858429429e+02
3.147640680625708001e+02
3.154545305453471542e+02
3.161373593566266322e+02
3.168121266854290639e+02
3.174777659542090760e+02
3.181341687352688723e+02
3.187802684510632503e+02
3.194156372906117554e+02
3.200392086763691282e+02
3.206508741806376293e+02
3.212495672258718855e+02
3.218349316039153791e+02
3.224065781346239987e+02
3.229651473905248622e+02
3.235071279614720083e+02
3.240373124026658616e+02
3.245528280705255497e+02
3.250539961542958167e+02
3.255411378432211791e+02
3.260113804937209352e+02
3.264650452950396016e+02
3.269024534364219789e+02
3.273271199399380862e+02
3.277329783291816625e+02
3.281235436262228404e+02
3.284991370203063070e+02
3.288536920350258015e+02
3.291939175252767313e+02
3.295169408474784518e+02
3.298198893580502045e+02
3.301094719118873400e+02
3.303764281997583225e+02
3.306274670765586166e+02
3.308597158987074636e+02
3.310734958554494938e+02
3.312659343032039487e+02
3.314405462640409041e+02
3.315976529272049902e+02
3.317343816491153916e+02
3.318510536190167386e+02
3.319447961933283295e+02
3.320223182269456288e+02
3.320775532434624893e+02
3.321108224321234275e+02
3.321224469821732441e+02
3.321159419156818444e+02
3.320884345890685836e+02
3.320370523587525895e+02
3.319653102468039947e+02
3.318703356096419839e+02
3.317556434693366327e+02
3.316183611823071828e+02
3.314588099377982644e+02
3.312805047578800099e+02
3.310773791661461019e+02
3.308497543518412272e+02
3.306011453370355753e+02
3.303318733109736058e+02
3.300358717972492286e+02
3.297198496507579080e+02
3.293777403950933831e+02
3.290162662091941570e+02
3.286294272368685938e+02
3.282208184444443759e+02
3.277908409654235129e+02
3.273367021004827961e+02
3.268588029831243489e+02
3.263575447468503512e+02
3.258365223579885424e+02
3.252897492843899272e+02
3.247240143252078042e+02
3.241333309482932918e+02
3.235212941199741294e+02
3.228851111409268810e+02
3.222283769774793427e+02
3.215482989303079648e+02
3.208484719657406572e+02
3.201261033844539270e+02
3.193847881527754566e+02
3.186217335713820944e+02
3.178373407737757361e+02
3.170320108934586756e+02
3.162061450639330360e+02
3.153633382515266135e+02
3.144976039240904697e+02
3.136125370479522303e+02
3.127085387566141321e+02
3.117828163507529098e+02
3.108389647966960752e+02
3.098773852279459220e+02
3.088984787780044599e+02
3.078994527475485370e+02
3.068839021029056653e+02
3.058490341447526930e+02
3.047984438394170752e+02
3.037293384875756033e+02
3.026453130555558459e+02
3.015435748440346515e+02
3.004245249865140863e+02
2.992917584493216054e+02
2.981456763659596731e+02
2.969834860371049103e+02
2.958055885962593266e+02
2.946123851769252155e+02
2.934074707454301461e+02
2.921880526024508526e+02
2.909545318814895154e+02
2.897105035488737599e+02
2.884531749052802070e+02
2.871829470842112073e+02
2.859034150519941591e+02
2.846149314209970385e+02
2.833144608862249925e+02
2.820021134543742960e+02
2.806811929649668400e+02
2.793518094246990131e+02
2.780140728402669765e+02
2.766680932183671757e+02
2.753107867328705538e+02
2.739454572232986607e+02
2.725722146963480554e+02
2.711911691587148994e+02
2.698024306170957516e+02
2.684061090781867165e+02
2.670023145486842395e+02
2.655911570352846525e+02
2.641759403775096757e+02
2.627535807492302524e+02
2.613273819899682167e+02
2.598942602735942842e+02
2.584543256068049004e+02
2.570140756619472882e+02
2.555672327800669734e+02
2.541139069678600890e+02
2.526605958976740567e+02
2.512010219105541751e+02
2.497416826788476953e+02
2.482794943764255891e+02
2.468145670099841311e+02
2.453502044190450988e+02
2.438833227774793784e+02
2.424172259248087755e+02
2.409488300349041197e+02
2.394814389472872733e+02
2.380183565014799569e+02
2.365533050385276681e+02
2.350927822307775727e+02
2.336305104192751116e+02
2.321729872763674791e+02
2.307203228087511491e+02
2.292678362738841713e+02
2.278204284277011311e+02
2.263775705103331575e+02
2.249396919117591835e+02
2.235069026386755411e+02
2.220799514643436794e+02
2.206592677787424748e+02
2.192456003551333765e+02
2.178390592002125175e+02
2.164403930872416311e+02
2.150500314061993663e+02
2.136683461841683993e+02
2.122961187632110693e+02
2.109327955893633657e+02
2.095787812585086840e+02
2.082344803665306756e+02
2.068996587427477891e+02
2.055744015997609324e+02
2.042591135334537569e+02
2.029538797564271704e+02
2.016587854812822229e+02
2.003739159206198792e+02
1.991003144368887661e+02
1.978374274761248159e+02
1.965859790174940827e+02
1.953463736568801323e+02
1.941183772236013567e+02
1.929023943135413504e+02
1.916988295225836225e+02
1.905074486800467071e+02
1.893286563818140564e+02
1.881625378404867206e+02
1.870091782686655222e+02
1.858686628789517670e+02
1.847413962672287084e+02
1.836274636460974818e+02
1.825272696114415680e+02
1.814405799925795009e+02
1.803677993853947328e+02
1.793093323857708015e+02
1.782649448230262692e+02
1.772350412930445600e+02
1.762193876251441225e+02
1.752187077984911241e+02
1.742327676424039282e+02
1.732616523694836133e+02
1.723057665756136316e+02
1.713645567068299727e+02
1.704390661255811779e+02
1.695290606611857811e+02
1.686346255262446903e+02
1.677558459333589838e+02
1.668934458616947438e+02
1.660468717572877608e+02
1.652168475993042591e+02
1.644028198337800575e+02
1.636055124398812666e+02
1.628250106302088511e+02
1.620607608507988004e+02
1.613134870808171115e+02
1.605829551495822614e+02
1.598692366994083045e+02
1.591723490914614558e+02
1.584926154999036783e+02
1.578294009490491305e+02
1.571830286130596050e+02
1.565535022828146055e+02
1.559408257491932375e+02
1.553450028030749195e+02
1.547660372353389562e+02
1.542036134535821077e+02
1.536577352486836503e+02
1.531287257948055185e+02
1.526159501162618994e+02
1.521200507704972154e+02
1.516403927818256534e+02
1.511772993244090628e+02
1.507301354225617729e+02
1.502992242504454907e+02
1.498845695989396063e+02
1.494855364923583920e+02
1.491027674881461564e+02
1.487353082273346558e+02
1.483834818840856826e+02
1.480472922492786267e+02
1.477264237305101915e+02
1.474205607353771654e+02
1.471300264380413978e+02
1.468545052460996772e+02
1.465940009504313366e+02
1.463478785753505633e+02
1.461164612950192350e+02
1.458994335170341401e+02
1.456964796489919252e+02
1.455072840984895208e+02
1.453315312731236304e+02
1.451695443470561031e+02
1.450206883446011545e+02
1.448846476733555733e+02
1.447614261241986640e+02
1.446507081047272152e+02
1.445521780225379871e+02
1.444658396685102844e+02
1.443910580669583226e+02
1.443278370087614064e+02
1.442758609015163813e+02
1.442344947695373776e+02
1.442040617869863013e+02
1.441839269781773680e+02
1.441734553674247650e+02
1.441732895121729712e+02
1.441821903150917592e+02
1.442003347916638347e+02
1.442276152190100618e+02
1.442639238742513044e+02
1.443091530345083982e+02
1.443628755936196626e+02
1.444253032119884779e+02
1.444960087834532203e+02
1.445748845851346687e+02
1.446618228941537154e+02
1.447567159876312246e+02
1.448594561426879750e+02
1.449696162531623713e+02
1.450870885961752492e+02
1.452117654488473875e+02
1.453435390882997069e+02
1.454819824083705271e+02
1.456269876861806551e+02
1.457781278155684390e+02
1.459352950736546859e+02
1.460983817375603167e+02
1.462669607011235371e+02
1.464409242414653249e+02
1.466198452524239144e+02
1.468036160111201980e+02
1.469921287946749828e+02
1.471846371136440723e+02
1.473813526284308466e+02
1.475818482328735968e+02
1.477856968208106991e+02
1.479927906693629041e+02
1.482027026723686447e+02
1.484150057236661269e+02
1.486299114836587876e+02
1.488466734629023733e+02
1.490648645552352320e+02
1.492846964210607439e+02
1.495054225709346554e+02
1.497269352819778305e+02
1.499488074480285889e+02
1.501706119629252214e+02
1.503922411037886206e+02
1.506132677644570492e+02
1.508335842220513712e+02
1.510524439871273614e+02
1.512697393368059124e+02
1.514850431649252300e+02
1.516979283653237189e+02
1.519082872151221864e+02
1.521153732248764072e+02
1.523191223557211060e+02
1.525196453048464491e+02
1.527161383036088864e+02
1.529093944997775054e+02
1.530986101247086992e+02
1.532836201763240354e+02
1.534648984191100567e+02
1.536419604677057009e+02
1.538149607033150801e+02
1.539834147405771034e+02
1.541474769606957977e+02
1.543066629783101575e+02
1.544614465579067826e+02
1.546113433141245253e+02
1.547561882448850383e+02
1.548958163481096619e+02
1.550303820050025649e+02
1.551597202134852296e+02
1.552833465881965367e+02
1.554014155103406267e+02
1.555137619778388967e+02
1.556202209886129424e+02
1.557206275405841893e+02
1.558151360149567495e+02
1.559032620263695037e+02
1.559851599560265640e+02
1.560606648018493843e+02
1.561299309450420196e+02
1.561921546169609201e+02
1.562474901988100839e+02
1.562964114550760826e+02
1.563377952338328214e+02
1.563721152995668717e+02
1.563992066501997726e+02
1.564189042836529495e+02
1.564310431978479699e+02
1.564354583907062874e+02
1.564323042434319859e+02
1.564214157539465475e+02
1.564023085368888815e+02
1.563751369734631282e+02
1.563400554448732578e+02
1.562962601824756916e+02
1.562445443340395741e+02
1.561837847476387822e+02
1.561147745710424317e+02
1.560370294188894889e+02
1.559500649058188912e+02
1.558543547963172387e+02
1.557497340883060417e+02
1.556360502949942486e+02
1.555132009907407848e+02
1.553814156484746150e+02
1.552406043578420736e+02
1.550909965917720967e+02
1.549321830566285314e+02
1.547643932253403136e+02
1.545875371875538065e+02
1.544021637994805189e+02
1.542075443842016966e+02
1.540042277979288485e+02
1.537918047470258216e+02
1.535705047044215519e+02
1.533405571430448902e+02
1.531018721525423132e+02
1.528546792058427286e+02
1.525985690093099265e+02
1.523337710358728998e+02
1.520608341417430722e+02
1.517790296500017746e+02
1.514892258001430037e+02
1.511910132985306063e+02
1.508843022348109741e+02
1.505699608484781322e+02
1.502472604626133545e+02
1.499164305501455772e+02
1.495780199672862523e+02
1.492316194203992836e+02
1.488774583824135505e+02
1.485157663262579604e+02
1.481464533415789901e+02
1.477697489013054621e+02
1.473855630950837678e+02
1.469941253958429570e+02
1.465953458932292790e+02
1.461900928267368442e+02
1.457779569027294144e+02
1.453591675941359824e+02
1.449339543738854559e+02
1.445025467149067424e+02
1.440651740901288349e+02
1.436217465891980396e+02
1.431724936850433210e+02
1.427173254673110705e+02
1.422571101754952849e+02
1.417911191326772666e+02
1.413199011950685247e+02
1.408440052188805112e+02
1.403627025271945001e+02
1.398771807427870613e+02
1.393870068232412507e+02
1.388926108808643676e+02
1.383940798959004610e+02
1.378911814653109502e+02
1.373840025693397990e+02
1.368729495715136011e+02
1.363577900687938325e+02
1.358386110414244001e+02
1.353154994696493247e+02
1.347888617169951715e+02
1.342584653804233596e+02
1.337243974401778814e+02
1.331870642597853305e+02
1.326462334362070692e+02
1.321026307162522926e+02
1.315560236968823347e+02
1.310064993583412445e+02
1.304544640641555588e+02
1.299000047945692415e+02
1.293432085298263416e+02
1.287841622501707946e+02
1.282229529358466209e+02
1.276599869503803859e+02
1.270950318907334804e+02
1.265288135037150425e+02
1.259607800030039471e+02
1.253916571354092611e+02
1.248215318811750194e+02
1.242501718372626414e+02
1.236783027504812225e+02
1.231056922177921962e+02
1.225327466027220851e+02
1.219595528855149382e+02
1.213865174296972924e+02
1.208134078322305385e+02
1.202409498399238004e+02
1.196692304330210277e+02
1.190980172084837534e+02
1.185280359131209735e+02
1.179593735271767230e+02
1.173917976476124636e+02
1.168260340212372626e+02
1.162621696282950836e+02
1.156999720657474171e+02
1.151401670804033159e+02
1.145825222692242562e+02
1.140277633790193192e+02
1.134756580067499243e+02
1.129269318992251954e+02
1.123813526534065517e+02
1.118396140218399069e+02
1.113016430134531447e+02
1.107673346429110808e+02
1.102369033081610183e+02
1.097105634071501754e+02
1.091882099545434102e+02
1.086697379650053676e+02
1.081553618364834364e+02
1.076449765836423040e+02
1.071387966044292739e+02
1.066367169135091331e+02
1.061389519088291706e+02
1.056453966050541027e+02
1.051562654001312609e+02
1.046717726920079059e+02
1.041918134953488391e+02
1.037166022081012926e+02
1.032460338449300821e+02
1.027803228037824681e+02
1.023193640993232094e+02
1.018633721294995951e+02
1.014125612922589141e+02
1.009665072189833950e+02
1.005254243076203124e+02
1.000898463393995570e+02
9.965934894570327174e+01
9.923414652447878836e+01
9.881445347367336751e+01
9.840048419123431245e+01
9.799181430854387997e+01
9.758929699011443404e+01
9.719250786732816039e+01
9.680166133813237650e+01
9.641665241719181267e+01
9.603769550245375797e+01
9.566500499186554407e+01
9.529815651680934252e+01
9.493768385851502956e+01
9.458316264836479093e+01
9.423512666758843181e+01
9.389347093085076779e+01
9.355809045281651493e+01
9.322951901471554947e+01
9.290733224793001455e+01
9.259174455040725604e+01
9.228297032009454881e+01
9.198122395493919612e+01
9.168576170304086759e+01
9.139743672891192716e+01
9.111582466393460322e+01
9.084112964463173512e+01
9.057351476182839178e+01
9.031249407836011756e+01
9.005853980691007621e+01
8.981148539359637084e+01
8.957148366781963489e+01
8.933804869241537006e+01
8.911165268006676854e+01
8.889180969360934625e+01
8.867931132900886837e+01
8.847303288253576170e+01
8.827376595015572036e+01
8.808134397798683324e+01
8.789560041214721764e+01
8.771636869875494824e+01
8.754348228392808551e+01
8.737741338034977900e+01
8.721799543413816025e+01
8.706474250812873095e+01
8.691812681500472593e+01
8.677798180088413460e+01
8.664382152860257236e+01
8.651611821084318876e+01
8.639438591044149973e+01
8.627909684008068325e+01
8.616976506259631208e+01
8.606654340738897702e+01
8.596926532057678116e+01
8.587776424827778499e+01
8.579187363661010579e+01
8.571206569825687893e+01
8.563785449605366296e+01
8.556907347611853254e+01
8.550555608456959078e+01
8.544745515080744269e+01
8.539492350423272171e+01
8.534715582439841342e+01
8.530462432398771000e+01
8.526684306583612738e+01
8.523396487934431320e+01
8.520582321063032794e+01
8.518257088909480501e+01
8.516372197757331719e+01
8.514910992218389651e+01
8.513888755232720484e+01
8.513288831412130264e+01
8.513094565368427880e+01
8.513289301713422219e+01
8.513856385058922172e+01
8.514811098344989659e+01
8.516074550098535667e+01
8.517702164445935864e+01
8.519655191100420666e+01
8.521958756431718029e+01
8.524574110153058371e+01
8.527526378634173909e+01
8.530776811588292219e+01
8.534318597056892486e+01
8.538208799737962806e+01
8.542376731016473457e+01
8.546815578933906465e+01
8.551550469859996895e+01
8.556542653507968055e+01
8.561785317919301974e+01
8.567303589463732294e+01
8.573058717854483746e+01
8.579043891133036936e+01
8.585252297340873895e+01
8.591709062847725420e+01
8.598343499038567472e+01
8.605180732283130851e+01
8.612213950622894743e+01
8.619404403771088141e+01
8.626809156425696301e+01
8.634325581643439307e+01
8.641978805794052221e+01
8.649793955247265842e+01
8.657700341388051868e+01
8.665723090586148203e+01
8.673855390883031191e+01
8.682058491991928406e+01
8.690293643626064579e+01
8.698617910483430649e+01
8.706960603948992627e+01
8.715346850392491262e+01
8.723737899527147022e+01
8.732126939394444776e+01
8.740507158035862290e+01
8.748839805164622874e+01
8.757118068822208556e+01
8.765335137050101366e+01
8.773484197889779068e+01
8.781558439382719428e+01
8.789487172913896984e+01
8.797295524853046800e+01
8.804976683241646640e+01
8.812491897792922657e+01
8.819834356548355458e+01
8.826965309221171196e+01
8.833877943852846215e+01
8.840599747629714500e+01
8.847071836019715363e+01
8.853301561963897370e+01
8.859296278403304825e+01
8.865063338278983451e+01
8.870578156203728781e+01
8.875848085118580855e+01
8.880880477964591080e+01
8.885650749354549305e+01
8.890166252229499833e+01
8.894434339530494071e+01
8.898398487542063151e+01
8.902129925861765969e+01
8.905572130774139339e+01
8.908700516891971688e+01
8.911586313812821913e+01
8.914172997821226829e+01
8.916435983529977705e+01
8.918446500536627752e+01
8.920116086797462174e+01
8.921484033581779727e+01
8.922557693830628978e+01
8.923280543828543898e+01
8.923691874844827510e+01
8.923799039820526957e+01
8.923545515040176213e+01
8.922938653444823842e+01
8.921985807975514149e+01
8.920662393245041244e+01
8.919007700522703885e+01
8.916965206093040308e+01
8.914574201225349270e+01
8.911810100532423462e+01
8.908648318627058416e+01
8.905128146778548626e+01
8.901193061271436591e+01
8.896882353375016805e+01
8.892171437702086223e+01
8.887035728865434692e+01
8.881514518134363811e+01
8.875583220121662009e+01
8.869217249440126238e+01
8.862392020702544926e+01
8.855178763506474127e+01
8.847489015808194779e+01
8.839394007205264359e+01
8.830837213982218259e+01
8.821794050751849170e+01
8.812335747111711726e+01
8.802373841018089706e+01
8.791980419593249962e+01
8.781103246745284707e+01
8.769754820563514386e+01
8.757947639137252338e+01
8.745694200555814746e+01
8.732975064580264757e+01
8.719770790971664098e+01
8.706125816147581986e+01
8.692020699869082989e+01
8.677467940225477605e+01
8.662448096977831824e+01
8.646973668215458986e+01
8.631025213699425080e+01
8.614647169847296482e+01
8.597820096420139180e+01
8.580524553179009217e+01
8.562836914869735949e+01
8.544673864596867929e+01
8.526111777106235934e+01
8.507099273830642971e+01
8.487680791187662521e+01
8.467868827266606502e+01
8.447612003500285027e+01
8.426954756306268735e+01
8.405909583773873806e+01
8.384425107335904670e+01
8.362545763409934807e+01
8.340284050085281820e+01
8.317620527123003171e+01
8.294567692612416465e+01
8.271169982971092338e+01
8.247376019631839483e+01
8.223198300683972661e+01
8.198681262545063930e+01
8.173805464976172175e+01
8.148583406066614998e+01
8.122995645577455548e+01
8.097086619926261619e+01
8.070836888874097781e+01
8.044258950510277373e+01
8.017333364595863543e+01
7.990104567548428349e+01
7.962585057457283710e+01
7.934755394083492774e+01
7.906660013844630441e+01
7.878279476501752754e+01
7.849594341815922860e+01
7.820680984532970115e+01
7.791519964413949140e+01
7.762123779548181801e+01
7.732471888557462592e+01
7.702603222163033081e+01
7.672491733290365801e+01
7.642143313193187737e+01
7.611563853125221613e+01
7.580791182668444605e+01
7.549767316420070529e+01
7.518562022290339542e+01
7.487117314876462615e+01
7.455502962088675645e+01
7.423660978524193865e+01
7.391661132093247488e+01
7.359445437393056011e+01
7.327051724005596611e+01
7.294517821512849309e+01
7.261785744512029339e+01
7.228893322585115300e+01
7.195878385314087211e+01
7.162682947296158886e+01
7.129376776441567642e+01
7.095933825675778905e+01
7.062328047924263785e+01
7.028629211097259599e+01
6.994811268120233194e+01
6.960912048575164590e+01
6.926873567059267600e+01
6.892765591482779541e+01
6.858562074771165840e+01
6.824300846506409357e+01
6.789987797942232817e+01
6.755628820332360362e+01
6.721229804930518981e+01
6.686796642990432815e+01
6.652335225765823168e+01
6.617915321166925935e+01
6.583447005462706159e+01
6.549000046563388366e+01
6.514612274050959684e+01
6.480225702522629661e+01
6.445878161560382580e+01
6.411575542417941165e+01
6.377323736349026717e+01
6.343160572935624941e+01
6.309091943431455718e+01
6.275091800761990868e+01
6.241229912837462734e+01
6.207480232583341007e+01
6.173848651253351250e+01
6.140372998429474194e+01
6.107027227037177397e+01
6.073847430758247867e+01
6.040830821345439006e+01
6.007972874651314044e+01
5.975269066528437634e+01
5.942746811157622489e+01
5.910369646063179516e+01
5.878196923754176595e+01
5.846160243426670178e+01
5.814350895917983308e+01
5.782700480424168887e+01
5.751268349454299766e+01
5.720018040532683301e+01
5.688976967840134336e+01
5.658108668900963778e+01
5.627472496224238796e+01
5.597031987334268166e+01
5.566814556411870996e+01
5.536783740981351087e+01
5.506998893551783425e+01
5.477391613319218067e+01
5.448053191120980188e+01
5.418915226153124109e+01
5.390005132596468229e+01
5.361382262960081846e+01
5.332946278111761984e+01
5.304788468888837372e+01
5.276872372815613943e+01
5.249225404072907963e+01
5.221843038513281243e+01
5.194688813661042559e+01
5.167822082025261921e+01
5.141206381130249525e+01
5.114869125156817375e+01
5.088805789957531545e+01
5.063043789713208298e+01
5.037578600276406604e+01
5.012373759171435950e+01
4.987488618907369187e+01
4.962918655336765994e+01
4.938659344312188182e+01
4.914706161686199692e+01
4.891086521639615370e+01
4.867763961696744701e+01
4.844797834366656275e+01
4.822151677173659579e+01
4.799820965970316422e+01
4.777833114937443781e+01
4.756183599927604178e+01
4.734899835121611034e+01
4.713945358043774547e+01
4.693346837863089860e+01
4.673096025373014584e+01
4.653215864683438241e+01
4.633665423247740733e+01
4.614499583504071012e+01
4.595645474577551681e+01
4.577157978906331692e+01
4.559028102272045402e+01
4.541214912128073422e+01
4.523773290912559730e+01
4.506662306078889912e+01
4.489904901736950649e+01
4.473492083668377717e+01
4.457414857654810447e+01
4.441664229477881776e+01
4.426263143247482645e+01
4.411202604745250966e+01
4.396473619752821094e+01
4.382067194051828096e+01
4.368006271752163627e+01
4.354249920307209720e+01
4.340853022155110352e+01
4.327774644749246846e+01
4.315037732199511566e+01
4.302633290287537449e+01
4.290552324794963113e+01
4.278785841503421494e+01
4.267324846194551924e+01
4.256192282978243213e+01
4.245379157636131850e+01
4.234844537621597738e+01
4.224643305372787694e+01
4.214734528343081621e+01
4.205141150642371173e+01
4.195822239724038383e+01
4.186800739697972062e+01
4.178099594674063866e+01
4.169645933777439950e+01
4.161494639446245714e+01
4.153636717462116223e+01
4.146031235278434934e+01
4.138701137005090658e+01
4.131637428423719172e+01
4.124799176987701799e+01
4.118241265135185358e+01
4.111954698647804207e+01
4.105898544978940379e+01
4.100063809910229651e+01
4.094473437551563677e+01
4.089118433684574683e+01
4.083990479536525697e+01
4.079083958117168152e+01
4.074393927881872912e+01
4.069947385614272406e+01
4.065707451441486597e+01
4.061669183818889195e+01
4.057859579530109073e+01
4.054241758702267617e+01
4.050842718118993702e+01
4.047657516235661035e+01
4.044649273179390292e+01
4.041844985733811768e+01
4.039239712354297751e+01
4.036828511496224081e+01
4.034574503286710723e+01
4.032536622837642426e+01
4.030677990276139155e+01
4.028993664057574620e+01
4.027446764309067362e+01
4.026096226142503554e+01
4.024905169685003870e+01
4.023868653391941308e+01
4.023013674046945454e+01
4.022271413448881816e+01
4.021700806709634435e+01
4.021233035628068819e+01
4.020927035316069009e+01
4.020745925900754969e+01
4.020652827509243821e+01
4.020706675253424578e+01
4.020870589260414363e+01
4.021139627985587595e+01
4.021476911556064238e+01
4.021941375083730463e+01
4.022464200367450360e+01
4.023104322519105835e+01
4.023792923337565952e+01
4.024556999606456742e+01
4.025359671452899590e+01
4.026259873988779248e+01
4.027156850684703215e+01
4.028109536652560507e+01
4.029112990347722700e+01
4.030130331897309048e+01
4.031156619756696102e+01
4.032186912381257571e+01
4.033216268226368584e+01
4.034239745747402139e+01
4.035252403399735499e+01
4.036249299638742372e+01
4.037226709966522264e+01
4.038153839743825557e+01
4.039033049706383594e+01
4.039898638918180040e+01
4.040689091458435911e+01
4.041470644719392169e+01
4.042213721108522861e+01
4.042920681361560042e+01
4.043561947885978469e+01
4.044171819745762519e+01
4.044752657676641405e+01
4.045274884086094858e+01
4.045708921381594791e+01
4.046121006955382171e+01
4.046481563214933885e+01
4.046792950895977725e+01
4.047025592405990579e+01
4.047181848480703081e+01
4.047296018184101030e+01
4.047338523923658471e+01
4.047311726435106038e+01
4.047217986454174365e+01
4.047059664716594085e+01
4.046807183629839955e+01
4.046462903929643318e+01
4.046061124679989263e+01
4.045540329960097381e+01
4.044934818833953472e+01
4.044246952037288168e+01
4.043479090305832102e+01
4.042601656047060033e+01
4.041617009996702592e+01
4.040495574562235959e+01
4.039303587135898255e+01
4.037979531796912624e+01
4.036557707609262735e+01
4.035008536980424765e+01
4.033334380646128636e+01
4.031537599342104272e+01
4.029620553804083727e+01
4.027553666439541047e+01
4.025371236312462031e+01
4.023043685830321436e+01
4.020573375728849896e+01
4.017962666743778044e+01
4.015181981282582768e+01
4.012265618409247026e+01
4.009184000531247705e+01
4.005971426712569183e+01
4.002566381032432474e+01
3.999003768641750156e+01
3.995288980710886051e+01
3.991364137840623982e+01
3.987331052273017917e+01
3.983099906280598645e+01
3.978708635448910513e+01
3.974163237035245544e+01
3.969437769968642016e+01
3.964538231506390531e+01
3.959502557234038989e+01
3.954304806080622825e+01
3.948919036975181029e+01
3.943383185503259369e+01
3.937703248922149157e+01
3.931853286160887961e+01
3.925839294476768515e+01
3.919667271127082131e+01
3.913343213369119411e+01
3.906841180131920765e+01
3.900199107001029120e+01
3.893391052905483463e+01
3.886423015102575107e+01
3.879332929177851241e+01
3.872062915732093558e+01
3.864650910350849955e+01
3.857070971963156580e+01
3.849361036154559912e+01
3.841495161854097518e+01
3.833511284647314454e+01
3.825351525134996677e+01
3.817053818902687112e+01
3.808624163207679914e+01
3.800068555307265683e+01
3.791361054130482700e+01
3.782507656934622986e+01
3.773514360976975723e+01
3.764419101843090942e+01
3.755164000133748203e+01
3.745786991434496827e+01
3.736294073002626703e+01
3.726659303767176112e+01
3.716920619313690821e+01
3.707052078571208398e+01
3.697059678797019444e+01
3.686949417248418115e+01
3.676759229510949467e+01
3.666431236185397324e+01
3.656003372857306033e+01
3.645449698455714582e+01
3.634808148566168029e+01
3.624084345961845344e+01
3.613250477151208884e+01
3.602310292486860277e+01
3.591267542321404704e+01
3.580157915335699670e+01
3.568921285225837181e+01
3.557625279000931329e+01
3.546209770357074831e+01
3.534742386303379647e+01
3.523163000535940625e+01
3.511507301735615982e+01
3.499747101926752890e+01
3.487918089790208143e+01
3.475992077350333886e+01
3.464004753287983362e+01
3.451959867955761752e+01
3.439797295049763903e+01
3.427584661579099645e+01
3.415325717896372737e+01
3.402960337697679449e+01
3.390556147992130320e+01
3.378084960804071812e+01
3.365582464814364272e+01
3.352988533719100417e+01
3.340370794527392206e+01
3.327701059263588945e+01
3.314951139952038517e+01
3.302188663601853591e+01
3.289385442237382762e+01
3.276577164539482823e+01
3.263703704204247913e+01
3.250800749912536247e+01
3.237872052016950164e+01
3.224921360870093423e+01
3.211984365152822818e+01
3.199000938561232843e+01
3.186006769776181002e+01
3.173037547478525155e+01
3.160065083692612475e+01
3.147061190442793333e+01
3.134093494738178975e+01
3.121165746931370677e+01
3.108217820718466484e+01
3.095317343108575159e+01
3.082436126126046005e+01
3.069609858451736883e+01
3.056810352109996742e+01
3.044041357453427210e+01
3.031338563162887567e+01
3.018673781262725342e+01
3.006049891355696602e+01
2.993530166701676976e+01
2.981017318169421415e+01
2.968605686597212312e+01
2.956229921182062625e+01
2.943920486105742995e+01
2.931675907221773514e+01
2.919462772055418398e+01
2.907343483116708427e+01
2.895252689602649454e+01
2.883252794023274390e+01
2.871278445575589444e+01
2.859392046769625750e+01
2.847560185130645394e+01
2.835781386512169178e+01
2.824086115095971650e+01
2.812440958407314895e+01
2.800876380627974527e+01
2.789358969283215117e+01
2.777951126883064248e+01
2.766587502624532391e+01
2.755298560689393383e+01
2.744114765259421063e+01
2.732970765531624835e+01
2.721928964016033348e+01
2.710955948237911528e+01
2.700050244050778758e+01
2.689242315636407454e+01
2.678530688848318775e+01
2.667881951211775515e+01
2.657326566908552934e+01
2.646863061792168637e+01
2.636489961716142716e+01
2.626237730862249364e+01
2.616041018427497988e+01
2.605962226921916880e+01
2.595967943870771322e+01
2.586088633455833730e+01
2.576290883202370097e+01
2.566605157292154260e+01
2.557029981578704181e+01
2.547563881915539596e+01
2.538173445827925079e+01
2.528921075825889275e+01
2.519805297762950858e+01
2.510760760836121008e+01
2.501881805883680698e+01
2.493103082102642531e+01
2.484423115346523048e+01
2.475904308125351960e+01
2.467481023042591559e+01
2.459214229640528160e+01
2.451036857554885273e+01
2.443009589734400677e+01
2.435097294143051982e+01
2.427328715401324644e+01
2.419700659801447884e+01
2.412177995307398604e+01
2.404757528211406736e+01
2.397499941462213613e+01
2.390370103023794002e+01
2.383332880860124092e+01
2.376480896248198604e+01
2.369715140495484107e+01
2.363096296550721220e+01
2.356589232377884358e+01
2.350222692597461105e+01
2.343993483501680686e+01
2.337898411382773034e+01
2.331902344204715760e+01
2.326065964916248063e+01
2.320354141481345067e+01
2.314763680192239548e+01
2.309291387341160018e+01
2.303966007548592643e+01
2.298752408778513967e+01
2.293679335651408380e+01
2.288743594459506170e+01
2.283941991495039758e+01
2.279239394721983558e+01
2.274696487089077834e+01
2.270278136560298421e+01
2.265981149427877384e+01
2.261802331984043590e+01
2.257770428849282851e+01
2.253882246315825810e+01
2.250102652347649013e+01
2.246460391565236847e+01
2.242920331932566214e+01
2.239511218070122212e+01
2.236261794598389230e+01
2.233104991153090069e+01
2.230069552354708762e+01
2.227168253659603536e+01
2.224385126028704107e+01
2.221726557252716105e+01
2.219186159791046009e+01
2.216767127601574572e+01
2.214463073143707206e+01
2.212277190375325375e+01
