# t_k
1.102269500000000000e+07
1.102269200000000000e+07
1.102268800000000000e+07
1.102268500000000000e+07
1.102267900000000000e+07
1.102267300000000000e+07
1.102266700000000000e+07
1.102265700000000000e+07
1.102264600000000000e+07
1.102263300000000000e+07
1.102261700000000000e+07
1.102259700000000000e+07
1.102257200000000000e+07
1.102254400000000000e+07
1.102250700000000000e+07
1.102246400000000000e+07
1.102241000000000000e+07
1.102234500000000000e+07
1.102226600000000000e+07
1.102217000000000000e+07
1.102205200000000000e+07
1.102190800000000000e+07
1.102173300000000000e+07
1.102152100000000000e+07
1.102126200000000000e+07
1.102094500000000000e+07
1.102056100000000000e+07
1.102009300000000000e+07
1.101952300000000000e+07
1.101883100000000000e+07
1.101798900000000000e+07
1.101696500000000000e+07
1.101572200000000000e+07
1.101421300000000000e+07
1.101238400000000000e+07
1.101017100000000000e+07
1.100749400000000000e+07
1.100426200000000000e+07
1.100036900000000000e+07
1.099568800000000000e+07
1.099007800000000000e+07
1.098337200000000000e+07
1.097538800000000000e+07
1.096591600000000000e+07
1.095472900000000000e+07
1.094157800000000000e+07
1.092619100000000000e+07
1.090827300000000000e+07
1.088750400000000000e+07
1.086353200000000000e+07
1.083596200000000000e+07
1.080436100000000000e+07
1.076824800000000000e+07
1.072709500000000000e+07
1.068033900000000000e+07
1.062737400000000000e+07
1.056755300000000000e+07
1.050019500000000000e+07
1.042459200000000000e+07
1.034001300000000000e+07
1.024570400000000000e+07
1.014088500000000000e+07
1.002475600000000000e+07
9.896504000000000000e+06
9.755321000000000000e+06
9.600405000000000000e+06
9.430938000000000000e+06
9.246106000000000000e+06
9.045110000000000000e+06
8.827166000000000000e+06
8.591499000000000000e+06
8.337391500000000000e+06
8.064188500000000000e+06
7.771381000000000000e+06
7.458673500000000000e+06
7.126135500000000000e+06
6.774371500000000000e+06
6.404776500000000000e+06
6.019823000000000000e+06
5.623384000000000000e+06
5.221007500000000000e+06
4.820031500000000000e+06
4.429365500000000000e+06
4.058707500000000000e+06
3.715532250000000000e+06
3.420321750000000000e+06
3.179957750000000000e+06
2.978091500000000000e+06
2.802061000000000000e+06
2.642795000000000000e+06
2.491682500000000000e+06
2.344216500000000000e+06
2.199903250000000000e+06
2.061164250000000000e+06
1.931155500000000000e+06
1.812356000000000000e+06
1.682889000000000000e+06
1.574798875000000000e+06
1.487078375000000000e+06
1.415222500000000000e+06
1.352759875000000000e+06
1.293960500000000000e+06
1.235316125000000000e+06
1.175571750000000000e+06
1.115238750000000000e+06
1.055970125000000000e+06
9.999205000000000000e+05
9.491966875000000000e+05
9.052152500000000000e+05
8.680413750000000000e+05
8.363620625000000000e+05
8.082688750000000000e+05
7.820291250000000000e+05
7.562709375000000000e+05
7.300248125000000000e+05
7.030186875000000000e+05
6.758063750000000000e+05
6.493553750000000000e+05
6.245056250000000000e+05
6.017833750000000000e+05
5.814387500000000000e+05
5.634034375000000000e+05
5.472447500000000000e+05
5.323085000000000000e+05
5.179620312500000000e+05
5.037495000000000000e+05
4.894436875000000000e+05
4.750580000000000000e+05
4.608042500000000000e+05
4.469832812500000000e+05
4.338696562500000000e+05
4.216454375000000000e+05
4.103712812500000000e+05
3.999780312500000000e+05
3.902937812500000000e+05
3.811050625000000000e+05
3.722151562500000000e+05
3.634783125000000000e+05
3.548203750000000000e+05
3.462491875000000000e+05
3.378384375000000000e+05
3.296864062500000000e+05
3.218757812500000000e+05
3.144561250000000000e+05
3.074400937500000000e+05
3.008020312500000000e+05
2.944822500000000000e+05
2.884053437500000000e+05
2.825052500000000000e+05
2.767390312500000000e+05
2.710856562500000000e+05
2.655405625000000000e+05
2.601168125000000000e+05
2.548439218750000000e+05
2.497532812500000000e+05
2.448593437500000000e+05
2.401564062500000000e+05
2.356305625000000000e+05
2.312677031250000000e+05
2.270486718750000000e+05
2.229475156250000000e+05
2.189421093750000000e+05
2.150242500000000000e+05
2.111965625000000000e+05
2.074625937500000000e+05
2.038240937500000000e+05
2.002848281250000000e+05
1.968509218750000000e+05
1.935248906250000000e+05
1.903013125000000000e+05
1.871695937500000000e+05
1.841205468750000000e+05
1.811489218750000000e+05
1.782505156250000000e+05
1.754193281250000000e+05
1.726501250000000000e+05
1.699425312500000000e+05
1.673000312500000000e+05
1.647244218750000000e+05
1.622134687500000000e+05
1.597642031250000000e+05
1.573758593750000000e+05
1.550479843750000000e+05
1.527770312500000000e+05
1.505573906250000000e+05
1.483854375000000000e+05
1.462609843750000000e+05
1.441840468750000000e+05
1.421524375000000000e+05
1.401634843750000000e+05
1.382169218750000000e+05
1.363140937500000000e+05
1.344548125000000000e+05
1.326362343750000000e+05
1.308557343750000000e+05
1.291127968750000000e+05
1.274075390625000000e+05
1.195187421875000000e+05
8.538524218750000000e+04
5.950501562500000000e+04
4.123367578125000000e+04
2.842714062500000000e+04
1.950808593750000000e+04
1.333174609375000000e+04
9.076554687500000000e+03
6.158374511718750000e+03
4.165398437500000000e+03
2.809365234375000000e+03
1.889848266601562500e+03
1.268248413085937500e+03
8.492269287109375000e+02
5.674898071289062500e+02
