# ee
3.318207091937092068e-02
5.573317778708829218e-02
6.447454172834056474e-02
5.895077113631579796e-02
4.495473391766638405e-02
2.951186186558086080e-02
1.744633767281559070e-02
1.033256119777196252e-02
7.287176236806879905e-03
6.435335804822561387e-03
6.174040103918842712e-03
5.716858688739352018e-03
5.025621598293785255e-03
4.410907099601939045e-03
4.155465336601303801e-03
4.253544670882214961e-03
4.611880745992819226e-03
5.077805141046331204e-03
5.512220858982382586e-03
5.956338450097613951e-03
6.505990293038726655e-03
7.235319887196852047e-03
8.202258683279284313e-03
9.395978833666119787e-03
1.079237335362055218e-02
1.236257677223505033e-02
1.407075068462627747e-02
1.593968834174009155e-02
1.799592121808957570e-02
2.021473462001789276e-02
2.258868494633394994e-02
2.509198486966870978e-02
2.775619009328934850e-02
3.058125488457307320e-02
3.358408333371765836e-02
3.679047899693347473e-02
4.020040804617606295e-02
4.382365053421743983e-02
4.767460869202549967e-02
5.176463976670740708e-02
5.609249040451051022e-02
6.065361617329755040e-02
6.544168845563302916e-02
7.044804073610455575e-02
7.566518438253264089e-02
8.110006302936297040e-02
8.675753744183260785e-02
9.264185314886892730e-02
9.876648422404503413e-02
1.051425269571151649e-01
1.117678750846993890e-01
1.186343531417404507e-01
1.257344008994908668e-01
1.330616886018225753e-01
1.406073853157703002e-01
1.483748039081696501e-01
1.563721389047355581e-01
1.646082000674927714e-01
1.730856447953688093e-01
1.818049703383658733e-01
1.907580333507854498e-01
1.999351455743131889e-01
2.093260035143252595e-01
2.189221493851269129e-01
2.287113775437064345e-01
2.386886394249345678e-01
2.488482147879133299e-01
2.591862291006742924e-01
2.696994230675585080e-01
2.803859988656070001e-01
2.912420064906333650e-01
3.022618812296024027e-01
3.134351364790013417e-01
3.247506703990076238e-01
3.361959321341810858e-01
3.477624185475673979e-01
3.594407927229043564e-01
3.712223329802392668e-01
3.830983176396198786e-01
3.950595998412523291e-01
4.070965624785971571e-01
4.191979327926537713e-01
4.313530532607317558e-01
4.435506511238306859e-01
4.557813996791357236e-01
4.680339126676179573e-01
4.802975194138146553e-01
4.925615492422628638e-01
5.048116400596414088e-01
5.170366954240342983e-01
5.292245310640235623e-01
5.413631521780468692e-01
5.534424096734719134e-01
5.654496935124272428e-01
5.773736241296606453e-01
5.892022067236104554e-01
6.009228312564052210e-01
6.125241181627928411e-01
6.239965335864503526e-01
6.353280827258160901e-01
6.465006184162310765e-01
6.575144505823280472e-01
6.683452796963506026e-01
6.789872633198342777e-01
6.894284066512174070e-01
6.996628672520354142e-01
7.096724979576293224e-01
7.194514563295344445e-01
7.289815952030918034e-01
7.382571665301338459e-01
7.472727998236803337e-01
7.560109142608535393e-01
7.644600813818732687e-01
7.726211774531531740e-01
7.804827740149125059e-01
7.880272902442740923e-01
7.952556024076514740e-01
8.021562820452644571e-01
8.087240530604294930e-01
8.149474869933663879e-01
8.208213077473914820e-01
8.263402392258216711e-01
8.314928529688765391e-01
8.362800252429697379e-01
8.406903275883210735e-01
8.447246362713444201e-01
8.483715228322590285e-01
8.516318635374789947e-01
8.544942299272239028e-01
8.569597309241728800e-01
8.590304060760673988e-01
8.606962228607200061e-01
8.619717582083314955e-01
8.628408272336173246e-01
8.633118545036815306e-01
8.633809598594336387e-01
8.630565678679773534e-01
8.623347983702224218e-01
8.612179235701759028e-01
8.597205203980387012e-01
8.578325563316232527e-01
8.555624559380331506e-01
8.529186437843730983e-01
8.498972397115522881e-01
8.465128206497719576e-01
8.427738111661361442e-01
8.386824834646512405e-01
8.342472621124217280e-01
8.294765716765513108e-01
8.243788460510601546e-01
8.189625564376319389e-01
8.132423357279642273e-01
8.072328168137539173e-01
8.009363278605036163e-01
7.943736541230080883e-01
7.875471237667699409e-01
7.804836744096809165e-01
7.731856342172432894e-01
7.656737884442518238e-01
7.579627699824038611e-01
7.500672117233960767e-01
7.420140512851203241e-01
7.338056168330794327e-01
7.254626936220677225e-01
7.170060669068795134e-01
7.084565219423090143e-01
6.998348439831509893e-01
6.911618182841994251e-01
6.824520777371517744e-01
6.737325599598994463e-01
6.650240502072367610e-01
6.563473337339582603e-01
6.477231957948581531e-01
6.391847263709252713e-01
6.307466020776733018e-01
6.224421315151739131e-01
6.142923622811208295e-01
6.063183419732079971e-01
5.985534229153232078e-01
5.910248050682577192e-01
5.837596883928023450e-01
5.767791204866510313e-01
5.701164536736917920e-01
5.638050402778128634e-01
5.578659278967079693e-01
5.523269317274778212e-01
5.472238650392494685e-01
5.425851582654332983e-01
5.384417027846786219e-01
5.348225442667055018e-01
5.317591893264729253e-01
5.292819141063207500e-01
5.274228404575173057e-01
5.262140902313314772e-01
5.256877852790320382e-01
5.258772779245071138e-01
5.268146900190254778e-01
5.285321434138556818e-01
5.310617599602666106e-01
5.344367129333341682e-01
5.386851527587174226e-01
5.438356660495726747e-01
5.499162241827472153e-01
5.569554137713973452e-01
5.649805909560599027e-01
5.740209575862015301e-01
5.841044850386689635e-01
5.952585294539992633e-01
6.075122926816587388e-01
6.208943613348036905e-01
6.354314763176618364e-01
6.511528394796992636e-01
6.680870374340726059e-01
6.862565044308410744e-01
7.056965946825682900e-01
7.264297424393133529e-01
7.484783819511359182e-01
7.718772521942895981e-01
7.966487874188337148e-01
8.228154218748275905e-01
8.504118945385249484e-01
8.794544872968882432e-01
9.099717867630733314e-01
9.419800748240430011e-01
9.755140904560509751e-01
1.010596267909156243e+00
1.047242889070321148e+00
1.085482540552701769e+00
1.125337656606358427e+00
1.166818366755155489e+00
1.209953257612249589e+00
1.254764763427699714e+00
1.301269166088468543e+00
1.349488899844615286e+00
1.399446398946199155e+00
1.451145640553987759e+00
1.504609058918040754e+00
1.559846783562222949e+00
1.616887401099691202e+00
1.675741041054309877e+00
1.736417832949944451e+00
1.798934058673557157e+00
1.863299847749012361e+00
1.929531482063272296e+00
1.997626786414007816e+00
2.067608195051278575e+00
2.139485837498948051e+00
2.213257538554689319e+00
2.288945732468559591e+00
2.366535027778333244e+00
2.446037148702461028e+00
2.527444450836398904e+00
2.610761594501798122e+00
2.695974782931017000e+00
2.783088676445706788e+00
2.872095630641323893e+00
2.962981848750227520e+00
3.055751991094067588e+00
3.150392260905204633e+00
3.246895013779093730e+00
3.345252605311192617e+00
3.445457391096955924e+00
3.547495574368744631e+00
3.651347205995818967e+00
3.756998489210539471e+00
3.864429474882166371e+00
3.973626366243060648e+00
4.084575366525582396e+00
4.197250374235892423e+00
4.311637592606353486e+00
4.427717072506227147e+00
4.545450407715480701e+00
4.664829953829574549e+00
4.785823456991574076e+00
4.908410968070740843e+00
5.032566385573241874e+00
5.158263608005239753e+00
5.285464229146705328e+00
5.414135995140707536e+00
5.544258956856506160e+00
5.675788555710975736e+00
5.808698690210280624e+00
5.942957106497487096e+00
6.078525398352569553e+00
6.215371311918591601e+00
6.353444136249331464e+00
6.492717769850951726e+00
6.633147654140327809e+00
6.774695382897428786e+00
6.917334854628419905e+00
7.060947682393007518e+00
7.205587745417619594e+00
7.351185875666743641e+00
7.497611381473888947e+00
7.644918142065482591e+00
7.792975465775040966e+00
7.941775708198017369e+00
8.091249701298897534e+00
8.241328277042164530e+00
8.392066130976374438e+00
8.543275129414688251e+00
8.695014049516281318e+00
8.847218621178388531e+00
8.999824574298244784e+00
9.152829162404048091e+00
9.306106591762064895e+00
9.459654115900496762e+00
9.613407464716573259e+00
9.767240844476562600e+00
9.921213032339634807e+00
1.007519823457205099e+01
1.022919370470201805e+01
1.038307364899579532e+01
1.053677379735061592e+01
1.069035292692565342e+01
1.084362372035619870e+01
1.099658343117045867e+01
1.114916778926565932e+01
1.130137404817001112e+01
1.145307641414977162e+01
1.160421061710217394e+01
1.175471238692444942e+01
1.190451745351383295e+01
1.205362307039852965e+01
1.220196496747576553e+01
1.234941735101180704e+01
1.249591595090388552e+01
1.264145802068020430e+01
1.278591776660702273e+01
1.292929244221255303e+01
1.307151777739401766e+01
1.321246797841768128e+01
1.335214029881174902e+01
1.349040894484248021e+01
1.362727117003807820e+01
1.376266270429577609e+01
1.389651927751281235e+01
1.402877661958640942e+01
1.415943198404477776e+01
1.428829805352320470e+01
1.441537208154989358e+01
1.454058979802207752e+01
1.466382540920601940e+01
1.478507616862991902e+01
1.490421628256004283e+01
1.502124300452458883e+01
1.513596901715885323e+01
1.524851462125297097e+01
1.535875402307322091e+01
1.546668670445953353e+01
1.557225953686785225e+01
1.567542162006585293e+01
1.577618357745217992e+01
1.587443298516354773e+01
1.597018046659860069e+01
1.606337512152501290e+01
1.615396604971046912e+01
1.624184082729166789e+01
1.632701007766726420e+01
1.640942290060493036e+01
1.648902839587234581e+01
1.656577566323718642e+01
1.663967532609810718e+01
1.671067648422277330e+01
1.677872823737887842e+01
1.684384120896505266e+01
1.690590297511802120e+01
1.696504720649836173e+01
1.702103843198084121e+01
1.707407184585703064e+01
1.712391197700168632e+01
1.717069249607539660e+01
1.721436250284584446e+01
1.725487109708070577e+01
1.729216737854765995e+01
1.732626197064534779e+01
1.735710397314146292e+01
1.738464248580366700e+01
1.740888813203061503e+01
1.742985153522095487e+01
1.744735874788042196e+01
1.746160496430058373e+01
1.747247776061813695e+01
1.747998776023174017e+01
1.748420711017101326e+01
1.748508491020362854e+01
1.748269330735920946e+01
1.747698140140543543e+01
1.746795981574095435e+01
1.745563917376441054e+01
1.743996857524348698e+01
1.742102016720780711e+01
1.739874304942503969e+01
1.737308632166287126e+01
1.734418365458189015e+01
1.731192262431880025e+01
1.727637537790322853e+01
1.723749101510284376e+01
1.719540320657824495e+01
1.715000023560923381e+01
1.710135778494089465e+01
1.704955224446140249e+01
1.699453695679700260e+01
1.693632678820490156e+01
1.687505965220425708e+01
1.681068889142129663e+01
1.674316784848226547e+01
1.667269596053729330e+01
1.659922657021260406e+01
1.652277454376541499e+01
1.644341627108391179e+01
1.636116661842529041e+01
1.627610197567774364e+01
1.618829873272945008e+01
1.609771023220664432e+01
1.600447438762848051e+01
1.590860606525217413e+01
1.581012013133492466e+01
1.570903145213395113e+01
1.560547794116839704e+01
1.549941294106450407e+01
1.539085131807948592e+01
1.527993098573248787e+01
1.516666681028072361e+01
1.505113518161237351e+01
1.493347401324659529e+01
1.481375969507156576e+01
1.469200709334448973e+01
1.456829259795355647e+01
1.444281564604888501e+01
1.431552958025671707e+01
1.418651079046523655e+01
1.405589719019358874e+01
1.392364212206801888e+01
1.378988349960766868e+01
1.365463618906976251e+01
1.351803810397344385e+01
1.338010411057592464e+01
1.324091059876538168e+01
1.310059548206097801e+01
1.295917362671991668e+01
1.281678294626135006e+01
1.267349983057346208e+01
1.252933914591345754e+01
1.238450032943146972e+01
1.223899824738469988e+01
1.209297081329230394e+01
1.194649441704246762e+01
1.179958392489239039e+01
1.165243615728115145e+01
1.150505289691066402e+01
1.135755635703374544e+01
1.121000722727223042e+01
1.106246619724795188e+01
1.091499395658275162e+01
1.076765119489846612e+01
1.062056012544790562e+01
1.047378143785290483e+01
1.032737582173530377e+01
1.018140396671694070e+01
1.003604960968159254e+01
9.891373440251101101e+00
9.747436148047304627e+00
9.604359946323008046e+00
9.462205524700051384e+00
9.321095096431243121e+00
9.181089351138421506e+00
9.042248978443421237e+00
8.904634667968084116e+00
8.768368632965216847e+00
8.633573086687629683e+00
8.500247195126187094e+00
8.368451647902727331e+00
8.238370181901032652e+00
8.110063486742939531e+00
7.983530728419311551e+00
7.858955643813933634e+00
7.736398922548638701e+00
7.615982777876240561e+00
7.497644852156632567e+00
7.381630405904565428e+00
7.267938605110905392e+00
7.156691663028460937e+00
7.047950269279071200e+00
6.941775113484572657e+00
6.838226885266803556e+00
6.737489321509543494e+00
6.639500064572689375e+00
6.544442851340019018e+00
6.452378371433369786e+00
6.363305790843611476e+00
6.277347322823549902e+00
6.194625180625992655e+00
6.115200053872783315e+00
6.039071108554780132e+00
5.966360557924797803e+00
5.897129091604671025e+00
5.831437399216237161e+00
5.769407694012309129e+00
5.711035666793854659e+00
5.656426154864218958e+00
5.605557473074909147e+00
5.558592507170344810e+00
5.515448048371063727e+00
5.476225458790512590e+00
5.440976881637366702e+00
5.409742155394100749e+00
5.382548813817001232e+00
5.359430543025449190e+00
5.340414876775726682e+00
5.325529348824118436e+00
5.314813797653102689e+00
5.308295757018963279e+00
5.305996608314885954e+00
5.307950037660251752e+00
5.314171274085150998e+00
5.324694003708963841e+00
5.339533455561780606e+00
5.358711011036786154e+00
5.382254203890265210e+00
5.410178263152306322e+00
5.442498417853000703e+00
5.479217592296242501e+00
5.520344863149023062e+00
5.565883154715236536e+00
5.615841543661878710e+00
5.670229106655936491e+00
5.729042615638213043e+00
5.792278842549502649e+00
5.859946864056798432e+00
5.932031147374704716e+00
6.008528464444018446e+00
6.089435587205534794e+00
6.174755439963152348e+00
6.264472489931474541e+00
6.358571204325103032e+00
6.457042202721739343e+00
6.559857647609789844e+00
6.667002006203861519e+00
6.778465898081654117e+00
6.894221485731574894e+00
7.014247084005130972e+00
7.138521007753829473e+00
7.266996962376786051e+00
7.399659415088606806e+00
7.536462071288404729e+00
7.677321722196718490e+00
7.822339729926994778e+00
7.971309838437825590e+00
8.124333579594621213e+00
8.281267069746736098e+00
8.442089642257426974e+00
8.606780630489957673e+00
8.775257844176611144e+00
8.947500616680649443e+00
9.123426757734357295e+00
9.303015600700993204e+00
9.486184955312845446e+00
9.672914154933170749e+00
9.863059485663288939e+00
1.005666180449742697e+01
1.025357739753690112e+01
1.045378559814496988e+01
1.065720421605391977e+01
1.086381258462701105e+01
1.107340546633458445e+01
1.128602371817087224e+01
1.150158514986816449e+01
1.171994604752777214e+01
1.194108574451295190e+01
1.216486052692502540e+01
1.239124972812724756e+01
1.262017115785190491e+01
1.285148110220031725e+01
1.308515889453573600e+01
1.332106082095948096e+01
1.355910469120383866e+01
1.379926983863206758e+01
1.404135102571450844e+01
1.428532758581442330e+01
1.453105580503312666e+01
1.477845349310290324e+01
1.502749998338701864e+01
1.527792851472483449e+01
1.552977994411059015e+01
1.578291055764559125e+01
1.603717664143116295e+01
1.629249600519958463e+01
1.654878645868314635e+01
1.680590428798316438e+01
1.706376730283192344e+01
1.732223178933073626e+01
1.758121555721189821e+01
1.784057489257671492e+01
1.810022760515748175e+01
1.836002998105550432e+01
1.861983830637210602e+01
1.887963191447054001e+01
1.913920556782115057e+01
1.939848163387411972e+01
1.965733918732021124e+01
1.991572338419906885e+01
2.017351785691935007e+01
2.043060623788971242e+01
2.068693368314979608e+01
2.094244534873923413e+01
2.119696334343571920e+01
2.145043282327887724e+01
2.170273742067737999e+01
2.195369924440891296e+01
2.220332497414408124e+01
2.245149824229154945e+01
2.269810268125997510e+01
2.294302192345802993e+01
2.318620112492534346e+01
2.342758544170154877e+01
2.366712002982627538e+01
2.390456547444624746e+01
2.413998997886304920e+01
2.437327717548532746e+01
2.460418764945980996e+01
2.483278960408808089e+01
2.505890514814782222e+01
2.528247943767865991e+01
2.550333458145830079e+01
2.572141573552637439e+01
2.593660653229153468e+01
2.614885212779342538e+01
2.635809767807167958e+01
2.656410376827300723e+01
2.676693860169899608e+01
2.696642428712732809e+01
2.716244445696667498e+01
2.735500579088763473e+01
2.754393039766790707e+01
2.772922495697808642e+01
2.791071157759586896e+01
2.808839693919186331e+01
2.826210315054375144e+01
2.843183689132215264e+01
2.859742027030474176e+01
2.875885996716213455e+01
2.891603961430299208e+01
2.906878132050500341e+01
2.921709176543877362e+01
2.936085458151296734e+01
2.949995340113624920e+01
2.963439490397922782e+01
2.976406272245055007e+01
2.988896771830606980e+01
3.000907595801162131e+01
3.012435769011828057e+01
3.023478316317709869e+01
3.034026110210819738e+01
3.044088480272457886e+01
3.053656298994634710e+01
3.062726591232456386e+01
3.071290229477933664e+01
3.079350390949269922e+01
3.086897948138475201e+01
3.093929925900658162e+01
3.100449501454021828e+01
3.106447547290575528e+01
3.111927240628524416e+01
3.116885606322974667e+01
3.121325821592131078e+01
3.125238758928004401e+01
3.128621443185700812e+01
3.131483203946521243e+01
3.133821066065572936e+01
3.135625902034866996e+01
3.136907041435703647e+01
3.137661509123190484e+01
3.137886329952434039e+01
3.137584681141639464e+01
3.136759739909010491e+01
3.135402378746556451e+01
3.133515774872482140e+01
3.131103105504992712e+01
3.128155243136096786e+01
3.124681517347096005e+01
3.120672800630000765e+01
3.116138422566111998e+01
3.111087712736731703e+01
3.105517695996965699e+01
3.099443854291214251e+01
3.092857060111486334e+01
3.085772795402180790e+01
3.078200389744598908e+01
3.070130715630751084e+01
3.061573102641938604e+01
3.052530727996365201e+01
3.043012921275332516e+01
3.033016707333947437e+01
3.022539111027318270e+01
3.011601766662938928e+01
3.000195546732821583e+01
2.988329780818266102e+01
2.976013798500573415e+01
2.963250645839849184e+01
2.950042844263797548e+01
2.936405088768218263e+01
2.922333617259618777e+01
2.907843124733797424e+01
2.892936001460359918e+01
2.877626942435105306e+01
2.861906033201443833e+01
2.845800273481370013e+01
2.829305901181390581e+01
2.812431458934207740e+01
2.795185489372523335e+01
2.777570382765942725e+01
2.759600834110264245e+01
2.741279233675093607e+01
2.722607971730035814e+01
2.703595590907791646e+01
2.684250633841064726e+01
2.664587795525652325e+01
2.644609466231161932e+01
2.624336493316488017e+01
2.603771267051235583e+01
2.582934634794301587e+01
2.561835139178387521e+01
2.540481322836195588e+01
2.518881728400428344e+01
2.497051050866885191e+01
2.474991680505169356e+01
2.452724464674178861e+01
2.430245641280421154e+01
2.407576057682791415e+01
2.384718104150896067e+01
2.361692628043630648e+01
2.338495867267502248e+01
2.315154821544506092e+01
2.291678033507342604e+01
2.268067893425618564e+01
2.244345248658228442e+01
2.220518641837874796e+01
2.196602767960357383e+01
2.172612322021474895e+01
2.148555846653929891e+01
2.124448036853521060e+01
2.100303587616048162e+01
2.076137193937309888e+01
2.051957398450008796e+01
2.027778896149943577e+01
2.003610229669816434e+01
1.979466094005426413e+01
1.955361184152573273e+01
1.931303435680131386e+01
1.907304508264763143e+01
1.883369302156205549e+01
1.859508869967293876e+01
1.835740416673959174e+01
1.812068842525940227e+01
1.788511352499167728e+01
1.765066694480283260e+01
1.741758225808314720e+01
1.718590846733000888e+01
1.695575609867175260e+01
1.672717415460575907e+01
1.650027316126037746e+01
1.627510212113298138e+01
1.605183308398289199e+01
1.583051505230748113e+01
1.561113550497315572e+01
1.539392801537020716e+01
1.517900310962697574e+01
1.496640979024084572e+01
1.475625858334016449e+01
1.454872153868424078e+01
1.434384765877045886e+01
1.414174746972716612e+01
1.394253149768270106e+01
1.374631026876542350e+01
1.355313278547270528e+01
1.336310957393288668e+01
1.317628963664335373e+01
1.299284502336341163e+01
1.281276321295947795e+01
1.263615473155989477e+01
1.246313010529300591e+01
1.229373833665619031e+01
1.212802842814682158e+01
1.196611090589324888e+01
1.180803477239284582e+01
1.165391055377396157e+01
1.150384877616494528e+01
1.135789844206316523e+01
1.121623160122794616e+01
1.107895877978763544e+01
1.094619050387058046e+01
1.081797577597415128e+01
1.069448664585767439e+01
1.057571059238754962e+01
1.046169661806115236e+01
1.035249372537585799e+01
1.024815091682904367e+01
1.014871719491808477e+01
1.005417559168605202e+01
9.964491351882722725e+00
9.879871367958422468e+00
9.800214914208625672e+00
9.725728883083661458e+00
9.656374072509972706e+00
9.592234327675946304e+00
9.533393493769969140e+00
9.479873892349457876e+00
9.431697844971820288e+00
9.388887673194480143e+00
9.351342651312902987e+00
9.319146624515479260e+00
9.292260390728648289e+00
9.270644747878854730e+00
9.254383541154483694e+00
9.243437568481981614e+00
9.237829151418759821e+00
9.237519087891262970e+00
9.242652746718849954e+00
9.253129402196989872e+00
9.269032899514071389e+00
9.290324036596535606e+00
9.317025135001799185e+00
9.349096992656305005e+00
9.386561931117467950e+00
9.429319224680755340e+00
9.477391194903587390e+00
9.530738639712401650e+00
9.589383880664618331e+00
9.653226192055702981e+00
9.722287895443077588e+00
9.796591312384149930e+00
9.876097240805364663e+00
9.960766478633168219e+00
1.005062134742496838e+01
1.014562264510721512e+01
1.024573116960634955e+01
1.035084619521784077e+01
1.046092851986812988e+01
1.057587741785269309e+01
1.069565368709796971e+01
1.082015660189943240e+01
1.094928543655255027e+01
1.108306251261473996e+01
1.122144862801244258e+01
1.136446610430307480e+01
1.151201421578210571e+01
1.166411528400695197e+01
1.182073010690405468e+01
1.198188328904580757e+01
1.214736247254063350e+01
1.231714215340484486e+01
1.249107378039281535e+01
1.266907032588988713e+01
1.285104476228140413e+01
1.303678701469076806e+01
1.322633310276525975e+01
1.341953447525925647e+01
1.361642715182004615e+01
1.381692410483296563e+01
1.402093830668336594e+01
1.422856730064949815e+01
1.443966253548574130e+01
1.465419850720840422e+01
1.487208818820283973e+01
1.509324455085438110e+01
1.531751904391740382e+01
1.554482463977725537e+01
1.577513583445024281e+01
1.600824255305977317e+01
1.624405776799118328e+01
1.648243292799885040e+01
1.672334252909908514e+01
1.696663802004626120e+01
1.721217084959475230e+01
1.745979246649892502e+01
1.770941584314412509e+01
1.796095395191569821e+01
1.821425824156801099e+01
1.846924168448641268e+01
1.872587877668721035e+01
1.898395944329380924e+01
1.924351970395349909e+01
1.950441100742064293e+01
1.976648480244961803e+01
2.002971558505674565e+01
2.029395480399638529e+01
2.055899238439193866e+01
2.082480282225973056e+01
2.109123756635412050e+01
2.135814806542948574e+01
2.162544729187117198e+01
2.189286364717160183e+01
2.216043315097806499e+01
2.242788420478299116e+01
2.269512978097171541e+01
2.296202132829861853e+01
2.322834877188709513e+01
2.349408660775346291e+01
2.375897023746689385e+01
2.402300915742739917e+01
2.428609681684980259e+01
2.454812666494892781e+01
2.480899215093959143e+01
2.506870977129855405e+01
2.532704992797869892e+01
2.558396759382580754e+01
2.583947926531664052e+01
2.609341686803505667e+01
2.634567385119587257e+01
2.659620518764487329e+01
2.684496585022785808e+01
2.709178776452866089e+01
2.733662590339308807e+01
2.757943523966691401e+01
2.781998617530303264e+01
2.805829520677820099e+01
2.829419425967625301e+01
2.852763830684299151e+01
2.875845927386226464e+01
2.898661213357986810e+01
2.921205185884157629e+01
2.943467189886222002e+01
2.965430417922564743e+01
2.987096519640861558e+01
3.008448687599497617e+01
3.029488571446148981e+01
3.050199363739200464e+01
3.070570409400134082e+01
3.090597205713529760e+01
3.110269097600867028e+01
3.129581582346727231e+01
3.148511700146396564e+01
3.167061100647552863e+01
3.185212976408579166e+01
3.202968977077152601e+01
3.220318447574755538e+01
3.237250732822868571e+01
3.253749025379877224e+01
3.269821127256555826e+01
3.285450231011287059e+01
3.300625681565554714e+01
3.315349128567034853e+01
3.329609916937207714e+01
3.343403543960654645e+01
3.356713202195759038e+01
3.369546693653295222e+01
3.381893363254743434e+01
3.393742555921586757e+01
3.405084066027406209e+01
3.415921790480362574e+01
3.426247770914526569e+01
3.436060201327060781e+01
3.445351123352031664e+01
3.454118730986605357e+01
3.462361218227945869e+01
3.470082931436315477e+01
3.477275912245780631e+01
3.483950659379700454e+01
3.490093062109045974e+01
3.495713619157174179e+01
3.500810524521251210e+01
3.505375819835343520e+01
3.509420003822810230e+01
3.512928965754621657e+01
3.515907051991039367e+01
3.518352456529228078e+01
3.520263373366351800e+01
3.521631844136477696e+01
3.522474519926063152e+01
3.522777290006077067e+01
3.522544500736781004e+01
3.521786650841534794e+01
3.520489629591308045e+01
3.518670088072556723e+01
3.516313915556251146e+01
3.513437763128847990e+01
3.510039824787509843e+01
3.506112142166306711e+01
3.501677518714789272e+01
3.496721843703929267e+01
3.491261768220182660e+01
3.485289333897615904e+01
3.478808887096491276e+01
3.471824774177071049e+01
3.464341341499616078e+01
3.456350630698194237e+01
3.447869292859260781e+01
3.438883217253786029e+01
3.429402902605129810e+01
3.419438847636650536e+01
3.408983093982415369e+01
3.398052292728880275e+01
3.386650790236306108e+01
3.374782932864956564e+01
3.362446914611994941e+01
3.349653234200780361e+01
3.336412390354671231e+01
3.322722577070832983e+01
3.308587852274261820e+01
3.294011120148890370e+01
3.278994996443387322e+01
3.263542096906422074e+01
3.247655037286662605e+01
3.231348738058971293e+01
3.214638119698210517e+01
3.197538102679244432e+01
3.180063607476934706e+01
3.162235706929241275e+01
3.144057016784832825e+01
3.125548609881669293e+01
3.106706949605321455e+01
3.087534651704459066e+01
3.068022027201553570e+01
3.048177844208372633e+01
3.027986261384292987e+01
3.007449894477981900e+01
2.986577511601205970e+01
2.965365576139534554e+01
2.943847465657123763e+01
2.922025795902642287e+01
2.899921639714048283e+01
2.877549917566205906e+01
2.854931702297075802e+01
2.832075762018421017e+01
2.808990864842008861e+01
2.785685778879604158e+01
2.762169272242973506e+01
2.738443960680784528e+01
2.714524764667900314e+01
2.690414299952989197e+01
2.666121334647815289e+01
2.641654636864146610e+01
2.617035279439940965e+01
2.592272030486965306e+01
2.567379810480082369e+01
2.542373539894154533e+01
2.517268139204043820e+01
2.492066224158419985e+01
2.466788867595241186e+01
2.441426380536983842e+01
2.415993683458508201e+01
2.390493392108484372e+01
2.364921969872483132e+01
2.339300489588463705e+01
2.313619262278900734e+01
2.287899360781754510e+01
2.262168010298080745e+01
2.236440131302744305e+01
2.210736073261000811e+01
2.185060987421104528e+01
2.159443911110993852e+01
2.133895424569317356e+01
2.108419955671625701e+01
2.083021932293468836e+01
2.057711934673495335e+01
2.032494390687255148e+01
2.007373728210299646e+01
1.982360527481275270e+01
1.957459216375734457e+01
1.932680375132324357e+01
1.908022279263497722e+01
1.883501661370999969e+01
1.859122949330382113e+01
1.834890571017193750e+01
1.810815106670084162e+01
1.786907136527699791e+01
1.763171088465592362e+01
1.739617542722408672e+01
1.716250927173700802e+01
1.693087974421211683e+01
1.670133112340493042e+01
1.647396921170193451e+01
1.624889981148959350e+01
1.602616720152342111e+01
1.580581566055892218e+01
1.558801251461355086e+01
1.537280204244280490e+01
1.516022852280219801e+01
1.495045928170917371e+01
1.474347707428827192e+01
1.453938770292596772e+01
1.433829697000873793e+01
1.414024915429209805e+01
1.394528853453154049e+01
1.375345938948257718e+01
1.356492904516266229e+01
1.337974178032729888e+01
1.319788035010101979e+01
1.301951208050127917e+01
1.284468125028357655e+01
1.267349366183439230e+01
1.250599359390924015e+01
1.234228684889459160e+01
1.218241770554594972e+01
1.202649196624979844e+01
1.187449238613067237e+01
1.172658629120601503e+01
1.158275643660036636e+01
1.144298126513348102e+01
1.130740654129891709e+01
1.117605067002351227e+01
1.104893205623409713e+01
1.092600758122653914e+01
1.080735717355864800e+01
1.069299923815725428e+01
1.058295217994919923e+01
1.047729592749228900e+01
1.037598736208238215e+01
1.027910641227729371e+01
1.018654843574191204e+01
1.009845488466502239e+01
1.001484416397345001e+01
9.935611631332095683e+00
9.860898738929734009e+00
9.790600844431260441e+00
9.724797876394482898e+00
9.663508239746235517e+00
9.606627292151408426e+00
9.554296485798785099e+00
9.506411178353255664e+00
9.462989774741657811e+00
9.424112203521795905e+00
9.389673822358561850e+00
9.359693036178793335e+00
9.334188249909329826e+00
9.313177868477000132e+00
9.296618773177671713e+00
9.284467845307208478e+00
9.276743489792448116e+00
9.273464111560222989e+00
9.274586591906398780e+00
9.280067812126837623e+00
9.289864653517405202e+00
9.303995521004935654e+00
9.322417295885296440e+00
9.345086859454347916e+00
9.371961093007953991e+00
9.403058401472952355e+00
9.438274142514233134e+00
9.477626721058635795e+00
9.521073018402018917e+00
9.568569915840251738e+00
9.620074294669194614e+00
9.675543036184709678e+00
9.734933021682664389e+00
9.798201132458924434e+00
9.865242726178376387e+00
9.936014684136887709e+00
1.001053827974203081e+01
1.008872321306240138e+01
1.017054357627829653e+01
1.025597346157002043e+01
1.034486391385592974e+01
1.043731207257827442e+01
1.053316898265540935e+01
1.063247025989860717e+01
1.073506694922622984e+01
1.084099466644955179e+01
1.095016598011789810e+01
1.106249345878060453e+01
1.117795119461796993e+01
1.129651327981029674e+01
1.141803075927594691e+01
1.154253924882618598e+01
1.166988979337937948e+01
1.180005648511582983e+01
1.193301341621583411e+01
1.206855010796678407e+01
1.220676369981091902e+01
1.234750523666660271e+01
1.249068728708316556e+01
1.263628394324090820e+01
1.278420777368915751e+01
1.293430982334627544e+01
1.308656418439256441e+01
1.324094494900832331e+01
1.339730316211191585e+01
1.355555139225266892e+01
1.371560220797990937e+01
1.387742970147394495e+01
1.404088491765312874e+01
1.420594194869776672e+01
1.437239031589524529e+01
1.454026563505683889e+01
1.470941895110089881e+01
1.487976283257676258e+01
1.505120984803376238e+01
1.522367256602121977e+01
1.539700203145749668e+01
1.557117233652289734e+01
1.574609604976675037e+01
1.592156269247644040e+01
1.609754635683227519e+01
1.627395961138358160e+01
1.645071502467968827e+01
1.662760211800797805e+01
1.680465650717973602e+01
1.698166771348233439e+01
1.715861676141580006e+01
1.733538935749704635e+01
1.751187814056271463e+01
1.768816032034234453e+01
1.786400548841064051e+01
1.803949085449713508e+01
1.821438601017653625e+01
1.838882968880934499e+01
1.856259148197026931e+01
1.873568707575788039e+01
1.890800910900880538e+01
1.907951174419066476e+01
1.925014914377105413e+01
1.941987547021757976e+01
1.958852183873590391e+01
1.975610393542460841e+01
1.992251439912032751e+01
2.008770739229065683e+01
2.025157555377224483e+01
2.041407304603268713e+01
2.057509250790861444e+01
2.073464962549861923e+01
2.089257551400834956e+01
2.104888585953639080e+01
2.120347330091937366e+01
2.135629200062490796e+01
2.150723459748961730e+01
2.165631677761209417e+01
2.180343117982895862e+01
2.194853196660782757e+01
2.209151177678532818e+01
2.223238629646003872e+01
2.237092511720665655e+01
2.250720544875472129e+01
2.264111992994086719e+01
2.277262272323271119e+01
2.290154494383590489e+01
2.302796380147999855e+01
2.315171041137065799e+01
2.327273893597548593e+01
2.339106506139306418e+01
2.350658142646002702e+01
2.361918067001300159e+01
2.372887847815057327e+01
2.383550596607839722e+01
2.393914034352602727e+01
2.403961272569912921e+01
2.413693879869627068e+01
2.423094967772312103e+01
2.432166104887825497e+01
2.440909260428778182e+01
2.449309548929501901e+01
2.457370942616371678e+01
2.465097413715763608e+01
2.472480629727859380e+01
2.479518410515937887e+01
2.486208575943278021e+01
2.492561250599352007e+01
2.498555797258147848e+01
2.504208492872234970e+01
2.509504852578698220e+01
2.514442696240816133e+01
2.519025996084965868e+01
2.523258724337521031e+01
2.527126396135566466e+01
2.530632983705479333e+01
2.533782459273635368e+01
2.536572642703312042e+01
2.539001353857788956e+01
2.541072564963442204e+01
2.542777943520452055e+01
2.544121461755196023e+01
2.545100939530951223e+01
2.545720349074094457e+01
2.545983662611002885e+01
2.545882547641854998e+01
2.545427128756125867e+01
2.544609073453997183e+01
2.543426201598746417e+01
2.541894790142945482e+01
2.539994201860579892e+01
2.537740713704220852e+01
2.535132145537146187e+01
2.532160164859538654e+01
2.528834896260871190e+01
2.525154159604421267e+01
2.521128079479662532e+01
2.516748323386777031e+01
2.512025015915237702e+01
2.506962129291419572e+01
2.501557483378602953e+01
2.495821202766259361e+01
2.489757259680765245e+01
2.483357321622302294e+01
2.476631513180343447e+01
2.469583806581264795e+01
2.462212021688344876e+01
2.454526283091056982e+01
2.446518258289582448e+01
2.438204224236491058e+01
2.429575590408158803e+01
2.420653496001221328e+01
2.411428060373022930e+01
2.401901707607100178e+01
2.392089166513186882e+01
2.381986708811723830e+01
2.371596758586248654e+01
2.360927892283397256e+01
2.349976381623610422e+01
2.338750803053523342e+01
2.327253580656672938e+01
2.315487138516599686e+01
2.303453900716839797e+01
2.291162443704029172e+01
2.278621343924803710e+01
2.265826873099603134e+01
2.252799912401257743e+01
2.239530581187111480e+01
2.226039760629993935e+01
2.212323722450345542e+01
2.198391043094802555e+01
2.184250299009998741e+01
2.169903914279474577e+01
2.155360465349862764e+01
2.140616223941605867e+01
2.125685918864435564e+01
2.110571974201890555e+01
2.095276814037508828e+01
2.079815167181022417e+01
2.064189457715970377e+01
2.048408262088987186e+01
2.032474004383610477e+01
2.016395261046476861e+01
2.000186760887318371e+01
1.983844775626575796e+01
1.967384034073980459e+01
1.950806960313072835e+01
1.934128283153583894e+01
1.917344274315954777e+01
1.900475814973015432e+01
1.883513024482109088e+01
1.866482936379162894e+01
1.849375670021520790e+01
1.832212106582012368e+01
1.814988517781078059e+01
1.797719632428451320e+01
1.780407874607669072e+01
1.763061820765367926e+01
1.745696199711279206e+01
1.728319587892038811e+01
1.710933788209693063e+01
1.693550423566514951e+01
1.676168190957091753e+01
1.658810396828399192e+01
1.641463433448830145e+01
1.624144454902263135e+01
1.606858310546382285e+01
1.589597545012677671e+01
1.572379312385027994e+01
1.555208462021117555e+01
1.538083690915532920e+01
1.521009848425958744e+01
1.503997936273176883e+01
1.487046651451773549e+01
1.470166995682531130e+01
1.453363818323133216e+01
1.436641968731264285e+01
1.420000143901511080e+01
1.403455497917752837e+01
1.387012880137673321e+01
1.370664835192762965e+01
1.354434669529997137e+01
1.338314927780865915e+01
1.322316611666150621e+01
1.306444570543535733e+01
1.290709806133802751e+01
1.275104863068440864e+01
1.259646895431329483e+01
1.244334600217055709e+01
1.229178979146400330e+01
1.214172576850854313e+01
1.199332547414294936e+01
1.184657587831310188e+01
1.170152547459584191e+01
1.155828428019898624e+01
1.141690078869936720e+01
1.127742349367384023e+01
1.113990088869924122e+01
1.100438146735241141e+01
1.087097524684117289e+01
1.073966919711138956e+01
1.061057333537087466e+01
1.048367463156550983e+01
1.035902157927212386e+01
1.023672419569854064e+01
1.011670792715965561e+01
9.999144314494255781e+00
9.884020327648212145e+00
9.771384460198367705e+00
9.661285205721561908e+00
9.553767419248778481e+00
9.448861401627549839e+00
9.346532291528578895e+00
9.246868274884498362e+00
9.149896013996990263e+00
9.055642171167717080e+00
8.964010361436411500e+00
8.875150294366683568e+00
8.788965584998264191e+00
8.705544419263793188e+00
8.624851935833971694e+00
8.546976320641443081e+00
8.471882712356903156e+00
8.399597773282025059e+00
8.330086642087508153e+00
8.263437504705992254e+00
8.199615499808180274e+00
8.138647289695740028e+00
8.080559536670342879e+00
8.025317379402691742e+00
7.972947480194451764e+00
7.923476501347296086e+00
7.876808057900954729e+00
7.833091859419036851e+00
7.792231520941273359e+00
7.754253704769332955e+00
7.719123549573918552e+00
7.686867717656694410e+00
7.657451347688364329e+00
7.630901101970597900e+00
7.607243642805067374e+00
7.586444108862468561e+00
7.568467638813502596e+00
7.553279371328869729e+00
7.540967492341209777e+00
7.531435616890250984e+00
7.524648883646693598e+00
7.520695478543177437e+00
7.519540540250402749e+00
7.521087683808098667e+00
7.525363571517933003e+00
7.532333342050606007e+00
7.541962134076816149e+00
7.554276609898237460e+00
7.569241908185563972e+00
7.586823167609496821e+00
7.606985526840735368e+00
7.629694124549977197e+00
7.654975623038894561e+00
7.682733637347214817e+00
7.712996946425254130e+00
7.745679748555972743e+00
7.780821405932921486e+00
7.818399757118677407e+00
7.858331117044844660e+00
7.900654847904982070e+00
7.945348788261659578e+00
7.992267729415516442e+00
8.041512557191072830e+00
8.093061110150907567e+00
8.146768179595655468e+00
8.202673127718867363e+00
8.260753793083120300e+00
8.320926490620021099e+00
8.383230582523122365e+00
8.447582383724025590e+00
8.513898209154342922e+00
8.582278944638593643e+00
8.652517857846440563e+00
8.724715834602402964e+00
8.798727666207122766e+00
8.874592714854143694e+00
8.952165771844104114e+00
9.031547723001525085e+00
9.112531835996065865e+00
9.195218996652254617e+00
9.279463996270722603e+00
9.365183149783073091e+00
9.452477343013836020e+00
9.541139843632668871e+00
9.631271537464094479e+00
9.722665692177777430e+00
9.815361669967263225e+00
9.909275785764164013e+00
1.000438587813105507e+01
1.010054673836857297e+01
1.019779772867026502e+01
1.029605516396774156e+01
1.039523535919260588e+01
1.049531615290743503e+01
1.059615233641286913e+01
1.069778327190245193e+01
1.080012527430779379e+01
1.090303313492952952e+01
1.100654621596120641e+01
1.111058083233443661e+01
1.121499177534984959e+01
1.131981840720099619e+01
1.142491551918851300e+01
1.153026094987497707e+01
1.163577633117248666e+01
1.174140456291511647e+01
1.184715538554839576e+01
1.195291549225592753e+01
1.205875614711420951e+01
1.216450251967586382e+01
1.227022587401740239e+01
1.237587442695338957e+01
1.248133487166741418e+01
1.258661694860501257e+01
1.269166887458074733e+01
1.279650039004016193e+01
1.290099818816684163e+01
1.300511048577534901e+01
1.310890854694219954e+01
1.321227906485097492e+01
1.331517025631625017e+01
1.341753033815258433e+01
1.351936905080551554e+01
1.362057308745862905e+01
1.372115218855747187e+01
1.382111609454756440e+01
1.392028997498154297e+01
1.401868357030493861e+01
1.411624509733231037e+01
1.421298429650920170e+01
1.430884938465016987e+01
1.440372705493881078e+01
1.449762704782065903e+01
1.459049758011028075e+01
1.468228686862223853e+01
1.477300465380206695e+01
1.486247610520238993e+01
1.495077248689971228e+01
1.503784201570860013e+01
1.512357138481264052e+01
1.520790881102640668e+01
1.529092555842639989e+01
1.537244679656524049e+01
1.545254378951943686e+01
1.553110323047258312e+01
1.560813485987021387e+01
1.568352537089592325e+01
1.575734602762621783e+01
1.582942199961371621e+01
1.589976302730395652e+01
1.596837885114247335e+01
1.603521768794383462e+01
1.610016623089162735e+01
1.616323422043138791e+01
1.622437313836257999e+01
1.628354752642424685e+01
1.634078671497129420e+01
1.639605851072766285e+01
1.644926919678631805e+01
1.650050962713314462e+01
1.654974760849208693e+01
1.659688942395610312e+01
1.664202592751107801e+01
1.668506340224997686e+01
1.672603117852771959e+01
1.676489706306823280e+01
1.680169038622642930e+01
1.683637895472626056e+01
1.686893057529164963e+01
1.689931305464654088e+01
1.692761724677681912e+01
1.695374943477544605e+01
1.697767742536636959e+01
1.699949207253546390e+01
1.701903813574472579e+01
1.703646799261101208e+01
1.705168792622728446e+01
1.706466574331749086e+01
1.707549229786750544e+01
1.708413539660126901e+01
1.709056284624272237e+01
1.709486550077774680e+01
1.709694964329931111e+01
1.709684460416232099e+01
1.709457971372169638e+01
1.709018430233233588e+01
1.708356465308721184e+01
1.707481161997220909e+01
1.706383148608029643e+01
1.705071510539735158e+01
1.703543028464731179e+01
1.701794483055411789e+01
1.699834959710365823e+01
1.697661239101986297e+01
1.695276254265764493e+01
1.692676785874094847e+01
1.689865766962467575e+01
1.686846130566374669e+01
1.683614657358209143e+01
1.680180432736559837e+01
1.676540237373820119e+01
1.672697004305481627e+01
1.668653666567034932e+01
1.664407004830874470e+01
1.659965949377886574e+01
1.655326505291957062e+01
1.650484522539269960e+01
1.645454308175301961e+01
1.640225559803139532e+01
1.634806432115161101e+01
1.629192775077551403e+01
1.623386591019591307e+01
1.617389882270563106e+01
1.611210803522844870e+01
1.604857509468815735e+01
1.598319697711561993e+01
1.591605522943462958e+01
1.584723139856897411e+01
1.577674550781146046e+01
1.570455605682393596e+01
1.563068306889921821e+01
1.555520809096108614e+01
1.547808962267139243e+01
1.539947073458488624e+01
1.531918687910147270e+01
1.523744265040687296e+01
1.515419654816294148e+01
1.506946859566248875e+01
1.498334033982929903e+01
1.489589332758715834e+01
1.480702453496694027e+01
1.471687703252340462e+01
1.462547084354936189e+01
1.453276446770665764e+01
1.443890097555004992e+01
1.434383886674137898e+01
1.424765968820442730e+01
1.415038346323202489e+01
1.405196869148600136e+01
1.395255844352111652e+01
1.385223426626116172e+01
1.375089313573700700e+01
1.364867812250340506e+01
1.354567077348414550e+01
1.344189111197204589e+01
1.333735916125992205e+01
1.323215646827155290e+01
1.312636457993072803e+01
1.301994199589929480e+01
1.291290873947006190e+01
1.280546940482876472e+01
1.269752096800626795e+01
1.258914497592636650e+01
1.248036145188186552e+01
1.237130911764540642e+01
1.226198625259918273e+01
1.215238678734326605e+01
1.204250465247772439e+01
1.193245682586457690e+01
1.182223723810390226e+01
1.171190134342672984e+01
1.160138154880216810e+01
1.149079483209222907e+01
1.138019664752795812e+01
1.126951940207845482e+01
1.115888007360573297e+01
1.104827259270986772e+01
1.093775241362189732e+01
1.082731346694189689e+01
1.071694968326993624e+01
1.060683956409900475e+01
1.049685399276722997e+01
1.038704842350565372e+01
1.027753983417628980e+01
1.016826063174824135e+01
1.005932779408352395e+01
9.950735251782207413e+00
9.842538459075335311e+00
9.734792870193954784e+00
9.627553939369102309e+00
9.520877120831826801e+00
9.414694821551227832e+00
9.309124019389317439e+00
9.204220168577142758e+00
9.099915676083799809e+00
8.996327519771304182e+00
8.893449630239732784e+00
8.791275938089150088e+00
8.689923421181580565e+00
8.589386010117090464e+00
8.489657635495744259e+00
8.390855275179566419e+00
8.292911336137660072e+00
8.196004319863002152e+00
8.100066633324697563e+00
8.005153730753788111e+00
7.911259542750348039e+00
7.818501047176392937e+00
7.726872174631990831e+00
7.636305332086243958e+00
7.546979021032140800e+00
7.458825648438777378e+00
7.371900668537200829e+00
7.286321059189421412e+00
7.201954824672228916e+00
7.118966071171877630e+00
7.037392978551345379e+00
6.957089155780682432e+00
6.878277353615781742e+00
6.800811181026696239e+00
6.724728817876401088e+00
6.650129967658837238e+00
6.576929762975032290e+00
6.505227907318932523e+00
6.434939533291566427e+00
6.366102820755906500e+00
6.298755949574919022e+00
6.232875575980610705e+00
6.168499879835948718e+00
6.105667041003908224e+00
6.044353715716490605e+00
5.984536560205692801e+00
5.926253754334488200e+00
5.869481954334875518e+00
5.814320863700799258e+00
5.760685615033287021e+00
5.708675911826285976e+00
5.658206886680820169e+00
5.609316719459863876e+00
5.561982066395419366e+00
5.516302630981424926e+00
5.472132022187939704e+00
5.429631467139880208e+00
5.388716098438273150e+00
5.349362572315119913e+00
5.311609068633392994e+00
5.275493767256062227e+00
5.240931800784156103e+00
5.207961349080649782e+00
5.176620592008509547e+00
5.146886185799741220e+00
5.118734786686340854e+00
5.092204574531283612e+00
5.067272205566566434e+00
5.043914336024192480e+00
5.022169145767130694e+00
5.001951767396411341e+00
4.983361904405978038e+00
4.966314689396858384e+00
4.950848302232023990e+00
4.936877875512505121e+00
4.924503112732241839e+00
4.913639146492266185e+00
4.904262633024575990e+00
4.896412725945547884e+00
4.890070950254198578e+00
4.885219804702948920e+00
4.881841788044220642e+00
4.879980922661407483e+00
4.879558183675958283e+00
4.880617593471265891e+00
4.883080127168778262e+00
4.887026721330473222e+00
4.892384503440896815e+00
4.899148276978663397e+00
4.907312845422390879e+00
4.916860707524497442e+00
4.927774362037406597e+00
4.940048612439730924e+00
4.953665957483896598e+00
4.968602743559222823e+00
4.984853774144326621e+00
5.002395395628530750e+00
5.021210106764258718e+00
5.041280406303929595e+00
5.062576488273772490e+00
5.085080851426206472e+00
5.108775994513652385e+00
5.133638263925435652e+00
5.159650158413976229e+00
5.186781872005499672e+00
5.215009751089332291e+00
5.244310142054798618e+00
5.274659391291219634e+00
5.306027692824823561e+00
5.338397545408032130e+00
5.371739143067070010e+00
5.406016527465069110e+00
5.441212197354449387e+00
5.477290194398340972e+00
5.514220712622969423e+00
5.551980098417659271e+00
5.590532393445539761e+00
5.629847791732838225e+00
5.669902639668877420e+00
5.710648674190594853e+00
5.752062241687311506e+00
5.794101231459061196e+00
5.836748142258265659e+00
5.879954711021858849e+00
5.923691131776066321e+00
5.967915293820925449e+00
6.012603543545752771e+00
6.057707617887489349e+00
6.103201103381515225e+00
6.149065004236735632e+00
6.195277564808115756e+00
6.241823181813715316e+00
6.288680099608497720e+00
6.335832714910526242e+00
6.383259272074762514e+00
6.430938015456174384e+00
6.478853341772817132e+00
6.526983495379659495e+00
6.575306720631663104e+00
6.623795109520695057e+00
6.672439211127912273e+00
6.721211117445186289e+00
6.770089072827474297e+00
6.819051321629745033e+00
6.868076108206961017e+00
6.917141676914086545e+00
6.966220119742986938e+00
7.015289681048627379e+00
7.064297843370483498e+00
7.113296679420690438e+00
7.162209062286332362e+00
7.210976322143795691e+00
7.259601312800424644e+00
7.308148411694551427e+00
7.356435901740608685e+00
7.404528160376923296e+00
7.452428041410846582e+00
7.500076875018759637e+00
7.547415991377044442e+00
7.594448244293050543e+00
7.641114963943162586e+00
7.687480527765703897e+00
7.733424742306080901e+00
7.778950461371648473e+00
7.824060538769758821e+00
7.868696304676793929e+00
7.912860612900103341e+00
7.956494793616069927e+00
7.999601700632048562e+00
8.042061140493444782e+00
8.083999014269554806e+00
8.125295128505790387e+00
8.165890813378528179e+00
8.205850446326097725e+00
8.245115357524877453e+00
8.283626877151245793e+00
8.321387859012556731e+00
8.358339633285194026e+00
8.394487499961137189e+00
8.429785020139906493e+00
8.464311248367600626e+00
8.497899144666428484e+00
8.530689287213453653e+00
8.562576159661860586e+00
8.593638816557739091e+00
8.623771741554273618e+00
8.652992465566587299e+00
8.681318519509805043e+00
8.708767434299046428e+00
8.735233693587494130e+00
8.760796351921241509e+00
8.785472940215417026e+00
8.809096418492224245e+00
8.831807364928730308e+00
8.853561786809089895e+00
8.874315691417455909e+00
8.894086609668946153e+00
8.912892072478687311e+00
8.930688087130834063e+00
8.947492184540505988e+00
8.963321895622829771e+00
8.978071704030982758e+00
8.991820664311063638e+00
9.004524783747218208e+00
9.016263116885548712e+00
9.026930147379232494e+00
9.036543406143390911e+00
9.045181947724124427e+00
9.052678732143634832e+00
9.059174337578996372e+00
9.064624771314358398e+00
9.069047564264840489e+00
9.072337200083628872e+00
9.074572733316811579e+00
9.075771694879518847e+00
9.075890092055901803e+00
9.074945455761081803e+00
9.072955316910183754e+00
9.069875682787358784e+00
9.065724084307730024e+00
9.060518052386422383e+00
9.054275117938558992e+00
9.047012811879264760e+00
9.038687141492690813e+00
9.029315637693956731e+00
9.018854307767220746e+00
9.007382206258574442e+00
8.994855340452172499e+00
8.981290739323101846e+00
8.966641900455330827e+00
8.951046390385716478e+00
8.934334157496254036e+00
8.916642768323789880e+00
8.897925218512265033e+00
8.878196027336588969e+00
8.857469714071667610e+00
8.835760797992410431e+00
8.813022274742756679e+00
8.789268663597610498e+00
8.764576007462856921e+00
8.738897301982431642e+00
8.712247066431240583e+00
8.684639820084198547e+00
8.656028558585237676e+00
8.626550848471209676e+00
8.596098161755085343e+00
8.564808064973709278e+00
8.532572030140052277e+00
8.499466100159994042e+00
8.465443270677470267e+00
8.430641108229334435e+00
8.395012608459524017e+00
8.358510767011971154e+00
8.321211626792564431e+00
8.283129707076207993e+00
8.244279527137811314e+00
8.204614082621310089e+00
8.164209416432587574e+00
8.123080047846547913e+00
8.081302019769077916e+00
8.038766804213137718e+00
7.995550444084610575e+00
7.951667458658406851e+00
7.907132367209431578e+00
7.862021212643564461e+00
7.816286990604747409e+00
7.770005743998856573e+00
7.723130468469833865e+00
7.675737206923557210e+00
7.627840478634932531e+00
7.579454802878871078e+00
7.530594698930284103e+00
7.481274686064076640e+00
7.431509283555158163e+00
7.381374534309412816e+00
7.330823433970773628e+00
7.279932025445122079e+00
7.228653304376396527e+00
7.177060780466506529e+00
7.125156306970515274e+00
7.073000727570487811e+00
7.020593362317517183e+00
6.967872007631725317e+00
6.914897507195175486e+00
6.861730704689936289e+00
6.808370920167098994e+00
6.754817473677755757e+00
6.701008161642028504e+00
6.647065351372956066e+00
6.592988362921627932e+00
6.538714992708166029e+00
6.484306084414639848e+00
6.429760958092139767e+00
6.375140457422727280e+00
6.320382378826527869e+00
6.265609089616578586e+00
6.210696862582028466e+00
6.155829588666884788e+00
6.100945064291272146e+00
6.046042609506277365e+00
5.991121544363000595e+00
5.936242712543503330e+00
5.881405434098879503e+00
5.826670552711194162e+00
5.771975864800569234e+00
5.717320690418096873e+00
5.662888920507785251e+00
5.608495304227812284e+00
5.554323732522188806e+00
5.500312001811034968e+00
5.446459432145442925e+00
5.392888390838451507e+00
5.339536674310179976e+00
5.286403602611722263e+00
5.233611543056117199e+00
5.181098292063483157e+00
5.128924693315885186e+00
5.077028543233448765e+00
5.025532209129207395e+00
4.974373487423281226e+00
4.923613221797738859e+00
4.873312255934643566e+00
4.823408386254115499e+00
4.773900932807249475e+00
4.724912262907083438e+00
4.676441696604706877e+00
4.628427030320245272e+00
4.580929107735760120e+00
4.534006767543810490e+00
4.487649304847935561e+00
4.441844009762172085e+00
4.396578172400552376e+00
4.351962130139055418e+00
4.307860125829770404e+00
4.264382496848673654e+00
4.221516533309800145e+00
4.179249525327183079e+00
4.137630286645828548e+00
4.096584583748796859e+00
4.056161230381094995e+00
4.016347516656757932e+00
3.977192256320788211e+00
3.938682739487222140e+00
3.900867779901063148e+00
3.863673144045374652e+00
3.827147645665160525e+00
3.791340098505429079e+00
3.756176269049240179e+00
3.721766494672571923e+00
3.687999627679900527e+00
3.654967548357916485e+00
3.622645242094455487e+00
3.591032303729747355e+00
3.560140632830214535e+00
3.529969824236084186e+00
3.500525625150681996e+00
3.471807630414235124e+00
3.443827739593167347e+00
3.416591699890804357e+00
3.390092953784276109e+00
3.364349553203100474e+00
3.339361092987509494e+00
3.315133320340825307e+00
3.291659677740180534e+00
3.268939760025802332e+00
3.246985466764112260e+00
3.225790240432242939e+00
3.205359828233518726e+00
3.185687672645070023e+00
3.166779520870223852e+00
3.148641120112304570e+00
3.131272065211538891e+00
3.114671951008156192e+00
3.098840372342385407e+00
3.083776924054452806e+00
3.069493505710782610e+00
3.055977407425406689e+00
3.043234376401650731e+00
3.031251873436863420e+00
3.020030346787842213e+00
3.009576567757796806e+00
2.999878850560643961e+00
2.990937814136497508e+00
2.982747925062370520e+00
2.975315954641474470e+00
2.968630217087725676e+00
2.962685178978139877e+00
2.957487611615924994e+00
2.953025829215000897e+00
2.949300450715478306e+00
2.946299790331275759e+00
2.944030619365602064e+00
2.942475099669277228e+00
2.941633850182415966e+00
2.941501337482029577e+00
2.942065875782039264e+00
2.943321931659458546e+00
2.945270124054398586e+00
2.947892614817681611e+00
2.951183870526321584e+00
2.955132205394236156e+00
2.959738238361538709e+00
2.964990283642146007e+00
2.970870503086879388e+00
2.977379515635850460e+00
2.984499483139879228e+00
2.992231024539078632e+00
3.000550149321172810e+00
3.009457476426272038e+00
3.018941320068296186e+00
3.028983842098063928e+00
3.039585661455688204e+00
3.050716635265795507e+00
3.062377382468498332e+00
3.074550064914616687e+00
3.087216844454970133e+00
3.100372187666574852e+00
3.113998256400252629e+00
3.128083364869918892e+00
3.142609674926395424e+00
3.157559348420502232e+00
3.172920699566157854e+00
3.188682042577279940e+00
3.204819386941590853e+00
3.221321046873010019e+00
3.238175336585453312e+00
3.255352113203548559e+00
3.272845843304310165e+00
3.290640509642098976e+00
3.308715073859243461e+00
3.327074927954000838e+00
3.345713159198434816e+00
3.364616702501509238e+00
3.383772492772193718e+00
3.403185922008743258e+00
3.422837772757026276e+00
3.442721132289106478e+00
3.462829087877046685e+00
3.483154726792910605e+00
3.503684983945664744e+00
3.524412946607369257e+00
3.545325549686993760e+00
3.566409728093501652e+00
3.587658569098957084e+00
3.609065159975422432e+00
3.630610283268767002e+00
3.652287026251053614e+00
3.674082323831248331e+00
3.695989263281413528e+00
3.717988627147419400e+00
3.740079655064424191e+00
3.762236977215201783e+00
3.784453680871813663e+00
3.806722853306321763e+00
3.829025277064598498e+00
3.851347887055606822e+00
3.873677618188312355e+00
3.896001405371682491e+00
3.918306183514682406e+00
3.940585039889376251e+00
3.962812604678534800e+00
3.984988117517317185e+00
4.007086208588495069e+00
4.029093812801037622e+00
4.051004017427003667e+00
4.072803757375361933e+00
4.094467662828882304e+00
4.115994973422725245e+00
4.137360319339664194e+00
4.158556787851759751e+00
4.179559009141784465e+00
4.200366222844897024e+00
4.220953059143872643e+00
4.241300300584576632e+00
4.261407186802171232e+00
4.281248347979426327e+00
4.300810719025308870e+00
4.320081234848785812e+00
4.339042284646973613e+00
4.357688836585093206e+00
4.376011313116516810e+00
4.394006289057713843e+00
4.411676491588250926e+00
4.429000038435305875e+00
4.445985809141545175e+00
4.462624226160336605e+00
4.478911864308153135e+00
4.494832993675268895e+00
4.510390341441252282e+00
4.525580482422570050e+00
4.540393839072596194e+00
4.554820833844702932e+00
4.568858041555361460e+00
4.582502037021037644e+00
4.595743242695108144e+00
4.608584385757136914e+00
4.621009736297399861e+00
4.633028173858561694e+00
4.644623968530896541e+00
4.655805999857069111e+00
4.666558537927354422e+00
4.676884309921318206e+00
4.686773738292336233e+00
4.696223397856873483e+00
4.705236015794501014e+00
4.713795862195490294e+00
4.721905664239412381e+00
4.729555844379634166e+00
4.736742977432630397e+00
4.743463638214868716e+00
4.749720553905915743e+00
4.755504146959143696e+00
4.760810992191021995e+00
4.765643816781118147e+00
4.769993043182804371e+00
4.773861398575648174e+00
4.777239305413019110e+00
4.780135643237585441e+00
4.782528529776522319e+00
4.784432996935592541e+00
4.785833314805068461e+00
4.786732210564520251e+00
4.787126259030415554e+00
4.787012035019224676e+00
4.786392265710515126e+00
4.785263525920753658e+00
4.783628542829510444e+00
4.781483891253253127e+00
4.778832349537174728e+00
4.775670748325872239e+00
4.772002121792666252e+00
4.767823351747774829e+00
4.763137472364522118e+00
4.757947517816226046e+00
4.752244217550011918e+00
4.746030605739197661e+00
4.739309716557104757e+00
4.732084584177052022e+00
4.724358242772359162e+00
4.716133726516345881e+00
4.707401764856137483e+00
4.698183849054343497e+00
4.688470708558091005e+00
4.678265377540697934e+00
4.667577042538582965e+00
4.656408737725064029e+00
4.644763497273460828e+00
4.632650507720191158e+00
4.620066650875475744e+00
4.607021113275731494e+00
4.593523081457377089e+00
4.579569437230633255e+00
4.565163214768818811e+00
4.550319752971449638e+00
4.535029781285650152e+00
4.519308638610933571e+00
4.503159359120621374e+00
4.486584976988027940e+00
4.469594678749577277e+00
4.452197650941680074e+00
4.434396927737658700e+00
4.416214000400125350e+00
4.397645750739299864e+00
4.378713670017792658e+00
4.359414640045830680e+00
4.339770152086020794e+00
4.319770935585490079e+00
4.299444634169944379e+00
4.278781977286512550e+00
4.257798303834705145e+00
4.236508952714039822e+00
4.214910805734734645e+00
4.193013049433208295e+00
4.170837175072073855e+00
4.148392369187744677e+00
4.125681665953542243e+00
4.102720404268979770e+00
4.079517770670474164e+00
4.056087849721862426e+00
4.032427403918089404e+00
4.008544246144609247e+00
3.984446189286883211e+00
3.960122589141079175e+00
3.935587410955754706e+00
3.910842315253269863e+00
3.885888962555986037e+00
3.860735165749365372e+00
3.835388737718865126e+00
3.809851338986848468e+00
3.784143087164968389e+00
3.758271795138683924e+00
3.732232971067259708e+00
3.706046732562350510e+00
3.679708587783220963e+00
3.653238654341522729e+00
3.626632440396523993e+00
3.599903911196779216e+00
3.573060879627747433e+00
3.546098853848692833e+00
3.519031799108174319e+00
3.491873680654746348e+00
3.464620006647675776e+00
3.437297047061711019e+00
3.409906462419215245e+00
3.382449913242551176e+00
3.354953669506467673e+00
3.327413239370231146e+00
3.299842588082399164e+00
3.272243376165330897e+00
3.244635721230682890e+00
3.217021283800815201e+00
3.189407876761187755e+00
3.161803312997259585e+00
3.134221557757586929e+00
3.106676576290727354e+00
3.079163876755944607e+00
3.051715881491086968e+00
3.024328098655419961e+00
2.997020645860596133e+00
2.969801335992075408e+00
2.942690286661511223e+00
2.915689158391266744e+00
2.888805764066798787e+00
2.862060221299763008e+00
2.835454190612521241e+00
2.809001637253629724e+00
2.782710374108547047e+00
2.756594366425829890e+00
2.730654014205070368e+00
2.704909284807166525e+00
2.679348123254760239e+00
2.653983084022882188e+00
2.628820569223466297e+00
2.603854676242250754e+00
2.579097959554266239e+00
2.554550668908350364e+00
2.530213054053338073e+00
2.506097669464260935e+00
2.482198612526856696e+00
2.458528437716157367e+00
2.435081242417900693e+00
2.411875733470216332e+00
2.388899855895744384e+00
2.366166164169516417e+00
2.343681060403465910e+00
2.321438641983331941e+00
2.299445311021047544e+00
2.277707469628546200e+00
2.256225367554665517e+00
2.235011559274433957e+00
2.214060142173592372e+00
2.193383670727170109e+00
2.172982394684004337e+00
2.152868868519125289e+00
2.133037189618272489e+00
2.113506064819573815e+00
2.094263439145669814e+00
2.075328019434689697e+00
2.056687750709275342e+00
2.038355187444456984e+00
2.020324427025973701e+00
2.002608023928856174e+00
1.985206227901941789e+00
1.968113136330967627e+00
1.951347456054062235e+00
1.934897132093867933e+00
1.918774718925415401e+00
1.902986618660637896e+00
1.887526928685274052e+00
1.872402051111258015e+00
1.857618388050523039e+00
1.843170036888807983e+00
1.829069552101143747e+00
1.815304878710172432e+00
1.801888571190923827e+00
1.788814726929138121e+00
1.776089748036747906e+00
1.763720036625686882e+00
1.751699555263463770e+00
1.740027879607761507e+00
1.728716755224228629e+00
1.717759470589219184e+00
1.707155466542186639e+00
1.696916488648778643e+00
1.687029673022252485e+00
1.677506765228256702e+00
1.668334901380049695e+00
1.659519674680180357e+00
1.651054373605004955e+00
1.642950743720171358e+00
1.635195921138937525e+00
1.627789346700756035e+00
1.620736613608177334e+00
1.614037162700654005e+00
1.607678130091444224e+00
1.601671261346196085e+00
1.596009844941264300e+00
1.590693321716102782e+00
1.585721132510163001e+00
1.581086565799801891e+00
1.576789062424472032e+00
1.572834215586722761e+00
1.569203009036716168e+00
1.565907188340098788e+00
1.562940041973226446e+00
1.560294858412455410e+00
1.557971078497237816e+00
1.555968143067026910e+00
1.554273188235081316e+00
1.552891807203950147e+00
1.551817288449989674e+00
1.551049072812653140e+00
1.550574296405198726e+00
1.550392400067078791e+00
1.550502824637747024e+00
1.550898858593558360e+00
1.551579942773965826e+00
1.552533213292227821e+00
1.553758110987797592e+00
1.555254076700127497e+00
1.557008246542476160e+00
1.559020061354296383e+00
1.561282809611944433e+00
1.563783627428677603e+00
1.566528108007047448e+00
1.569503387460310817e+00
1.572702754264824421e+00
1.576119496896943417e+00
1.579747533616943311e+00
1.583583301820780553e+00
1.587623868688330164e+00
1.591866301399467387e+00
1.596313819497164666e+00
1.600951185435103730e+00
1.605781618756257689e+00
1.610796034277403921e+00
1.615991499178418334e+00
1.621371233002273593e+00
1.626919998202650985e+00
1.632634861959425976e+00
1.638519043815571230e+00
1.644557306224768256e+00
1.650752868729989054e+00
1.657096646148012331e+00
1.663585705658713554e+00
1.670210962078870987e+00
1.676975634951457517e+00
1.683858334367057008e+00
1.690868432231739993e+00
1.697990690999186203e+00
1.705222177849272436e+00
1.712553807598776512e+00
1.719988799790670875e+00
1.727505764515539610e+00
1.735107921316356272e+00
1.742786185009897792e+00
1.750537622776040747e+00
1.758346997068465534e+00
1.766211375067048284e+00
1.774127823951664462e+00
1.782081106175994689e+00
1.790068288919915318e+00
1.798086439363300482e+00
1.806120319959833243e+00
1.814160845526290533e+00
1.822211235605645241e+00
1.830250100288481230e+00
1.838280659117771609e+00
1.846287674547197444e+00
1.854268213756634420e+00
1.862207039199763603e+00
1.870101218056459791e+00
1.877947817506599337e+00
1.885725447640765662e+00
1.893437328001932096e+00
1.901068221043779038e+00
1.908609041583085197e+00
1.916056856799726260e+00
1.923398078567502889e+00
1.930631868803793783e+00
1.937765191209194438e+00
1.944798857121202929e+00
1.951727525514220352e+00
1.958552007725745225e+00
1.965279267456372825e+00
1.971903963680504690e+00
1.978433060098735652e+00
1.984861215685467473e+00
1.991195394141294761e+00
1.997430254440619501e+00
2.003566607920939546e+00
2.009611418282851059e+00
2.015559344500754246e+00
2.021411197912147628e+00
2.027167789854529723e+00
2.032836084028496249e+00
2.038404587045350436e+00
2.043886414968785648e+00
2.049270074410105114e+00
2.054562529069904997e+00
2.059764590285683372e+00
2.064870917031841113e+00
2.069888473008973939e+00
2.074818069554579925e+00
2.079654365643060832e+00
2.084398172611913846e+00
2.089056454161735576e+00
2.093623869266926896e+00
2.098107381628082635e+00
2.102501650219604112e+00
2.106813638742087491e+00
2.111038006169933201e+00
2.115175563840639761e+00
2.119233275454802445e+00
2.123199647623725816e+00
2.127087796411101905e+00
2.130892380791332030e+00
2.134608059738817509e+00
2.138247949317250374e+00
2.141806708501032830e+00
2.145285148627662064e+00
2.148690233397733795e+00
2.152010469422552585e+00
2.155258972765810466e+00
2.158430402401909642e+00
2.161531722031443614e+00
2.164551438265717831e+00
2.167502667168425212e+00
