# ee
1.382202019233550773e-02
2.362573115975755145e-02
2.787597781368537225e-02
2.606124579066091546e-02
2.037489260229467455e-02
1.372776484163757034e-02
8.279621794600953641e-03
4.886314886482745826e-03
3.323884872213512826e-03
2.847926353119288774e-03
2.739930066634939116e-03
2.589041474923147075e-03
2.317572600698435820e-03
2.037462857301869119e-03
1.887845430876799926e-03
1.895353947347842112e-03
2.043083481205707451e-03
2.261164632535847454e-03
2.477292362482027329e-03
2.691442727506471785e-03
2.931008000009423155e-03
3.234649070448604013e-03
3.638317543369995986e-03
4.144692357831873675e-03
4.748288209358545939e-03
5.435336313245959367e-03
6.187317822007511875e-03
7.010663579951161191e-03
7.914658567669145828e-03
8.891753659794728037e-03
9.942607836257041920e-03
1.105705585400149592e-02
1.224743465676613081e-02
1.350507387203117582e-02
1.483016054288893194e-02
1.623984136485764895e-02
1.774129731336856336e-02
1.933813157298227420e-02
2.103399888717081764e-02
2.283208163800400092e-02
2.473348490247034154e-02
2.673873404788613614e-02
2.884757616661045437e-02
3.105873854243766663e-02
3.337032810835366403e-02
3.578221065077400592e-02
3.829220924072870846e-02
4.089787857857288961e-02
4.360079892478538333e-02
4.640299171237596138e-02
4.930663284042858391e-02
5.231272915650854449e-02
5.542255587885611817e-02
5.863792496706143192e-02
6.195832999117878437e-02
6.538365230741653711e-02
6.891467533054621009e-02
7.255245084601434635e-02
7.629534693251822930e-02
8.014133253277989921e-02
8.408678004562025743e-02
8.812793110455977019e-02
9.226075897244409574e-02
9.648204202414351061e-02
1.007868752106445553e-01
1.051732811316952870e-01
1.096389408165344553e-01
1.141823404064255670e-01
1.188022344133071034e-01
1.234979903357273784e-01
1.282679387999003939e-01
1.331096815652753895e-01
1.380186734259024051e-01
1.429901008051565059e-01
1.480184815530735942e-01
1.530999531571319572e-01
1.582302529021456794e-01
1.634053864436038062e-01
1.686213594369952995e-01
1.738739531390578741e-01
1.791585879528740100e-01
1.844699231414249352e-01
1.898028863383668663e-01
1.951521368066811424e-01
2.005132942160812448e-01
2.058815259324115743e-01
2.112524229868988634e-01
2.166215764107699004e-01
2.219829670112018483e-01
2.273319470353862837e-01
2.326631819650488431e-01
2.379713668685547734e-01
2.432520019262940925e-01
2.484995138359572808e-01
2.537088660365843240e-01
2.588747535965407187e-01
2.639916032135167789e-01
2.690543783265526567e-01
2.740588474867132751e-01
2.789997057623640475e-01
2.838689645151209473e-01
2.886666862268476019e-01
2.933821985524111553e-01
2.980128802669257948e-01
3.025534264387569894e-01
3.070012158430190929e-01
3.113482598413283564e-01
3.155919372087990782e-01
3.197242593070473982e-01
3.237426626539500751e-01
3.276448147384325993e-01
3.314230733786844296e-01
3.350724800996442987e-01
3.385934438397490420e-01
3.419810061239373922e-01
3.452275247703986416e-01
3.483334087175699589e-01
3.512936994903899102e-01
3.541061223205462238e-01
3.567657187329775215e-01
3.592702139593716981e-01
3.616173332314164268e-01
3.638021180740504401e-01
3.658249774257106290e-01
3.676809528113355596e-01
3.693704531693624005e-01
3.708885200247296066e-01
3.722355623158741245e-01
3.734066215677346867e-01
3.744022239849639222e-01
3.752233648370770780e-01
3.758657892463072026e-01
3.763359771618833283e-01
3.766269899992892856e-01
3.767426240010053329e-01
3.766813079960133481e-01
3.764468382267934232e-01
3.760376435223277136e-01
3.754548364183472042e-01
3.747048968640812605e-01
3.737835699817626534e-01
3.726946520138716967e-01
3.714419392028884825e-01
3.700238603777951107e-01
3.684468954878209468e-01
3.667148407754461381e-01
3.648288087764018917e-01
3.627925957331684659e-01
3.606099978882258417e-01
3.582848155713705962e-01
3.558208654616625832e-01
3.532246520322271932e-01
3.505026797561896501e-01
3.476560856931768528e-01
3.446940580230632434e-01
3.416177338054756651e-01
3.384389849270378336e-01
3.351589484473765368e-01
3.317868125463662721e-01
3.283290816971322634e-01
3.247922603727997903e-01
3.211882204599923463e-01
3.175180990183369412e-01
3.137910842277080170e-01
3.100163642679798492e-01
3.062031273190269909e-01
3.023605615607238839e-01
2.984978551729447482e-01
2.946215126288150299e-01
2.907434058149581668e-01
2.868727229112487120e-01
2.830186520975609965e-01
2.791903815537694622e-01
2.754024668732468206e-01
2.716614308897739027e-01
2.679819210000010110e-01
2.643732355477360074e-01
2.608446728767862544e-01
2.574108987444578833e-01
2.540838952013075858e-01
2.508756442978921641e-01
2.477954443780192861e-01
2.448579611989948057e-01
2.420778605181247434e-01
2.394644406792167113e-01
2.370299521035024171e-01
2.347901340309874740e-01
2.327575052535784672e-01
2.309456580458817132e-01
2.293673795704787299e-01
2.280365304726507114e-01
2.269664346563291246e-01
2.261712211374699300e-01
2.256650189320293654e-01
2.254619570559634745e-01
2.255767012665782223e-01
2.260233805798298190e-01
2.268161240116742250e-01
2.279690605780676504e-01
2.294966881671284264e-01
2.314109545955002067e-01
2.337239081813138053e-01
2.364473288720253252e-01
2.395932649857655805e-01
2.431732280993156581e-01
2.471995349014814991e-01
2.516839653397189847e-01
2.566380309908092294e-01
2.620740485435580913e-01
2.680040663160964676e-01
2.744393275145305400e-01
2.813921488276659999e-01
2.888745785736339666e-01
2.968959813638160639e-01
3.054713575937673120e-01
3.146100718748695013e-01
3.243214888185043665e-01
3.346203404495519673e-01
3.455159913793939830e-01
3.570178062194122592e-01
3.691405169944868003e-01
3.818908046092503450e-01
3.952807173818335129e-01
4.093169362168692649e-01
4.240141931392374941e-01
4.393818527603197688e-01
4.554265959847488832e-01
4.721604711306557900e-01
4.895928428094221685e-01
5.077277082189313173e-01
5.265771156773143558e-01
5.461504297959528520e-01
5.664543314794796558e-01
5.874981853392761133e-01
6.092913559867242368e-01
6.318351569129583289e-01
6.551389527293598469e-01
6.792067406338127000e-01
7.040505689444473969e-01
7.296744348591474028e-01
7.560823355757961828e-01
7.832809519990263647e-01
8.112742813267213027e-01
8.400690044635137355e-01
8.696637511937885812e-01
9.000678861289277410e-01
9.312854064668142362e-01
9.633149419918335399e-01
9.961658573153673313e-01
1.029830957584562334e+00
1.064314637585350276e+00
1.099612783759675194e+00
1.135726649962980117e+00
1.172649438930459365e+00
1.210382404517556409e+00
1.248921433166214845e+00
1.288259727611629657e+00
1.328398541709243652e+00
1.369331078194252482e+00
1.411053223508599075e+00
1.453560864094228355e+00
1.496849886393085027e+00
1.540913493140363189e+00
1.585742203364509439e+00
1.631329219800718322e+00
1.677665061477435993e+00
1.724742931129857659e+00
1.772556031493178530e+00
1.821092197889094821e+00
1.870344633052801520e+00
1.920303856012744781e+00
1.970952334677122941e+00
2.022285955487880482e+00
2.074289870059965235e+00
2.126954597421821802e+00
2.180267972895148620e+00
2.234217831801641019e+00
2.288786642049497999e+00
2.343959555253667393e+00
2.399727090442594246e+00
2.456069031817728288e+00
2.512973214700766622e+00
2.570424790706655749e+00
2.628406227743595114e+00
2.686902677426532549e+00
2.745891240250166732e+00
2.805359751536196100e+00
2.865287995486067718e+00
2.925658440007981476e+00
2.986458920423634034e+00
3.047637016453484726e+00
3.109215451606968550e+00
3.171163275258539471e+00
3.233422699715156945e+00
3.296016448486257300e+00
3.358886733878802211e+00
3.422029442334734828e+00
3.485413623228509117e+00
3.549008325934575936e+00
3.612836814543824104e+00
3.676817167202984571e+00
3.740975350910206387e+00
3.805283658528655355e+00
3.869714382921497275e+00
3.934266654019390685e+00
3.998885927618009983e+00
4.063571333648010153e+00
4.128295164972560549e+00
4.193002877387335126e+00
4.257720437890481158e+00
4.322393302277674820e+00
4.387020600479571542e+00
4.451547788291849272e+00
4.515947158577671594e+00
4.580244678335187558e+00
4.644358966292580604e+00
4.708289152380508824e+00
4.772007529462136688e+00
4.835513227468124065e+00
4.898751702194143576e+00
4.961695246503362355e+00
5.024316153258945761e+00
5.086586715324058261e+00
5.148506062629361502e+00
5.210046488038018175e+00
5.271153447345702681e+00
5.331799233415583039e+00
5.391982976178315567e+00
5.451650131429574664e+00
5.510799829100019309e+00
5.569404362052813084e+00
5.627409186083631276e+00
5.684813431123133753e+00
5.741562552966992250e+00
5.797655681545864859e+00
5.853065109722917825e+00
5.907763130361318282e+00
5.961722036324229812e+00
6.014940957542313171e+00
6.067338512743747359e+00
6.118913831859194019e+00
6.169639207751814958e+00
6.219460096217288125e+00
6.268375627186271615e+00
6.316331256454435383e+00
6.363326113952440188e+00
6.409278818408469469e+00
6.454242173888161460e+00
6.498161636187193224e+00
6.541037615541599237e+00
6.582848806341446313e+00
6.623575183282174983e+00
6.663223558126719404e+00
6.701747068503032700e+00
6.739152526174049918e+00
6.775419905835210699e+00
6.810529182181963570e+00
6.844433492842252775e+00
6.877139649579017799e+00
6.908627627087700951e+00
6.938877400063744538e+00
6.967868943202591758e+00
6.995609068267177655e+00
7.022077749952943648e+00
7.047254962955334712e+00
7.071147519037283224e+00
7.093708555826744089e+00
7.114998559221631602e+00
7.134916992714914308e+00
7.153551179272002791e+00
7.170800582385866484e+00
7.186725687954420572e+00
7.201306470673110027e+00
7.214522905237377159e+00
7.226354966342664277e+00
7.236809465751903758e+00
7.245866378160545906e+00
7.253505678264026812e+00
7.259734177825283297e+00
7.264558688607249515e+00
7.267905511170385857e+00
7.269861968480104686e+00
7.270381198164350245e+00
7.269470011986062907e+00
7.267162058775667788e+00
7.263437313228607195e+00
7.258329424175307132e+00
7.251818366311212571e+00
7.243910951399255893e+00
7.234613991202371253e+00
7.223907460416002735e+00
7.211825007870578119e+00
7.198346608261539714e+00
7.183452236284328052e+00
7.167202377836862759e+00
7.149550170547096073e+00
7.130529263245452221e+00
7.110119630627374399e+00
7.088381758590783122e+00
7.065269011362952156e+00
7.040816170770923144e+00
7.015058245241063695e+00
6.987976569064755950e+00
6.959579313600878336e+00
6.929928324343287649e+00
6.899004935583365139e+00
6.866790481612498276e+00
6.833373644992033036e+00
6.798735760013356000e+00
6.762884998035341155e+00
6.725856367484353449e+00
6.687658039719271308e+00
6.648325023166457903e+00
6.607892326252283510e+00
6.566341283268129381e+00
6.523733739707854973e+00
6.480077866930335162e+00
6.435381836294442159e+00
6.389653819159057058e+00
6.342955661018034874e+00
6.295268696162756861e+00
6.246601095952102334e+00
6.197014705879926311e+00
6.146517697305105443e+00
6.095145078654005566e+00
6.042958695420486137e+00
5.989993556030914768e+00
5.936257831844165445e+00
5.881786531286602226e+00
5.826668336919579971e+00
5.770884583034479931e+00
5.714470278057667940e+00
5.657487267483002569e+00
5.599916885601869510e+00
5.541820977908125556e+00
5.483207715760644696e+00
5.424138944653287275e+00
5.364622835944928170e+00
5.304694398061932326e+00
5.244415476498159201e+00
5.183794242612485448e+00
5.122892541898767860e+00
5.061745382783373159e+00
5.000360936625175334e+00
4.938827885985527466e+00
4.877154402223302654e+00
4.815402330832359468e+00
4.753606680239063742e+00
4.691775621802293905e+00
4.629996158909828630e+00
4.568268067052712489e+00
4.506643116683401118e+00
4.445146241186860081e+00
4.383802373948055831e+00
4.322636448351954819e+00
4.261673397783521722e+00
4.200964992695212175e+00
4.140536166471996182e+00
4.080411852498836645e+00
4.020616984160698237e+00
3.961230168977532440e+00
3.902276340334303928e+00
3.843780431615979154e+00
3.785794213275014641e+00
3.728342618696376398e+00
3.671477418332521836e+00
3.615223545568416075e+00
3.559605933789025567e+00
3.504649516379316321e+00
3.450406063791744860e+00
3.396927346478770371e+00
3.344211460757864796e+00
3.292283340013993698e+00
3.241221591767108112e+00
3.191051149402172271e+00
3.141770109236661224e+00
3.093457078790523784e+00
3.046136991448724185e+00
2.999861617663722502e+00
2.954602216685498384e+00
2.910464233101494713e+00
2.867445763229184319e+00
2.825598577521025057e+00
2.784947609361982934e+00
2.745517792137023072e+00
2.707334059231111034e+00
2.670475018164196079e+00
2.634911928186261409e+00
2.600723396817255839e+00
2.567934357442144044e+00
2.536542906378401074e+00
2.506600814078484341e+00
2.478159850994850810e+00
2.451244950512466048e+00
2.425854208948804214e+00
2.402039396756323608e+00
2.379825447319989351e+00
2.359237294024767007e+00
2.340326707323113542e+00
2.323089803642390372e+00
2.307568453984492507e+00
2.293748875326216297e+00
2.281697795846834520e+00
2.271374595455653012e+00
2.262819165264452259e+00
2.256049926731020783e+00
2.251079933899646335e+00
2.247916873401121229e+00
2.246571115572984834e+00
2.247050347046027685e+00
2.249362254451041210e+00
2.253519891832314492e+00
2.259530945820638070e+00
2.267400419340054096e+00
2.277138682728101937e+00
2.288748055202074916e+00
2.302238907099512844e+00
2.317613557637707711e+00
2.334877009740702114e+00
2.354036950039286147e+00
2.375095697750752688e+00
2.398055572092394172e+00
2.422913524868004931e+00
2.449669191588128125e+00
2.478319524056558532e+00
2.508864157783839310e+00
2.541302728280512735e+00
2.575629503643625196e+00
2.611838751970220862e+00
2.649930108770844228e+00
2.689892474729040917e+00
2.731720117941856429e+00
2.775407306506335825e+00
2.820950992226272991e+00
2.868340075785214882e+00
2.917563457866708454e+00
2.968612722861048603e+00
3.021471404038285069e+00
3.076128402081963475e+00
3.132575301382380939e+00
3.190795635209583203e+00
3.250775620540371502e+00
3.312501474351540853e+00
3.375948678792893176e+00
3.441106134547974982e+00
3.507949323766585970e+00
3.576437626358033750e+00
3.646610933434097923e+00
3.718374950769101961e+00
3.791769955862482444e+00
3.866730423494332047e+00
3.943244888967383233e+00
4.021301887584369794e+00
4.100863117580530570e+00
4.181917114258599355e+00
4.264425575853815431e+00
4.348377037668913481e+00
4.433733197939131898e+00
4.520482591967205366e+00
4.608560080920881319e+00
4.697981037170383622e+00
4.788680321883462376e+00
4.880646470362849598e+00
4.973841180843786347e+00
5.068252988629004641e+00
5.163789917818763620e+00
5.260467340783283596e+00
5.358246955757808294e+00
5.457063623910086925e+00
5.556905880542849729e+00
5.657708586823847696e+00
5.759460278055813731e+00
5.862122652473987117e+00
5.965630571246115288e+00
6.069972569674935592e+00
6.175083508928192799e+00
6.280925087241129745e+00
6.387485839916479335e+00
6.494673791054495382e+00
6.602477475957916120e+00
6.710831755794485431e+00
6.819698328799447040e+00
6.929065730275532964e+00
7.038815147255506055e+00
7.148961952109595508e+00
7.259441006005545205e+00
7.370187170111108799e+00
7.481162142661525571e+00
7.592327621892033029e+00
7.703618468970385713e+00
7.814996382131819352e+00
7.926396222544087600e+00
8.037779688442428849e+00
8.149081640994589648e+00
8.260263778435815496e+00
8.371260961933854716e+00
8.482008052656453856e+00
8.592493585906346709e+00
8.702625585783788864e+00
8.812368660689640976e+00
8.921672222619736914e+00
9.030515430803008670e+00
9.138850607400915038e+00
9.246630074574897051e+00
9.353832991553900911e+00
9.460438517566863936e+00
9.566372137707743306e+00
9.671613011205481669e+00
9.776113460221527163e+00
9.879798969849833412e+00
9.982675536386837578e+00
1.008469548199398425e+01
1.018581112883272688e+01
1.028597479906451184e+01
1.038516565191827823e+01
1.048336284662297047e+01
1.058054554240752232e+01
1.067661238729840534e+01
1.077159621465954409e+01
1.086544934665238316e+01
1.095807043130338876e+01
1.104949230197648724e+01
1.113964044376563578e+01
1.122849401589976992e+01
1.131597850347285394e+01
1.140207306571381984e+01
1.148673002478412641e+01
1.156992853991270742e+01
1.165164777032850729e+01
1.173178636405798514e+01
1.181037715446507264e+01
1.188734562664371808e+01
1.196264410275538026e+01
1.203627857909648569e+01
1.210817454076099509e+01
1.217833798404533496e+01
1.224669439404346427e+01
1.231324976705181840e+01
1.237792958816435274e+01
1.244073985367749913e+01
1.250160604868521297e+01
1.256053416948393142e+01
1.261747653823509907e+01
1.267235864003267309e+01
1.272518647117308888e+01
1.277591235381779455e+01
1.282448861012823471e+01
1.287092123640084651e+01
1.291516255479707631e+01
1.295722091659549946e+01
1.299708725593577796e+01
1.303475486193972088e+01
1.307021702372912486e+01
1.310344019335830978e+01
1.313447133408406309e+01
1.316327689796069578e+01
1.318985017411001337e+01
1.321415761458633398e+01
1.323621934557894342e+01
1.325600181914216513e+01
1.327349832439780108e+01
1.328872898753514598e+01
1.330166026060851614e+01
1.331231226980720805e+01
1.332067830425302191e+01
1.332677849013525773e+01
1.333057927950823007e+01
1.333207396149374269e+01
1.333130949934858656e+01
1.332827918219456009e+01
1.332294946208598141e+01
1.331536730227963972e+01
1.330552599189733698e+01
1.329341882006088049e+01
1.327906591295956495e+01
1.326248739678268684e+01
1.324364972358456072e+01
1.322257301955448483e+01
1.319927741088175210e+01
1.317372934962067532e+01
1.314597579902805080e+01
1.311598321115818244e+01
1.308379854926786301e+01
1.304946877661388172e+01
1.301298718231804052e+01
1.297442756670462316e+01
1.293375638182793885e+01
1.289104742801226600e+01
1.284634766851439913e+01
1.279962355538864927e+01
1.275092205189180383e+01
1.270026328421315753e+01
1.264769421560950313e+01
1.259320813520264082e+01
1.253679833211437966e+01
1.247856544373649079e+01
1.241847592212328344e+01
1.235657673053155392e+01
1.229291483221807901e+01
1.222750919946722981e+01
1.216037418894360833e+01
1.209157667754188381e+01
1.202110303095423127e+01
1.194902012607531638e+01
1.187534116566480868e+01
1.180013302661737384e+01
1.172335523755769593e+01
1.164512834951542430e+01
1.156543872818273755e+01
1.148432641338680860e+01
1.140183144495479439e+01
1.131796702564638224e+01
1.123280003235622537e+01
1.114634366784399866e+01
1.105861113486937874e+01
1.096964247325953323e+01
1.087947772284162973e+01
1.078818376051032324e+01
1.069577378902529396e+01
1.060234152234869143e+01
1.050790016324018872e+01
1.041254342566193891e+01
1.031631134944110784e+01
1.021924397440486310e+01
1.012138134038037052e+01
1.002279032426229222e+01
9.923484128810297733e+00
9.823556467986545471e+00
9.722993707483210457e+00
9.621889561262451096e+00
9.520257232083938703e+00
9.418190433909824577e+00
9.315675532432292627e+00
9.212833078680986887e+00
9.109703112483069631e+00
9.006298836598222834e+00
8.902713964988588913e+00
8.798988537481342576e+00
8.695189430971137057e+00
8.591383522352638025e+00
8.487610851453005978e+00
8.383938295166903032e+00
8.280432730388985973e+00
8.177161034013913365e+00
8.074163245868856364e+00
7.971506242848469981e+00
7.869230064779923595e+00
7.767401588557873104e+00
7.666087691076978849e+00
7.565324559675829619e+00
7.465159808806179242e+00
7.365610363363712665e+00
7.266719985311606678e+00
7.168559273680525479e+00
7.071145153366157565e+00
6.974548223399168023e+00
6.878758571607749062e+00
6.783873634090060278e+00
6.689910335741786618e+00
6.596912438526103095e+00
6.504896867338694655e+00
6.413907384142736312e+00
6.323960913833913011e+00
6.235128055442892503e+00
6.147425733865355291e+00
6.060844036929499801e+00
5.975480400733482966e+00
5.891378587240478026e+00
5.808555521346170814e+00
5.727054965013739007e+00
5.646947517273847694e+00
5.568250103022181818e+00
5.491006484221917283e+00
5.415260422836229992e+00
5.341055680828295849e+00
5.268409183093799797e+00
5.197364691595915964e+00
5.127939131230329295e+00
5.060203101027707540e+00
4.994146688816244684e+00
4.929813656559112189e+00
4.867247766219490401e+00
4.806465942693060711e+00
4.747485110875508951e+00
4.690349032730010137e+00
4.635074633152248325e+00
4.581705674105401194e+00
4.530285917552642871e+00
4.480832288389656526e+00
4.433415385647110796e+00
4.388078971288182473e+00
4.344866807276046572e+00
4.303795818506387150e+00
4.264936604009871068e+00
4.228279251614693202e+00
4.193840686216534941e+00
4.161637832711081231e+00
4.131687615994017904e+00
4.104006960961027239e+00
4.078583478215593416e+00
4.055394869462366714e+00
4.034523707451251440e+00
4.015918379594697996e+00
3.999661458642612466e+00
3.985728169074934435e+00
3.974147409506587181e+00
3.964948078552495758e+00
3.958132237760091154e+00
3.953701948676803024e+00
3.951659272850066351e+00
3.951952597692327096e+00
3.954610821818511202e+00
3.959609169708555143e+00
3.966922865842402501e+00
3.976580808834974334e+00
3.988558223166212002e+00
4.002857170383546936e+00
4.019452874966918721e+00
4.038401072598744257e+00
4.059650150691468617e+00
4.083229007860018633e+00
4.109112868584333000e+00
4.137303794411842262e+00
4.167777009822488665e+00
4.200534576363702755e+00
4.235524881447932266e+00
4.272749986622611296e+00
4.312185116367677651e+00
4.353832332230563651e+00
4.397640021623718809e+00
4.443610246094573668e+00
4.491745067190560547e+00
4.542019709391619031e+00
4.594409397177689591e+00
4.648916192096204547e+00
4.705515318627102594e+00
4.764182001250325094e+00
4.824864627378319781e+00
4.887538421491027130e+00
4.952151771000895764e+00
5.018679900387864379e+00
5.087071197064383377e+00
5.157274048442900494e+00
5.229290516070846273e+00
5.303095824428162075e+00
5.378692035062281107e+00
5.456027535385647553e+00
5.535104386945698174e+00
5.615897814222369000e+00
5.698411672509021919e+00
5.782549643812762596e+00
5.868297715089100919e+00
5.955588199158561302e+00
6.044380245909162674e+00
6.134633005228920410e+00
6.226251952870873296e+00
6.319249912858017737e+00
6.413559198010879925e+00
6.509192632352463370e+00
6.606109365770783448e+00
6.704268548153859975e+00
6.803709840592182090e+00
6.904365555906276875e+00
7.006221681051654215e+00
7.109237365916333928e+00
7.213371760388329612e+00
7.318557177288169235e+00
7.424752766503869061e+00
7.531944514990938089e+00
7.640037898502411551e+00
7.748992066926309263e+00
7.858739333083152978e+00
7.969265683928456134e+00
8.080503432282739595e+00
8.192384890966531330e+00
8.304842372800360195e+00
8.417835027672238013e+00
8.531322005470189040e+00
8.645235619014734141e+00
8.759535018193894018e+00
8.874206189963173230e+00
8.989154610075610563e+00
9.104393102554205086e+00
9.219853980219482992e+00
9.335469555891970472e+00
9.451225816527177415e+00
9.567055074945626458e+00
9.682862806900356389e+00
9.798634999346869989e+00
9.914303965105700556e+00
1.002980201699737250e+01
1.014508830490989766e+01
1.026004146752882384e+01
1.037467432887715013e+01
1.048886552764042079e+01
1.060257421370665298e+01
1.071573269989636934e+01
1.082824646196260687e+01
1.094010148686087369e+01
1.105118083047969613e+01
1.116149256578946947e+01
1.127099550882860157e+01
1.137964847563549320e+01
1.148741028224853977e+01
1.159429341884112930e+01
1.170020302731667883e+01
1.180512476078107653e+01
1.190907110940771219e+01
1.201197405216748670e+01
1.211379240509881150e+01
1.221451182130756763e+01
1.231411795389965746e+01
1.241254278184598192e+01
1.250977195825243626e+01
1.260579113622491221e+01
1.270050545766682504e+01
1.279392741275156453e+01
1.288598898045003516e+01
1.297667581386812508e+01
1.306591989197674941e+01
1.315370686788180343e+01
1.324002239468916819e+01
1.332482528843725333e+01
1.340804752809696510e+01
1.348970160384168615e+01
1.356971949464232630e+01
1.364811369067227176e+01
1.372481617090242345e+01
1.379978575137118746e+01
1.387300808518446260e+01
1.394444198838063720e+01
1.401407311406560829e+01
1.408180660414279650e+01
1.414765494878558272e+01
1.421155012696487496e+01
1.427350462885405413e+01
1.433347727049152986e+01
1.439142686791569581e+01
1.444728540009745998e+01
1.450109219427770668e+01
1.455277922942733149e+01
1.460230532158474226e+01
1.464968296092332345e+01
1.469487096348147404e+01
1.473785498236508928e+01
1.477856699654507189e+01
1.481704633326230258e+01
1.485325180855517857e+01
1.488714223846210061e+01
1.491867890389196383e+01
1.494788661937060326e+01
1.497473899015937171e+01
1.499923645858710408e+01
1.502135262991514431e+01
1.504108794647233971e+01
1.505844285058752341e+01
1.507344462165703014e+01
1.508606686494220384e+01
1.509636369690686486e+01
1.510428188574487329e+01
1.510987554792004772e+01
1.511314512576123370e+01
1.511406422452977161e+01
1.511268696068948714e+01
1.510896010243423504e+01
1.510291092916034472e+01
1.509453988319665640e+01
1.508384740687201209e+01
1.507080710544775215e+01
1.505549993245519680e+01
1.503787265608819723e+01
1.501795255574309174e+01
1.499579374788369179e+01
1.497134300070385926e+01
1.494468126773490724e+01
1.491575531717069403e+01
1.488464610254253095e+01
1.485135406617925291e+01
1.481585281334221094e+01
1.477825013463021619e+01
1.473849279823711456e+01
1.469666175769422800e+01
1.465273061826289691e+01
1.460672665933945602e+01
1.455867716032023829e+01
1.450860940060156778e+01
1.445649698544479911e+01
1.440242086838124003e+01
1.434632781760474707e+01
1.428827194957914948e+01
1.422830738076826051e+01
1.416640771643342944e+01
1.410265391010597469e+01
1.403707324118222388e+01
1.396969298905850643e+01
1.390051359606366432e+01
1.382958917866151971e+01
1.375697385331588940e+01
1.368266806235562250e+01
1.360669692798412456e+01
1.352907694363315727e+01
1.344982244554156559e+01
1.336894776994818912e+01
1.328646725309187104e+01
1.320244890534644178e+01
1.311696073708572285e+01
1.303007075868354114e+01
1.294184698051372351e+01
1.285238425001758777e+01
1.276169690343397534e+01
1.266987978820420757e+01
1.257692040349963136e+01
1.248283308555909166e+01
1.238757849648644971e+01
1.229119780958803965e+01
1.219362484990022644e+01
1.209487395366185147e+01
1.199498629417925422e+01
1.189394937062378510e+01
1.179191170457174564e+01
1.168888763226197192e+01
1.158497200113579062e+01
1.148023282156702152e+01
1.137476494099698776e+01
1.126860953273201815e+01
1.116180777007845215e+01
1.105440082634261856e+01
1.094642987483086394e+01
1.083790925178201370e+01
1.072890696756990891e+01
1.061943735843338210e+01
1.050954159767877449e+01
1.039926085861242022e+01
1.028868998867563000e+01
1.017787016117474685e+01
1.006686938648359231e+01
9.955755674975996783e+00
9.844597037025778263e+00
9.733407808871788802e+00
9.622282837955340895e+00
9.511182786380295795e+00
9.400175664520476815e+00
9.289275808614730678e+00
9.178470717834407822e+00
9.067855239620824293e+00
8.957390036077841344e+00
8.847169954646775025e+00
8.737316679836437672e+00
8.627898222020650820e+00
8.519004881237909999e+00
8.410655093780425418e+00
8.302970096807547051e+00
8.195990616276150220e+00
8.089730541075619286e+00
7.984203760095338609e+00
7.879450999292184399e+00
7.775486147555541905e+00
7.672323093774792824e+00
7.570002563906814252e+00
7.468538446840992329e+00
7.367971468534202373e+00
7.268288680808332458e+00
7.169557646687753305e+00
7.071792255061853716e+00
6.975006394820009170e+00
6.879240791919101206e+00
6.784536172316004254e+00
6.690906424900103566e+00
6.598392275628274461e+00
6.507007613389899525e+00
6.416820001209348590e+00
6.327843327976004240e+00
6.240118319646743572e+00
6.153685702178443684e+00
6.068559364460484495e+00
5.984753195382253033e+00
5.902334757968118240e+00
5.821317941107461813e+00
5.741716633689669891e+00
5.663598398739107864e+00
5.586950288077670912e+00
5.511813027662234354e+00
5.438227343449670848e+00
5.366207124329369194e+00
5.295766259190710201e+00
5.226918636923079120e+00
5.159731820550844894e+00
5.094219698963390996e+00
5.030369323982609053e+00
4.968248258632867120e+00
4.907870391803550447e+00
4.849276449451532578e+00
4.792480320466200538e+00
4.737522730804427873e+00
4.684417569355600719e+00
4.633205562076593509e+00
4.583873760789299645e+00
4.536489728518086295e+00
4.491040517084846861e+00
4.447510833873892899e+00
4.405956519721702769e+00
4.366377396892184848e+00
4.328773287649253732e+00
4.293117177189329503e+00
4.259435724843815940e+00
4.227728752876624974e+00
4.197996083551670310e+00
4.170264376200354839e+00
4.144506616019100420e+00
4.120749462339309055e+00
4.098939063289911644e+00
4.079128915269803812e+00
4.061318840542895714e+00
4.045454987238119138e+00
4.031590851754367044e+00
4.019672582220571222e+00
4.009726837968133673e+00
4.001753441260968103e+00
3.995698540228001860e+00
3.991615631268132347e+00
3.989450862510287799e+00
3.989204056218381034e+00
3.990901871723815386e+00
3.994490457155519536e+00
3.999969634777406302e+00
4.007339226853390279e+00
4.016599055647378513e+00
4.027722106355796861e+00
4.040681364175063628e+00
4.055476651369091634e+00
4.072107790201793698e+00
4.090547765869589014e+00
4.110769563568899443e+00
4.132746168496145955e+00
4.156477402915240482e+00
4.181936252022602218e+00
4.209095701014655688e+00
4.237928735087817422e+00
4.268435176506002016e+00
4.300561173398137704e+00
4.334306548028137307e+00
4.369644285592421795e+00
4.406547371287410364e+00
4.444988790309524873e+00
4.484941527855186294e+00
4.526378569120815598e+00
4.569272899302831981e+00
4.613570666530165454e+00
4.659244855999236101e+00
4.706297439640245273e+00
4.754685313913557643e+00
4.804394362013321818e+00
4.855410467133683738e+00
4.907665838333803876e+00
4.961200032942813642e+00
5.015945260019877061e+00
5.071914239826631032e+00
5.129039181422236027e+00
5.187332805068333386e+00
5.246754156891577203e+00
5.307262283018619797e+00
5.368843066643609774e+00
5.431482390960691298e+00
5.495112465029030169e+00
5.559746009110260623e+00
5.625315232263548459e+00
5.691806017683039620e+00
5.759204248562878270e+00
5.827415296894738361e+00
5.896478720007746865e+00
5.966326726961069582e+00
6.036918363881357941e+00
6.108239513962761436e+00
6.180249223331931496e+00
6.252879701048033034e+00
6.326116830305211991e+00
6.399946494297611643e+00
6.474300902084402232e+00
6.549139099792230745e+00
6.624420133547754830e+00
6.700129886545121316e+00
6.776200567843493339e+00
6.852618060637015063e+00
6.929287736917359553e+00
7.006222316946164597e+00
7.083354009782588889e+00
7.160641861553294518e+00
7.238044918384931137e+00
7.315522226404155504e+00
7.393005994670128089e+00
7.470482106376996612e+00
7.547909607651416053e+00
7.625193870485056813e+00
7.702320778072066609e+00
7.779249376539096872e+00
7.855938712012806135e+00
7.932294156484862135e+00
8.008328430216906213e+00
8.083946905200605215e+00
8.159139798361643159e+00
8.233860987416841581e+00
8.308068683814557431e+00
8.381801610205625863e+00
8.454964303903416578e+00
8.527595487558764731e+00
8.599599698485045352e+00
8.671042496400581001e+00
8.741828418618744934e+00
8.811969350722879568e+00
8.881423504161340077e+00
8.950175927449976143e+00
9.018211669104637451e+00
9.085515777641173685e+00
9.152019627440449057e+00
9.217735104085805986e+00
9.282620419025599645e+00
9.346660620775679718e+00
9.409813920784404928e+00
9.472065367567623184e+00
9.533373172573689658e+00
9.593749221385950321e+00
9.653124888385264057e+00
9.711512059154978616e+00
9.768868945143443838e+00
9.825180594866514738e+00
9.880405219772548264e+00
9.934554705444879730e+00
9.987587263331874965e+00
1.003948794194937477e+01
1.009021495274574143e+01
1.013978018130431380e+01
1.018808816493846692e+01
1.023517762629903061e+01
1.028100677683436182e+01
1.032556066506031733e+01
1.036877066535775427e+01
1.041067550037750777e+01
1.045120654450044206e+01
1.049034884624240860e+01
1.052811429118674802e+01
1.056446109078181728e+01
1.059934745647597154e+01
1.063278527385255501e+01
1.066470591729243012e+01
1.069514810944643024e+01
1.072404322469541960e+01
1.075140314862274415e+01
1.077715925560926280e+01
1.080132343123831973e+01
1.082390972360536274e+01
1.084486031965177588e+01
1.086420008003353210e+01
1.088195386540659726e+01
1.089809286229195529e+01
1.091261509427809173e+01
1.092551858495347794e+01
1.093685503204157605e+01
1.094654194792838453e+01
1.095465786740485825e+01
1.096114713992449374e+01
1.096600778907576590e+01
1.096926467551464413e+01
1.097094265989709960e+01
1.097098609167661820e+01
1.096941983150917999e+01
1.096626874005074725e+01
1.096153084088979668e+01
1.095520415761480848e+01
1.094731355088175029e+01
1.093783020721160781e+01
1.092677898726035046e+01
1.091415791461645490e+01
1.089999184993589054e+01
1.088430565387462501e+01
1.086707051295364579e+01
1.084833812489641680e+01
1.082807967622391310e+01
1.080629319052462201e+01
1.078305720258949307e+01
1.075828922480452654e+01
1.073206779196067551e+01
1.070439092764641664e+01
1.067522981838273743e+01
1.064463616189309825e+01
1.061260798176597397e+01
1.057919697572482853e+01
1.054437433029064763e+01
1.050819174318688631e+01
1.047067407506951930e+01
1.043181934952702328e+01
1.039167926428285504e+01
1.035027867999298579e+01
1.030758878317840299e+01
1.026366127156256525e+01
1.021852100580144374e+01
1.017216600948351157e+01
1.012464798033223090e+01
1.007593810486859098e+01
1.002611491788353781e+01
9.975147660689987816e+00
9.923131979106015521e+00
9.870027388404169599e+00
9.815847077991969982e+00
9.760657911411927401e+00
9.704446241004085039e+00
9.647225256175961050e+00
9.589034983402580536e+00
9.529861775023977799e+00
9.469745657515170834e+00
9.408699820283686677e+00
9.346737452737055918e+00
9.283871744282802041e+00
9.220142721395943042e+00
9.155590410551504021e+00
9.090201164089513952e+00
9.024068682619976300e+00
8.957152481415439738e+00
8.889546261085902401e+00
8.821236373971398592e+00
8.752262846546953412e+00
8.682665705287577751e+00
8.612458139600807527e+00
8.541680175961651855e+00
8.470318166710157470e+00
8.398438975388826222e+00
8.326055791405186923e+00
8.253181804166770164e+00
8.179883877216083121e+00
8.106175199960656386e+00
8.032095798875507953e+00
7.957658863368163082e+00
7.882904419913641547e+00
7.807899332054453190e+00
7.732629952130637641e+00
7.657163143684700302e+00
7.581512096124172650e+00
7.505743672991560977e+00
7.429844226626905801e+00
7.353907457640206147e+00
7.277892881304004469e+00
7.201921035295801410e+00
7.125951434888134095e+00
7.050077780691005991e+00
6.974286425044453175e+00
6.898644231490991707e+00
6.823164389438140631e+00
6.747886925360921495e+00
6.672878702801848583e+00
6.598179748235937225e+00
6.523799374077720259e+00
6.449785058904738300e+00
6.376126730166554957e+00
6.302921663582695011e+00
6.230106112467740154e+00
6.157750515473725095e+00
6.085871637117704402e+00
6.014432567781750727e+00
5.943503746117896114e+00
5.873101936643199572e+00
5.803217066807215829e+00
5.733865901127006559e+00
5.665092041187110183e+00
5.596885414437093864e+00
5.529289622461501352e+00
5.462321429777383663e+00
5.395997600901797142e+00
5.330308063284301845e+00
5.265323255576934258e+00
5.201059942296752503e+00
5.137481213825823012e+00
5.074684345883673231e+00
5.012632428852375810e+00
4.951369064316477164e+00
4.890911016793027422e+00
4.831301887866572997e+00
4.772504767919185653e+00
4.714590095602899211e+00
4.657547798367279945e+00
4.601421477796869830e+00
4.546174224273740627e+00
4.491876476449928823e+00
4.438518161774993587e+00
4.386116044765993927e+00
4.334713727007471817e+00
4.284327973016480051e+00
4.234975547310074084e+00
4.186673214405306709e+00
4.139437738819230717e+00
4.093312722136393411e+00
4.048288091806356626e+00
4.004407449413662334e+00
3.961660722407875479e+00
3.920064675306048851e+00
3.879662909692726647e+00
3.840418515949981959e+00
3.802401932729848610e+00
3.765603087481890210e+00
3.730038744723158217e+00
3.695725668970710309e+00
3.662678667665811183e+00
3.630904719946586923e+00
3.600382010807887667e+00
3.571142399379542809e+00
3.543190907723894778e+00
3.516532557903282896e+00
3.491118697845063235e+00
3.467008023746560585e+00
3.444151883535130132e+00
3.422582136340604819e+00
3.402276967157834786e+00
3.383268235116649425e+00
3.365534125211897543e+00
3.349079659505920237e+00
3.333883022993564982e+00
3.319976074804662947e+00
3.307336999934066935e+00
3.295970820444112270e+00
3.285882558397140496e+00
3.277050398788002195e+00
3.269479363679034023e+00
3.263174475132578412e+00
3.258087081075992764e+00
3.254275877706598319e+00
3.251692212951753369e+00
3.250341108873799012e+00
3.250200750467582722e+00
3.251276159795442933e+00
3.253545521852231115e+00
3.257013858700286146e+00
3.261686192401948237e+00
3.267540707952065748e+00
3.274555590345486600e+00
3.282709024577060930e+00
3.292032869776619464e+00
3.302478473871519160e+00
3.314024021856608826e+00
3.326701372861720962e+00
3.340488711881701711e+00
3.355337386843910252e+00
3.371252419810685463e+00
3.388211995776877039e+00
3.406194299737331566e+00
3.425204353754392361e+00
3.445220342822904680e+00
3.466220451937718217e+00
3.488182866093682222e+00
3.511085770285644614e+00
3.534934186575945603e+00
3.559679462891942148e+00
3.585328240069253436e+00
3.611839959901629982e+00
3.639229357091086303e+00
3.667484329272142851e+00
3.696565937011829117e+00
3.726488915012161840e+00
3.757241160907658806e+00
3.788756898197861211e+00
3.821077698652272314e+00
3.854191459905414785e+00
3.888032405456827156e+00
3.922615270008520838e+00
3.957927951195021610e+00
3.993931509583355410e+00
4.030640679875538090e+00
4.068016522638598254e+00
4.106020098439567612e+00
4.144692979047949422e+00
4.183942550895792145e+00
4.223810385752598151e+00
4.264230707117908636e+00
4.305218249693735899e+00
4.346707236979618472e+00
4.388739240745061387e+00
4.431221647422111332e+00
4.474196028780273338e+00
4.517596608319085938e+00
4.561384446605578624e+00
4.605601115409257318e+00
4.650154001162167816e+00
4.695084675633816040e+00
4.740300525256247788e+00
4.785816284731478021e+00
4.831593014626535343e+00
4.877618612575941981e+00
4.923827302079236468e+00
4.970233817838432877e+00
5.016799220420558925e+00
5.063484570392646766e+00
5.110277765389216853e+00
5.157113028909809493e+00
5.204005095656436097e+00
5.250915026196127933e+00
5.297777044028424420e+00
5.344605883855334305e+00
5.391362606243894184e+00
5.437981434693637262e+00
5.484477103906578499e+00
5.530783837382257317e+00
5.576889532755195056e+00
5.622758565663154684e+00
5.668368572026844632e+00
5.713727339905194214e+00
5.758788983222154378e+00
5.803588127104146288e+00
5.848052048407626380e+00
5.892215372259019368e+00
5.936059049649766273e+00
5.979537194503812714e+00
6.022657594880091558e+00
6.065401201770043826e+00
6.107775803232601497e+00
6.149735513191711078e+00
6.191261282638814478e+00
6.232387736700335523e+00
6.273068989300221610e+00
6.313285991429910204e+00
6.353019694080845881e+00
6.392277885311957952e+00
6.431014679047195592e+00
6.469237863345490780e+00
6.506955226265771941e+00
6.544094044664501730e+00
6.580662106600609462e+00
6.616640363065533492e+00
6.652036602118206687e+00
6.686831774750069179e+00
6.720979994885068365e+00
6.754489050582138887e+00
6.787339892832718213e+00
6.819513472628248252e+00
6.851017578027656540e+00
6.881779485887406622e+00
6.911833821333916106e+00
6.941161535358629564e+00
6.969716741885491729e+00
6.997480391905944508e+00
7.024487110546409951e+00
7.050664174663347161e+00
7.076046209383177299e+00
7.100587328629847761e+00
7.124295320462294967e+00
7.147124298804464537e+00
7.169108888782780298e+00
7.190176367253696910e+00
7.210334522276148128e+00
7.229591141909065044e+00
7.247927177143889566e+00
7.265296741904569089e+00
7.281707624250034705e+00
7.297142535243001937e+00
7.311591226231291429e+00
7.325072045701492840e+00
7.337576505072700428e+00
7.349069278696518381e+00
7.359595552127025542e+00
7.369146836783320609e+00
7.377687807017006882e+00
7.385263648382162316e+00
7.391839035230392874e+00
7.397432316048287326e+00
7.402035002254939933e+00
7.405665442336938575e+00
7.408315147713379289e+00
7.409975629803358999e+00
7.410638400025972850e+00
7.410348643935302348e+00
7.409071035882949019e+00
7.406797087288012449e+00
7.403571983704568815e+00
7.399333562416733123e+00
7.394153846046075174e+00
7.387997508944197378e+00
7.380856062530201100e+00
7.372774692358161630e+00
7.363744909847178555e+00
7.353758226416342580e+00
7.342859827619738766e+00
7.331014387808968635e+00
7.318240255470620959e+00
7.304555779091281842e+00
7.289979307157540056e+00
7.274475514021000677e+00
7.258089585235743435e+00
7.240786195153371629e+00
7.222610529327964990e+00
7.203554099178618664e+00
7.183608416124430462e+00
7.162818665719481004e+00
7.141176359382862771e+00
7.118699845601165421e+00
7.095380635793485880e+00
7.071237078446411140e+00
7.046287522046527307e+00
7.020523478012932195e+00
6.993990131899706419e+00
6.966678995125943352e+00
6.938608416178234428e+00
6.909796743543162201e+00
6.880235488639827146e+00
6.849968611237106764e+00
6.818981493828088603e+00
6.787258293120665087e+00
6.754863677025197966e+00
6.721754965182086039e+00
6.687969988434200097e+00
6.653492903489430788e+00
6.618334704123157053e+00
6.582506384110758724e+00
6.546045774295111919e+00
6.508990705519085651e+00
6.471298497423079610e+00
6.433006980849961920e+00
6.394153986642610477e+00
6.354750508576403334e+00
6.314780703359226699e+00
6.274255564766464843e+00
6.233212923640989445e+00
6.191636936690687598e+00
6.149592271825927270e+00
6.107009411619608308e+00
6.063979861049591413e+00
6.020487776823764570e+00
5.976544152717507608e+00
5.932186819573690428e+00
5.887453608235189151e+00
5.842301838342399023e+00
5.796796177805684458e+00
5.750947620400427063e+00
5.704740322834514821e+00
5.658238953018311257e+00
5.611427667659706131e+00
5.564344297601571121e+00
5.516999836619287834e+00
5.469378441420745141e+00
5.421544779916306567e+00
5.373536682948842902e+00
5.325311470158754723e+00
5.276933809456402003e+00
5.228441531684659083e+00
5.179845630618909347e+00
5.131157100034529961e+00
5.082413770774393491e+00
5.033653473681372503e+00
4.984860365463356757e+00
4.936045439895726084e+00
4.887300201956336743e+00
4.838581971285584871e+00
4.789928578726344810e+00
4.741351018053995503e+00
4.692911246643072687e+00
4.644606705589813700e+00
4.596432125454631645e+00
4.548382236797929856e+00
4.500505444315106018e+00
4.452796478566567906e+00
4.405276907180216917e+00
4.357914623648970753e+00
4.310758032668221773e+00
4.263828701865872262e+00
4.217094524734838146e+00
4.170603905970513559e+00
4.124351576133309827e+00
4.078359102851123907e+00
4.032621216684367127e+00
3.987132648193449924e+00
3.941968639141256059e+00
3.897070245953211831e+00
3.852459036257218195e+00
3.808183414748667062e+00
3.764211274920477468e+00
3.720591021468041326e+00
3.677317384951770407e+00
3.634411932999563000e+00
3.591896233239320946e+00
3.549791853298946087e+00
3.508120360806338933e+00
3.466849649254418075e+00
3.426028123338575870e+00
3.385677350686712384e+00
3.345765224791747539e+00
3.306340150349071472e+00
3.267396857919095510e+00
3.228930078062229203e+00
3.190988215473865797e+00
3.153566000714413509e+00
3.116658164344281001e+00
3.080313111058861963e+00
3.044498734351075875e+00
3.009290275983805607e+00
2.974655629449968863e+00
2.940616362377465709e+00
2.907167205326708359e+00
2.874356562993088726e+00
2.842179165937014584e+00
2.810602907651404969e+00
2.779703029899145417e+00
2.749447426173151854e+00
2.719857664101326122e+00
2.690982148379060135e+00
2.662760376811949659e+00
2.635259798063716463e+00
2.608492628043268091e+00
2.582390571457036987e+00
2.557046355416405792e+00
2.532391684627807837e+00
2.508438775000148890e+00
2.485226679509829228e+00
2.462713939930771812e+00
2.440939609239376473e+00
2.419862229209568394e+00
2.399494015750253784e+00
2.379847184770339741e+00
2.360907115111243293e+00
2.342686022681870650e+00
2.325196123391129355e+00
2.308422796080435990e+00
2.292351419591206696e+00
2.276994209832347238e+00
2.262336545645274644e+00
2.248417480006387859e+00
2.235195554689610731e+00
2.222709822671342206e+00
2.210918825725506576e+00
2.199834779761012271e+00
2.189443063619274543e+00
2.179782730276690561e+00
2.170785484439695434e+00
2.162517216152179067e+00
2.154936467188064864e+00
2.148028616388768963e+00
2.141805879663199796e+00
2.136280472920263573e+00
2.131410937933885030e+00
2.127209490612971265e+00
2.123688346866429377e+00
2.120832885535676837e+00
2.118628485462126676e+00
2.117087362554689101e+00
2.116194895654778918e+00
2.115936463603810935e+00
2.116324282310693583e+00
2.117316893549350709e+00
2.118953350296182148e+00
2.121192194325110414e+00
2.124045641545044383e+00
2.127472233729907902e+00
2.131511023856099918e+00
2.136120553697544278e+00
2.141286202095657121e+00
2.147021014528875504e+00
2.153314517686263141e+00
2.160157067826415034e+00
2.167539021207924854e+00
2.175477571156879453e+00
2.183936236864379765e+00
2.192932211656511754e+00
2.202429014724378131e+00
2.212459941634559613e+00
2.222991195284908184e+00
2.234018499347515618e+00
2.245537577494474579e+00
2.257538785984378737e+00
2.270012481075823541e+00
2.282954386440899430e+00
2.296354858338202742e+00
2.310201569319576098e+00
2.324490243057113048e+00
2.339208552102658434e+00
2.354346852714806815e+00
2.369895501152151418e+00
2.385839486259788700e+00
2.402169164296312331e+00
2.418874891520316428e+00
2.435944340483645831e+00
2.453367867444894657e+00
2.471130461249158916e+00
2.489219794448283007e+00
2.507623539594112660e+00
2.526329369238492273e+00
2.545322272226517857e+00
2.564592604816782195e+00
2.584125355854383077e+00
2.603902830477666352e+00
2.623915384945225693e+00
2.644145324395406949e+00
2.664577637673307908e+00
2.685199997330772081e+00
2.705994708506146651e+00
2.726946760044526297e+00
2.748043824497757637e+00
2.769262839590687530e+00
2.790591477875161708e+00
2.812009360782776302e+00
2.833506844572127203e+00
2.855060866968061717e+00
2.876656416815675410e+00
2.898273115546567080e+00
2.919898635712579349e+00
2.941509915038561740e+00
2.963094059729505680e+00
2.984643961723231875e+00
3.006151946610708503e+00
3.027613023689652572e+00
3.049019518551031815e+00
3.070366440492562798e+00
3.091646115105214143e+00
3.112850867979952696e+00
3.133975708414495909e+00
3.155012961999811072e+00
3.175954954326865920e+00
3.196791327279880246e+00
3.217519773863318111e+00
3.238129935961400641e+00
3.258614139165092016e+00
3.278964709065363525e+00
3.299173971253181126e+00
3.319234251319512552e+00
3.339135191148577153e+00
3.358869116331342219e+00
3.378414933925029562e+00
3.397797174001597753e+00
3.416984008791270622e+00
3.435951661644521593e+00
3.454703192979315496e+00
3.473268500281107674e+00
3.491570132765388301e+00
3.509637987917612723e+00
3.527475126155746654e+00
3.545057770830261301e+00
3.562362145291629645e+00
3.579391309957816958e+00
3.596121488179295334e+00
3.612582577441521003e+00
3.628723964027475546e+00
3.644548708355122013e+00
3.660059870842426122e+00
3.675233674839860409e+00
3.690073180765388372e+00
3.704554611969483879e+00
3.718681028870111760e+00
3.732401817750251816e+00
3.745773713162851681e+00
3.758746101390893379e+00
3.771295205784849891e+00
3.783450923830175672e+00
3.795189478877345035e+00
3.806487094276830074e+00
3.817346830446595174e+00
3.827744910737113759e+00
3.837685725834792283e+00
3.847152150432314510e+00
3.856182063625791745e+00
3.864705996241368346e+00
3.872788664442644357e+00
3.880387436123258205e+00
3.887540190379317195e+00
3.894204295104460201e+00
3.900390792327302236e+00
3.906110724076465424e+00
3.911375132380565667e+00
3.916141385133240505e+00
3.920447361430599464e+00
3.924304103301261115e+00
3.927642141571370704e+00
3.930526192404527830e+00
3.932940460761862322e+00
3.934869151604499127e+00
3.936323306961058144e+00
3.937313968860157498e+00
3.937825342262924355e+00
3.937868469197978616e+00
3.937454391693937961e+00
3.936540477644437708e+00
3.935164606145588717e+00
3.933310982158519042e+00
3.931017484779336435e+00
3.928241481901678878e+00
3.924994015554164051e+00
3.921312964832902814e+00
3.917128860564038195e+00
3.912506418911173345e+00
3.907429844835434540e+00
3.901910180365440795e+00
3.895904793394828314e+00
3.889451563019706182e+00
3.882561531268693411e+00
3.875218903102918055e+00
3.867434720550997795e+00
3.859220025641552088e+00
3.850559023335708542e+00
3.841462755662084838e+00
3.831942264649299990e+00
3.822008592325973009e+00
3.811672780720722908e+00
3.800919034794675966e+00
3.789758396576451194e+00
3.778175071027176646e+00
3.766206937242961406e+00
3.753838200184933083e+00
3.741079400230342245e+00
3.727912234083464948e+00
3.714398407999688345e+00
3.700465442896938129e+00
3.686175045030597008e+00
3.671508409453576594e+00
3.656473568286277231e+00
3.641078553649100158e+00
3.625331397662445276e+00
3.609213295379224196e+00
3.592732278919836819e+00
3.575923217472175342e+00
3.558767306089150484e+00
3.541272576891163038e+00
3.523447061998614682e+00
3.505271956464413474e+00
3.486808966543943900e+00
3.468012450222626608e+00
3.448944113755842089e+00
3.429558315129010104e+00
3.409889923530023736e+00
3.389920134011792374e+00
3.369710652829700059e+00
3.349242675036655736e+00
3.328497395685571014e+00
3.307509683964335867e+00
3.286287571993353751e+00
3.264839091893024126e+00
3.243145438716257267e+00
3.221241481650946259e+00
3.199135252817491004e+00
3.176861621403786362e+00
3.154374945395247654e+00
3.131710093979770182e+00
3.108875099277753851e+00
3.085877993409599007e+00
3.062753645563198734e+00
3.039483250791464641e+00
3.016101678282287146e+00
2.992590123088575638e+00
2.968983454398224975e+00
2.945289704331635061e+00
2.921516905009206244e+00
2.897673088551341092e+00
2.873766287078439507e+00
2.849804532710904059e+00
2.825822694636626498e+00
2.801801967908515767e+00
2.777777221714465838e+00
2.753729651107386101e+00
2.729692537829232712e+00
2.705665976770727621e+00
2.681675312444147252e+00
2.657719052294278406e+00
2.633768866698414257e+00
2.609850100168832565e+00
2.585988097217809312e+00
2.562181365290130408e+00
2.538428411830583098e+00
2.514700907216457892e+00
2.491051033027526618e+00
2.467477296708573409e+00
2.443951368636892330e+00
2.420498593324760250e+00
2.397117478216963971e+00
2.373833367825779028e+00
2.350617932528499487e+00
2.327523353904896286e+00
2.304494465264768976e+00
2.281610285255379456e+00
2.258842484254022231e+00
2.236189569705480551e+00
2.213650049054542102e+00
2.191249266813482421e+00
2.168985730427088754e+00
2.146884784407637081e+00
2.124918099132420579e+00
2.103084182046226491e+00
2.081462051796315382e+00
2.059969704624994957e+00
2.038686159179528889e+00
2.017583085837210799e+00
1.996658992042824154e+00
1.975966059376139228e+00
1.955475958214449417e+00
1.935187196002540633e+00
1.915151954320181371e+00
1.895341903544665252e+00
1.875782388188270255e+00
1.856445078628289558e+00
1.837382156444492765e+00
1.818565292014172385e+00
1.800019829849606845e+00
1.781771114463073014e+00
1.763790816231864511e+00
1.746077442600766139e+00
1.728683175149548834e+00
1.711606521322996510e+00
1.694819151498403453e+00
1.678346410188046312e+00
1.662212545351830606e+00
1.646410581672677953e+00
1.630932447281138176e+00
1.615770070307761541e+00
1.600969053018081123e+00
1.586467649407663494e+00
1.572311461742040839e+00
1.558492418151763648e+00
1.545002446767382187e+00
1.531860312786937017e+00
1.519031107273486558e+00
1.506533595425072480e+00
1.494359705372245051e+00
1.482528202313044163e+00
1.471031014378020751e+00
1.459886906765216485e+00
1.449060970537689119e+00
1.438571970893479435e+00
1.428438673030629991e+00
1.418626168012198985e+00
1.409180058103718158e+00
1.400049332127751400e+00
1.391271541229585296e+00
1.382833246126269788e+00
1.374731742361854137e+00
1.366969692893883703e+00
1.359544393266407747e+00
1.352455822730222801e+00
1.345701276829377235e+00
1.339283418521417079e+00
1.333202227057140865e+00
1.327452314273846579e+00
1.322039026835829301e+00
1.316959660287138512e+00
1.312214193878570745e+00
1.307797239447424875e+00
1.303706092537749273e+00
1.299943416107090410e+00
1.296503821992746941e+00
1.293387289445516508e+00
1.290588430302697986e+00
1.288107223815088576e+00
1.285943649233485697e+00
1.284095002101937499e+00
1.282558577964491686e+00
1.281331672365197072e+00
1.280411580848101361e+00
1.279800966370751025e+00
1.279491757063695667e+00
1.279483932177732930e+00
1.279769681412749716e+00
1.280347608159478678e+00
1.281219261084739047e+00
1.282378137735102674e+00
1.283823103070639737e+00
1.285550338344670696e+00
1.287561392224015222e+00
1.289849762255244503e+00
1.292411629691679886e+00
1.295248543200139935e+00
1.298354000327197166e+00
1.301726866032920871e+00
1.305360637863883788e+00
1.309256864486903593e+00
1.313406359741803753e+00
1.317807988588654444e+00
1.322457932280775905e+00
1.327349688364740432e+00
1.332479438093868929e+00
1.337846046428230462e+00
1.343440327207648499e+00
1.349258461685443944e+00
1.355293947408187760e+00
1.361545649335950570e+00
1.368007065015304002e+00
1.374669008286070193e+00
1.381530344108319763e+00
1.388581886321875292e+00
1.395822499886805845e+00
1.403240314936185618e+00
1.410834196430084342e+00
1.418597641915074092e+00
1.426521465230976782e+00
1.434604531337863031e+00
1.442832286662056651e+00
1.451203596163628262e+00
1.459709273682399333e+00
1.468340133058193331e+00
1.477092355544330493e+00
1.485956754980634065e+00
1.494926828913675454e+00
1.503993391183276795e+00
1.513147255629260668e+00
1.522381919798199368e+00
1.531690881236664303e+00
1.541062270077728336e+00
1.550489583867963983e+00
1.559966320153942432e+00
1.569477925361987936e+00
1.579020580745421620e+00
1.588586250142235645e+00
1.598166129969605498e+00
1.607763301469871342e+00
1.617375478471877237e+00
1.626997691097715970e+00
1.636624969469482771e+00
1.646260394829517359e+00
1.655896313593165692e+00
1.665530439589270717e+00
1.675160486646674496e+00
1.684784168594221088e+00
1.694396515554003724e+00
1.703995241354865575e+00
1.713575376118900540e+00
1.723131949968202736e+00
1.732662676731614670e+00
1.742165270237979513e+00
1.751632076902642554e+00
1.761060810554445855e+00
1.770446501315483534e+00
1.779786863014599207e+00
1.789074242067137055e+00
1.798309036008689077e+00
1.807480907547851290e+00
1.816587570513466199e+00
1.825626738734377197e+00
1.834590758625929574e+00
1.843474660310215452e+00
1.852273473909330281e+00
1.860982229545367517e+00
1.869595957340420611e+00
1.878112371123332291e+00
1.886521133602699907e+00
1.894822642314113459e+00
1.903006559966169187e+00
1.911067916680961654e+00
1.919004426287333143e+00
1.926811118907377107e+00
1.934477657249690452e+00
1.942004438849864290e+00
1.949381126416494636e+00
1.956605433778423997e+00
1.963667023644248166e+00
1.970566293549559367e+00
1.977292906202953615e+00
1.983839208019774425e+00
1.990205596535614685e+00
1.996381734459070412e+00
2.002362651912234615e+00
2.008143379017201191e+00
2.013717145946282816e+00
2.019083401606410089e+00
2.024239794954731941e+00
2.029186658655146580e+00
2.033927009078301040e+00
2.038453127767847484e+00
2.042770714801180887e+00
2.046877419135451515e+00
2.050773573434556685e+00
2.054454142948896944e+00
2.057922144049119328e+00
2.061177909399122044e+00
2.064219087956054466e+00
2.067043328677065528e+00
2.069650964226053436e+00
2.072042327266915951e+00
2.074215066756803338e+00
2.076172199066362190e+00
2.077908689445993051e+00
2.079430237973091344e+00
2.080731809898057172e+00
2.081819105298288619e+00
2.082687089424184457e+00
2.083338778646391720e+00
2.083771821922060230e+00
2.083986551915087748e+00
2.083985984996122198e+00
2.083765086415563239e+00
2.083326872544057906e+00
2.082668992338755132e+00
2.081791778463554454e+00
2.080695563582353191e+00
2.079383364065798379e+00
2.077852828871039836e+00
2.076104290661975771e+00
2.074140765809252773e+00
2.071959903270021108e+00
2.069564719414926923e+00
2.066952863201120483e+00
2.064130034705997652e+00
2.061088515473209259e+00
2.057836689286900889e+00
2.054369521397473086e+00
2.050690028175572444e+00
2.046798542285098055e+00
2.042695396389947682e+00
2.038383606860768360e+00
2.033863506361459184e+00
2.029138111262666744e+00
2.024207754228290135e+00
2.019075358900911610e+00
2.013740794304107240e+00
2.008206520440138476e+00
2.002472313604515275e+00
1.996540633799499975e+00
1.990413941027352251e+00
1.984089327876835229e+00
1.977569254350208583e+00
1.970856180449734207e+00
1.963952566177672443e+00
1.956860871536283630e+00
1.949583556527828776e+00
1.942117713741069895e+00
1.934473854298515816e+00
1.926649070788928553e+00
1.918645823214568003e+00
1.910469255284445556e+00
1.902121827000821108e+00
1.893605998365955223e+00
1.884926913088858402e+00
1.876084347465041269e+00
1.867083445203514325e+00
1.857929350013287406e+00
1.848621838189872024e+00
1.839163369735528741e+00
1.829561772066016445e+00
1.819814137770097817e+00
1.809928294263532633e+00
1.799906701548580124e+00
1.789751819627501517e+00
1.779468792209307093e+00
1.769062763003006244e+00
1.758536192010859533e+00
1.747899590355376453e+00
1.737152734332067183e+00
1.726306135063439662e+00
1.715359568845006732e+00
1.704323546799275890e+00
1.693195161515009595e+00
1.681987607821465058e+00
1.670697978307404519e+00
1.659334100388588196e+00
1.647903801480774089e+00
1.636406857879472820e+00
1.624848413293696225e+00
1.613238978845951355e+00
1.601583698245248266e+00
1.589885031493847301e+00
1.578150806007508677e+00
1.566386165495241123e+00
1.554598136239888850e+00
1.542785172579139719e+00
1.530950295131264127e+00
1.519096524514531810e+00
1.507218830226966455e+00
1.495322916593588403e+00
1.483409120525917890e+00
1.471477778935476710e+00
1.459531912440535484e+00
1.447574541659365277e+00
1.435606003503486550e+00
1.423634686004669359e+00
1.411663609781182771e+00
1.399690428037800416e+00
1.387723528806290130e+00
1.375760565291424875e+00
1.363809925524973155e+00
1.351869262711707931e+00
1.339944281176648211e+00
1.328038001538064172e+00
1.316148077000729000e+00
1.304280211889661700e+00
1.292440110529882391e+00
1.280625426126163369e+00
1.268847230417022631e+00
1.257105860313981749e+00
1.245401652728561404e+00
1.233745679399280260e+00
1.222135593530910391e+00
1.210577099448471694e+00
1.199070534063485294e+00
1.187624285407720137e+00
1.176238690392698016e+00
1.164916769636688887e+00
1.153661543757964036e+00
1.142478717081542250e+00
1.131373993932444089e+00
1.120345027515441405e+00
1.109405573275801471e+00
1.098553284418296805e+00
1.087796548974695909e+00
1.077138387563269406e+00
1.066587188215786464e+00
1.056143287843768208e+00
1.045809707065485261e+00
1.035594833912706347e+00
1.025499005296953481e+00
1.015527925543245891e+00
1.005684615269853976e+00
9.959747788017978554e-01
9.863980568065843224e-01
9.769620398026578334e-01
9.676602035307033667e-01
9.584967585584012184e-01
9.494732317466841875e-01
9.405857825429849717e-01
9.318386215149855323e-01
9.232305918168681735e-01
9.147605366028155327e-01
9.064326664405085721e-01
8.982431407773812104e-01
8.901961701811142991e-01
8.822879140991416458e-01
8.745252668058932644e-01
8.669017040420535780e-01
8.594214363753036601e-01
8.520859906665755323e-01
8.448915263633026695e-01
8.378395703264168715e-01
8.309316494168507150e-01
8.241666067887861713e-01
8.175486530099042026e-01
8.110739475276388388e-01
8.047467009096712642e-01
7.985657563101838941e-01
7.925353242968578016e-01
7.866515643171266836e-01
7.809213706454209980e-01
7.753382190224245019e-01
7.699090037225678751e-01
7.646272004865360961e-01
7.594970198820086837e-01
7.545146213564205562e-01
7.496842154774523426e-01
7.450046453992873463e-01
7.404720705693580429e-01
7.360933852620956674e-01
7.318620652181837549e-01
7.277823210053040448e-01
7.238556794843883369e-01
7.200783001028697727e-01
7.164517097216805963e-01
7.129774352017529404e-01
7.096516359905200577e-01
7.064785226556630215e-01
7.034515709378662551e-01
7.005749914048109428e-01
6.978449435039308923e-01
6.952629540961573484e-01
6.928305500424227770e-01
6.905438962328086516e-01
6.884018630347386036e-01
6.864086936717832543e-01
6.845605802472646273e-01
6.828563985712550188e-01
6.813003918673248283e-01
6.798860685320469166e-01
6.786176717889917942e-01
6.774887100347332103e-01
6.765007427860915135e-01
6.756499621463899485e-01
6.749406113391986928e-01
6.743661987610910513e-01
6.739256002221389874e-01
6.736203752391635158e-01
6.734493996222361556e-01
6.734061817679307671e-01
6.734949648998177496e-01
6.737119411212192377e-01
6.740559862422074167e-01
6.745259760728539167e-01
6.751181027164817605e-01
6.758312419831624673e-01
6.766669533897171629e-01
6.776160616259702119e-01
6.786828099154916805e-01
6.798633903616044805e-01
6.811539950676311905e-01
6.825534998436435519e-01
6.840607804997134167e-01
6.856693454324145343e-01
6.873807541585678083e-01
6.891911987814957063e-01
6.910995551112701918e-01
6.930993315444650138e-01
6.951894038911516915e-01
6.973686479614021883e-01
6.996332558585393047e-01
7.019821033926347820e-01
7.044086989602620363e-01
7.069119183714930310e-01
7.094906374363997292e-01
7.121383645515554361e-01
7.148539755270320040e-01
7.176336624661523445e-01
7.204709337654897627e-01
7.233673489418654956e-01
7.263164163918526262e-01
7.293143282187740661e-01
7.323572765259528383e-01
7.354419030462888696e-01
7.385666480309935888e-01
7.417304013608565505e-01
7.449320529166665317e-01
7.481731762859616941e-01
7.514472939360329340e-01
7.547559794544189682e-01
7.580954390151590783e-01
7.614645624990428185e-01
7.648649234936083507e-01
7.682900444661462380e-01
7.717388152974460347e-01
7.752128095750456804e-01
7.787055497662361825e-01
7.822186094585555916e-01
7.857481948260441884e-01
7.892931957494907502e-01
7.928498184029354467e-01
7.964196363739165507e-01
7.999934884229754628e-01
8.035756318443999513e-01
8.071595891054805794e-01
8.107442500870064572e-01
8.143258209630177547e-01
8.179058753210525223e-01
8.214752519216527160e-01
8.250355243523562754e-01
8.285828987872031481e-01
8.321162651069826666e-01
8.356291457789856159e-01
8.391204306840007732e-01
8.425890097028178038e-01
8.460284053027270490e-01
8.494375073645178409e-01
8.528152057689789567e-01
8.561550229834018477e-01
8.594531651818257956e-01
8.627112059517896281e-01
8.659199840538346349e-01
8.690810730754990887e-01
8.721879954840738858e-01
8.752396411603481363e-01
8.782295325716127365e-01
8.811565595986565747e-01
8.840196121222688719e-01
8.868095289029912509e-01
8.895278835283622065e-01
8.921681984656721909e-01
8.947266798889610406e-01
8.972022176790185322e-01
8.995891662754338380e-01
9.018878917137422846e-01
9.041022757085268591e-01
9.062335162676218303e-01
9.082801276921116385e-01
9.102433079898305524e-01
9.121269388753616703e-01
9.139295346497898764e-01
9.156549770276982692e-01
9.173017803101717327e-01
9.188738262117932543e-01
9.203696290336480512e-01
9.217903867835698373e-01
9.231399811761420438e-01
9.244169265124491108e-01
9.256224208003253073e-01
9.267576620476044580e-01
9.278265319688701052e-01
9.288248611584576375e-01
9.297592150376992048e-01
9.306254242009307509e-01
9.314273703627354850e-01
9.321662515309473429e-01
9.328405820066510978e-01
9.334542435044299591e-01
9.340084340321179734e-01
9.345016678907999141e-01
9.349351430883097169e-01
9.353127413392307021e-01
9.356329769446476430e-01
9.358997316191436378e-01
9.361115196638036817e-01
9.362722227932107621e-01
9.363803553084499853e-01
9.364371152173550650e-01
9.364463842345092104e-01
9.364039929542483653e-01
9.363165067979044576e-01
9.361824400665625934e-01
9.360003070613074350e-01
9.357766732034714652e-01
9.355100527941396793e-01
9.352016438411460131e-01
9.348553280590732317e-01
9.344669360422571680e-01
9.340430332120304158e-01
9.335821338694779703e-01
9.330881197291823748e-01
9.325568213854795729e-01
9.319948042597020477e-01
