# te
1.069361897595366706e+00
1.348113344733464558e+00
1.402110529924768478e+00
1.319022393309309704e+00
1.168699397613985447e+00
9.959876440454915603e-01
8.285727939521785324e-01
6.810809630986207619e-01
5.619519986742824713e-01
4.747049436626131769e-01
4.205504341407896862e-01
3.942721630244480080e-01
3.888712416640284775e-01
3.989090064252286960e-01
4.201455436969549484e-01
4.469140484304884864e-01
4.745060019836102594e-01
5.013949962729680188e-01
5.239075476044631197e-01
5.435500511098676490e-01
5.610012364236166560e-01
5.769485916395286074e-01
5.921161983090565961e-01
6.057555293053068501e-01
6.208368715193595122e-01
6.375462311777347901e-01
6.536774752999128246e-01
6.708032645064823107e-01
6.859615387981944368e-01
7.010022813170251332e-01
7.122240248009363839e-01
7.193943659011273750e-01
7.236622081057058065e-01
7.221003484153297736e-01
7.184250229700602786e-01
7.094545898274471352e-01
6.950725465328664310e-01
6.763990329945852586e-01
6.544943400335829775e-01
6.302295493259166825e-01
6.036947526072112824e-01
5.746405448902159874e-01
5.422378405298605708e-01
5.055475219043588098e-01
4.639556827617445922e-01
4.174783356420406766e-01
3.662822635163943130e-01
3.105610864234439883e-01
2.505586097180380611e-01
1.864903307356427509e-01
1.183855179106198807e-01
4.615104089932363374e-02
-3.061662816450017380e-02
-1.124545583949441985e-01
-1.999693492965995689e-01
-2.931190916696996829e-01
-3.914543509932447707e-01
-4.944218332950424122e-01
-6.013179570249468364e-01
-7.115987084626286263e-01
-8.254871631309839142e-01
-9.434035362772132949e-01
-1.065765359441767757e+00
-1.193011633819092587e+00
-1.325505003111395963e+00
-1.462999422189287024e+00
-1.605094660935411977e+00
-1.751401224059415007e+00
-1.901599392646417641e+00
-2.055496919378052567e+00
-2.213349718066764282e+00
-2.375447244385286538e+00
-2.541692500234474572e+00
-2.711867720711470753e+00
-2.885742231368692234e+00
-3.062840492693716055e+00
-3.243068560521524812e+00
-3.426439838957063166e+00
-3.613021406240262134e+00
-3.802784368014940686e+00
-3.995584310215385404e+00
-4.191315031517228284e+00
-4.389762982326135266e+00
-4.590848798385233742e+00
-4.794346706242989420e+00
-5.000062548221562153e+00
-5.207789942785908899e+00
-5.417349345468484678e+00
-5.628614885936721990e+00
-5.841383624907379613e+00
-6.055573740374360803e+00
-6.270999504313397921e+00
-6.487582536970196045e+00
-6.705137110320487537e+00
-6.923504333407497491e+00
-7.142525315274452780e+00
-7.362041164964581164e+00
-7.581866154453615003e+00
-7.801814555717288435e+00
-8.021700640731337373e+00
-8.241419192673971494e+00
-8.460677135250955772e+00
-8.679342414573010700e+00
-8.897202465548376793e+00
-9.114017886017808934e+00
-9.329629785024526001e+00
-9.543825597476779166e+00
-9.756365921215316206e+00
-9.967091865283361329e+00
-1.017581877885018038e+01
-1.038228580865669137e+01
-1.058636736397479972e+01
-1.078783050580644165e+01
-1.098649596928854599e+01
-1.118218448955803090e+01
-1.137468996468432181e+01
-1.156380629273685479e+01
-1.174938104592004606e+01
-1.193120812230332284e+01
-1.210908141995611764e+01
-1.228284851108283959e+01
-1.245230329375292477e+01
-1.261723966603580394e+01
-1.277750520013588797e+01
-1.293292063119009683e+01
-1.308327985726786835e+01
-1.322843045057361167e+01
-1.336819314624425203e+01
-1.350236184234921488e+01
-1.363078539677691836e+01
-1.375329097308427251e+01
-1.386973385757969091e+01
-1.397991566243659634e+01
-1.408374534809836831e+01
-1.418099768967094931e+01
-1.427152797346274049e+01
-1.435521832284964105e+01
-1.443192402414005571e+01
-1.450150036364239448e+01
-1.456382946473255124e+01
-1.461873977665144686e+01
-1.466614025984246084e+01
-1.470588620061400853e+01
-1.473780604820700013e+01
-1.476183560013232210e+01
-1.477777646856339189e+01
-1.478553761394359967e+01
-1.478497432258135191e+01
-1.477594188078505688e+01
-1.475835059470565547e+01
-1.473211615332427371e+01
-1.469715559132959548e+01
-1.465343961754528479e+01
-1.460085842959252744e+01
-1.453938273629499278e+01
-1.446892957234135402e+01
-1.438944280948778776e+01
-1.430086631949046527e+01
-1.420317081117305236e+01
-1.409627331922422755e+01
-1.398017138953514582e+01
-1.385475521972699831e+01
-1.372004919275843271e+01
-1.357597034331812402e+01
-1.342251621729722899e+01
-1.325965752351942228e+01
-1.308744548201082658e+01
-1.290585080159511655e+01
-1.271487102816344539e+01
-1.251450370760696273e+01
-1.230477322288432696e+01
-1.208567711988668236e+01
-1.185723978157268199e+01
-1.161953926503595724e+01
-1.137257414926598642e+01
-1.111637398271305166e+01
-1.085099618399325472e+01
-1.057647133465520461e+01
-1.029288369038249051e+01
-1.000031750685870335e+01
-9.698830202699944891e+00
-9.388506033589807842e+00
-9.069456092279370552e+00
-8.741684123249752858e+00
-8.405354893387022130e+00
-8.060525821307278349e+00
-7.707334836829092595e+00
-7.345866195636059359e+00
-6.976257827546748835e+00
-6.598647662379744538e+00
-6.213093118751139343e+00
-5.819732126479509660e+00
-5.418756289518416480e+00
-5.010276700618938150e+00
-4.594484963734635663e+00
-4.171519008684082763e+00
-3.741543602353346376e+00
-3.304696674561002467e+00
-2.861196666328099436e+00
-2.411150881536374690e+00
-1.954785653927639588e+00
-1.492189343036905091e+00
-1.023557656669145111e+00
-5.490594655618429298e-01
-6.883680338499001405e-02
4.169656124846711220e-01
9.081225534679253641e-01
1.404432944346299061e+00
1.905687658781072491e+00
2.411680790881622904e+00
2.922201604085178595e+00
3.437042582277070490e+00
3.955994062377225617e+00
4.478836183219927491e+00
5.005346399932709467e+00
5.535294116522858410e+00
6.068488992598894072e+00
6.604676278807363410e+00
7.143660267343287629e+00
7.685164739199220385e+00
8.229020823637673843e+00
8.774925464583711587e+00
9.322682954232355712e+00
9.871990236508663585e+00
1.042265160360765996e+01
1.097439083652189851e+01
1.152695855331141672e+01
1.208010537203625745e+01
1.263358191075646531e+01
1.318711195046458506e+01
1.374044610922065957e+01
1.429330816801724069e+01
1.484542190784688032e+01
1.539656478383710336e+01
1.594643373991297786e+01
1.649475255706704857e+01
1.704127185335935835e+01
1.758571540978245551e+01
1.812775333319390825e+01
1.866718991578873599e+01
1.920369526442452113e+01
1.973699316009379601e+01
2.026686105792410331e+01
2.079299590184049507e+01
2.131514830990301945e+01
2.183304206310422657e+01
2.234637410536916491e+01
2.285492189182538070e+01
2.335838236639792598e+01
2.385643391744791586e+01
2.434886857055316511e+01
2.483543295866007838e+01
2.531584687764751962e+01
2.578991063459687183e+01
2.625737086245451479e+01
2.671805470536930471e+01
2.717162828508515915e+01
2.761829446469581839e+01
2.805728997286532334e+01
2.848892502095737456e+01
2.891270470831094741e+01
2.932867087561481867e+01
2.973632862220795658e+01
3.013598815945407594e+01
3.052688621601720342e+01
3.090879626191122398e+01
3.128202850849984529e+01
3.164581968444711535e+01
3.200048000111673474e+01
3.234524618717274791e+01
3.268042845397886964e+01
3.300553190087404687e+01
3.332086673922199793e+01
3.362566969768676728e+01
3.392025098763206614e+01
3.420411570839684146e+01
3.447703732999497817e+01
3.473932606379018750e+01
3.499048700912140930e+01
3.523056200667746651e+01
3.545932452647220856e+01
3.567654803851952749e+01
3.588200601283327984e+01
3.607574029010228855e+01
3.625779271101531975e+01
3.642793674558626549e+01
3.658567749315407269e+01
3.673159353575736930e+01
3.686492160206021396e+01
3.698597190342628949e+01
3.709451790986948083e+01
3.719060146207859674e+01
3.727372765939256993e+01
3.734420671317512586e+01
3.740181209344014945e+01
3.744604889952658056e+01
3.747722734279812329e+01
3.749538926394360061e+01
3.750030813297686194e+01
3.749202859169302116e+01
3.747060648631249791e+01
3.743610046416198145e+01
3.738856917256820367e+01
3.732780288818296555e+01
3.725386025833297765e+01
3.716679993034496476e+01
3.706668055154563746e+01
3.695356076926172051e+01
3.682749923081992449e+01
3.668801784219713369e+01
3.653571199206990627e+01
3.637037195709003612e+01
3.619205638458424090e+01
3.600082392187924540e+01
3.579673321630176019e+01
3.558011128585341964e+01
3.535074840718602474e+01
3.510870322762628604e+01
3.485430276517586634e+01
3.458760566716144069e+01
3.430840221023482428e+01
3.401701941239767990e+01
3.371378429165161350e+01
3.339848712464842606e+01
3.307145492938975195e+01
3.273247798252739926e+01
3.238188330206300236e+01
3.202026627667310521e+01
3.164714881233460630e+01
3.126285792704912225e+01
3.086745226814337073e+01
3.046152722429391346e+01
3.004487307215254077e+01
2.961781682972090479e+01
2.918041714432569833e+01
2.873326940464348311e+01
2.827616388732606723e+01
2.780969598104998752e+01
2.733392433314197589e+01
2.684890759092873580e+01
2.635470440173699203e+01
2.585191015424329208e+01
2.534031512509944051e+01
2.482024633230707167e+01
2.429176242319289258e+01
2.375519041575855539e+01
2.321058895733075644e+01
2.265882180726097062e+01
2.209967924220101310e+01
2.153374765352927511e+01
2.096130907275668775e+01
2.038236816342111268e+01
1.979773470108517230e+01
1.920714497861182224e+01
1.861087203021383729e+01
1.800918889010400292e+01
1.740236859249510815e+01
1.679041580092501107e+01
1.617387192028141740e+01
1.555236589515731360e+01
1.492657331577785307e+01
1.429671354222083579e+01
1.366303277163155983e+01
1.302583087529029626e+01
1.238540772447731264e+01
1.174200951633791412e+01
1.109596295921986098e+01
1.044754108733594045e+01
9.796990097831438149e+00
9.144636699054126794e+00
8.490727088149293778e+00
7.835561136397220849e+00
7.179438715078177324e+00
6.522579184269964081e+00
5.865309252320352940e+00
5.207875116374630409e+00
4.550549810645581061e+00
3.893633206413482206e+00
3.237398337891115752e+00
2.582091402223775312e+00
1.928012270691733310e+00
1.275460814575265722e+00
6.247637422221425929e-01
-2.380591215485284781e-02
-6.698946031404675594e-01
-1.313229296521914335e+00
-1.953483283951420901e+00
-2.590356694148721939e+00
-3.223549655833536587e+00
-3.852762297725590646e+00
-4.477694748544609915e+00
-5.098073974077808046e+00
-5.713626940112400909e+00
-6.324026938300627343e+00
-6.929003618136447606e+00
-7.528262475753084715e+00
-8.121527793231011927e+00
-8.708510434116943699e+00
-9.288928239595152903e+00
-9.862513914877171217e+00
-1.042904673949118788e+01
-1.098832890811290497e+01
-1.154014543969482709e+01
-1.208429745542995626e+01
-1.262061022987203707e+01
-1.314883657749258461e+01
-1.366878298689809768e+01
-1.418025594669507683e+01
-1.468303510842252990e+01
-1.517700747188943033e+01
-1.566195268863478951e+01
-1.613775775846757554e+01
-1.660422916999429432e+01
-1.706122708595642479e+01
-1.750861166909544764e+01
-1.794616257095037781e+01
-1.837376679133018342e+01
-1.879123081884136326e+01
-1.919841481622540513e+01
-1.959515210915629524e+01
-1.998124918624054303e+01
-2.035656621021962209e+01
-2.072096334383501315e+01
-2.107430074982820045e+01
-2.141654593921064276e+01
-2.174758591179130462e+01
-2.206733450444665223e+01
-2.237573239112064982e+01
-2.267263973455477455e+01
-2.295802404576047806e+01
-2.323179916161422653e+01
-2.349382524485750423e+01
-2.374406980650174859e+01
-2.398239300928846163e+01
-2.420873552716158983e+01
-2.442301119699759937e+01
-2.462513385567295998e+01
-2.481501734006413784e+01
-2.499265599825007200e+01
-2.515799050417471250e+01
-2.531098836884952519e+01
-2.545156342915096559e+01
-2.557971003315797276e+01
-2.569539569188199835e+01
-2.579858791633449755e+01
-2.588936156579688230e+01
-2.596771098834808811e+01
-2.603365736913455919e+01
-2.608724873037020942e+01
-2.612850727140932960e+01
-2.615743241137011310e+01
-2.617405142064610146e+01
-2.617836473256335239e+01
-2.617039961751540389e+01
-2.615015650882830656e+01
-2.611766267689559129e+01
-2.607289171797583904e+01
-2.601595141366504294e+01
-2.594694954555923871e+01
-2.586569868751201895e+01
-2.577308489607667141e+01
-2.566865237443188263e+01
-2.555275043778109278e+01
-2.542546003065282889e+01
-2.528713046825053112e+01
-2.513757432442781337e+01
-2.497714091438810868e+01
-2.480591118265994766e+01
-2.462396607377185731e+01
-2.443111816157744087e+01
-2.422798513195505166e+01
-2.401411118808340106e+01
-2.379038238651574488e+01
-2.355634293043078387e+01
-2.331234213503195818e+01
-2.305872931552270089e+01
-2.279558541643155678e+01
-2.252336710123191210e+01
-2.224194061791237331e+01
-2.195165528167637703e+01
-2.165269938532241412e+01
-2.134528805871647350e+01
-2.102963643172453345e+01
-2.070593279714508483e+01
-2.037441912191160753e+01
-2.003528369882258531e+01
-1.968879533187899256e+01
-1.933522282508178947e+01
-1.897480814536445948e+01
-1.860784693379545729e+01
-1.823455432024076117e+01
-1.785525278283632744e+01
-1.747013061438063630e+01
-1.707953713007714214e+01
-1.668368745979183032e+01
-1.628287724459314845e+01
-1.587740212554956898e+01
-1.546753090666203434e+01
-1.505350555486404573e+01
-1.463563379962103284e+01
-1.421416437571642533e+01
-1.378927759512816742e+01
-1.336128795517164747e+01
-1.293040260489230597e+01
-1.249685553040305841e+01
-1.206088071781682913e+01
-1.162273899031403701e+01
-1.118266433400759219e+01
-1.074091757207791531e+01
-1.029770585357044155e+01
-9.853290001665580888e+00
-9.407930839543743318e+00
-8.961835516250365785e+00
-8.515264854965860053e+00
-8.068506515938128842e+00
-7.621767648212604662e+00
-7.175335912037194674e+00
-6.729472130592313306e+00
-6.284410289990878695e+00
-5.840438050480801557e+00
-5.397789398174998254e+00
-4.956725156253888542e+00
-4.517532984965373366e+00
-4.080446870422377970e+00
-3.645727635805314115e+00
-3.213636104294598006e+00
-2.784459936138134584e+00
-2.358406280381353248e+00
-1.935816471407143080e+00
-1.516924495328427103e+00
-1.102071686528094396e+00
-6.914651940515738060e-01
-2.854463522817559107e-01
1.157508526684368072e-01
5.117850864161176405e-01
9.024491999158540390e-01
1.287455532919741241e+00
1.666516425179871641e+00
2.039397890583324990e+00
2.405839105949688861e+00
2.765552411031053648e+00
3.118295768594254724e+00
3.463811039165621164e+00
3.801858869218738501e+00
4.132197221520432784e+00
4.454578691424038617e+00
4.768766609109880150e+00
5.074510081112521220e+00
5.371569485534863908e+00
5.659708019603000295e+00
5.938752220946715177e+00
6.208543522999353748e+00
6.468928726607757973e+00
6.719746581498523774e+00
6.960838521104991017e+00
7.192072815928001184e+00
7.413280164573898823e+00
7.624374460558255961e+00
7.825215923261660045e+00
8.015664772064702959e+00
8.195661737550443249e+00
8.365013364964488218e+00
8.523633547822411671e+00
8.671436179639782083e+00
8.808335153932171480e+00
8.934190690080168196e+00
9.048943518666838770e+00
9.152507533207749901e+00
9.244796627218477170e+00
9.325697857147096315e+00
9.395205627711659346e+00
9.453206995360242004e+00
9.499696364810892746e+00
9.534641303714167293e+00
9.557982542653126856e+00
9.569660812210836198e+00
9.569616842970356529e+00
9.557871876717230819e+00
9.534366644034516725e+00
9.499041875505280785e+00
9.451865138780075171e+00
9.392830838576951891e+00
9.321879705478968603e+00
9.239006144204175541e+00
9.144177722403124875e+00
9.037442518928850532e+00
8.918794938499392089e+00
8.788256222900294290e+00
8.645820776849603817e+00
8.491536679200345716e+00
8.325371497603079263e+00
8.147400147978324014e+00
7.957670709179108570e+00
7.756231260058465971e+00
7.543129879469422150e+00
7.318387809197520077e+00
7.082106802230772047e+00
6.834308100354713922e+00
6.575093456557357108e+00
6.304562957201570228e+00
6.022836859217097327e+00
5.729953241706067679e+00
5.426030694973074553e+00
5.111160972255229140e+00
4.785462663857130927e+00
4.449000685948394818e+00
4.101920465901109480e+00
3.744367431087368914e+00
3.376433334744279424e+00
2.998236767176437390e+00
2.609896318688445405e+00
2.211557416652393027e+00
1.803392325507863436e+00
1.385573309694438038e+00
9.583263077866815971e-01
5.217967471566883342e-01
7.621056637901800490e-02
-3.782599701067409503e-01
-8.414157607935173200e-01
-1.313084541241730019e+00
-1.793040372876810729e+00
-2.281084154191686864e+00
-2.777043620746775243e+00
-3.280719671035003948e+00
-3.791886366481802106e+00
-4.310371442647595863e+00
-4.835948960957809462e+00
-5.368339308702902102e+00
-5.907316547308304244e+00
-6.452654738199450790e+00
-7.004074268666794723e+00
-7.561376037203261902e+00
-8.124280431099295541e+00
-8.692518572472353711e+00
-9.265829634560125427e+00
-9.843936688359814724e+00
-1.042656280486861853e+01
-1.101343910620398781e+01
-1.160428920010447129e+01
-1.219883454734321582e+01
-1.279677299207398278e+01
-1.339780023148513344e+01
-1.400160713209286989e+01
-1.460788992782691054e+01
-1.521634485261695957e+01
-1.582663861961848539e+01
-1.643851308577593073e+01
-1.705158129010978030e+01
-1.766556361991048618e+01
-1.828011898079336106e+01
-1.889500923355058859e+01
-1.951004210556916263e+01
-2.012499848716860384e+01
-2.073965926866841514e+01
-2.135375166625314236e+01
-2.196711024437727033e+01
-2.257943538215783974e+01
-2.319053480698186220e+01
-2.380016257210135677e+01
-2.440807273076834250e+01
-2.501404617330232583e+01
-2.561781011588785972e+01
-2.621911861177693126e+01
-2.681775255128908952e+01
-2.741346598767633935e+01
-2.800598613712321594e+01
-2.859506705288173123e+01
-2.918048962527141299e+01
-2.976198107047677865e+01
-3.033929544174985793e+01
-3.091221362941016437e+01
-3.148043601257472801e+01
-3.204377031863056402e+01
-3.260191692669471308e+01
-3.315462989001918004e+01
-3.370169009892349266e+01
-3.424277109545720066e+01
-3.477762693287231599e+01
-3.530601166442086480e+01
-3.582759883215239682e+01
-3.634216932638641850e+01
-3.684942352623998119e+01
-3.734916915910007162e+01
-3.784116027821871597e+01
-3.832501675151049625e+01
-3.880081467703731590e+01
-3.926830810805120109e+01
-3.972698272712926837e+01
-4.017659258752352969e+01
-4.061716011316091368e+01
-4.104843935729346072e+01
-4.147018437317317563e+01
-4.188188084337718209e+01
-4.228355119183240163e+01
-4.267468110111595792e+01
-4.305529299515475827e+01
-4.342487255652594058e+01
-4.378344220915642637e+01
-4.413075600629824180e+01
-4.446658474356735269e+01
-4.479076618603545512e+01
-4.510342321181311576e+01
-4.540387358698613696e+01
-4.569250856034001629e+01
-4.596891426863546570e+01
-4.623321358998305897e+01
-4.648552940249333432e+01
-4.672517947225212964e+01
-4.695255504804491409e+01
-4.716751063730732341e+01
-4.736963237680009797e+01
-4.755904314463379023e+01
-4.773559744824404305e+01
-4.789941816574142308e+01
-4.805035980456158740e+01
-4.818800850146522663e+01
-4.831248713456295008e+01
-4.842365021129036506e+01
-4.852188898043297627e+01
-4.860678957875148853e+01
-4.867847488435647563e+01
-4.873706777535850421e+01
-4.878242275919319582e+01
-4.881439434329620752e+01
-4.883337377645304400e+01
-4.883894719542438878e+01
-4.883150584899574653e+01
-4.881036750325291962e+01
-4.877619177765632230e+01
-4.872883317964155481e+01
-4.866787784596938593e+01
-4.859371702542528482e+01
-4.850593685476996342e+01
-4.840519695346383600e+01
-4.829108345826762871e+01
-4.816371924729188692e+01
-4.802322719864717726e+01
-4.786946181976914261e+01
-4.770227761809345424e+01
-4.752233421308046957e+01
-4.732948611216585277e+01
-4.712358782278525382e+01
-4.690476222304920384e+01
-4.667313219106830502e+01
-4.642908897562800519e+01
-4.617221871348904472e+01
-4.590291265343689275e+01
-4.562129367358213017e+01
-4.532748465203528809e+01
-4.502133618222654832e+01
-4.470295157223902294e+01
-4.437296695750017506e+01
-4.403094499073778678e+01
-4.367725343670441163e+01
-4.331199168947768641e+01
-4.293525914313524083e+01
-4.254769193310451669e+01
-4.214885271211333873e+01
-4.173910924491422492e+01
-4.131856092558483340e+01
-4.088730714820277967e+01
-4.044571567752058883e+01
-3.999334916626608560e+01
-3.953084374986674021e+01
-3.905803045172523014e+01
-3.857500866591920641e+01
-3.808187778652629873e+01
-3.757927394897395601e+01
-3.706729654733982926e+01
-3.654604497570153399e+01
-3.601561862813669279e+01
-3.547665364007278299e+01
-3.492924940558742719e+01
-3.437350531875824799e+01
-3.381005751501271561e+01
-3.323873701775355016e+01
-3.266017996240819343e+01
-3.207421737237938686e+01
-3.148175375376947116e+01
-3.088262012998119133e+01
-3.027718426576707955e+01
-2.966527718452984885e+01
-2.904753502169696588e+01
-2.842378880067114366e+01
-2.779413791553001190e+01
-2.715921850170101948e+01
-2.651859321191197694e+01
-2.587316655226526407e+01
-2.522276954616358324e+01
-2.456857507038423805e+01
-2.391041414832994150e+01
-2.324892291542814959e+01
-2.258446913643140519e+01
-2.191768894676718560e+01
-2.124841336983818962e+01
-2.057727854107188392e+01
-1.990438385454590531e+01
-1.923009707501278243e+01
-1.855424922587524250e+01
-1.787772344006328495e+01
-1.720024387511771735e+01
-1.652205005675681448e+01
-1.584364988137375896e+01
-1.516474613333698329e+01
-1.448611507971460277e+01
-1.380719113420012611e+01
-1.312901893453657109e+01
-1.245130126509238266e+01
-1.177427765158581963e+01
-1.109850966454505539e+01
-1.042420999262087378e+01
-9.751698672734011808e+00
-9.081268904737724412e+00
-8.413213888485257641e+00
-7.747826823829872644e+00
-7.085266725287358014e+00
-6.425585259103543834e+00
-5.768914602726737506e+00
-5.115386933605230446e+00
-4.465107592119844426e+00
-3.818155081583888943e+00
-3.174688416513171685e+00
-2.535054470895915291e+00
-1.899653792855343193e+00
-1.268886930514674605e+00
-6.431544319971296275e-01
-2.280317129094361003e-02
5.917394664131750970e-01
1.200126607126985379e+00
1.802252910469684277e+00
2.397959361925470212e+00
2.987194295248516873e+00
3.569852370058014479e+00
4.145801408905660956e+00
4.714989745545634214e+00
5.277231528394634275e+00
5.832287231734404997e+00
6.379783144509214132e+00
6.919426066865808522e+00
7.450842287748463022e+00
7.973738607303923587e+00
8.487768151543951589e+00
8.992610883547806466e+00
9.488107788799698739e+00
9.974027392701595218e+00
1.045022946668495223e+01
1.091652279175299078e+01
1.137273439811481168e+01
1.181868541182468135e+01
1.225422136267874684e+01
1.267926821971750506e+01
1.309377098830984210e+01
1.349767467382463693e+01
1.389092428163077564e+01
1.427347823563088269e+01
1.464527885748710290e+01
1.500624163179407411e+01
1.535620153194396131e+01
1.569499353132893482e+01
1.602242576627367043e+01
1.633830637310285283e+01
1.664247032520863101e+01
1.693469892184820935e+01
1.721488081054872765e+01
1.748301198710731086e+01
1.773922263265852806e+01
1.798350874299950064e+01
1.821600049926480835e+01
1.843672073431904934e+01
1.864577279222932304e+01
1.884320634292772212e+01
1.902893687100888798e+01
1.920293353520245105e+01
1.936508498303556181e+01
1.951536037323784356e+01
1.965362151626895937e+01
1.977986440792602707e+01
1.989397769573619712e+01
1.999593053842909285e+01
2.008566525766685373e+01
2.016315101217910311e+01
2.022830328656048593e+01
2.028111807660812005e+01
2.032151086691663977e+01
2.034947765328317715e+01
2.036509494270731579e+01
2.036846607925614450e+01
2.035974808113172330e+01
2.033899061826616261e+01
2.030635070886153315e+01
2.026190485991741852e+01
2.020578325256839491e+01
2.013806239381405661e+01
2.005879195358650691e+01
1.996810211302032556e+01
1.986604254204760522e+01
1.975268974766794727e+01
1.962814707394842983e+01
1.949246419082115267e+01
1.934573974293731524e+01
1.918805357728453487e+01
1.901942716729955052e+01
1.883996249762158115e+01
1.864970787875487446e+01
1.844871162120364616e+01
1.823704887253963847e+01
1.801484845446956129e+01
1.778221235163262648e+01
1.753926938573554750e+01
1.728614837848503782e+01
1.702297815158780026e+01
1.674988752675054826e+01
1.646697848861250790e+01
1.617440669594787295e+01
1.587232780753085137e+01
1.556084380800065325e+01
1.524016403026647204e+01
1.491039045896752313e+01
1.457167875287800740e+01
1.422418457077213638e+01
1.386814408262657139e+01
1.350373978428301669e+01
1.313120784571814958e+01
1.275075759984115287e+01
1.236265205369619125e+01
1.196707370312496543e+01
1.156425871810415096e+01
1.115441643154293061e+01
1.073772933928299445e+01
1.031440677423353769e+01
9.884631232236246845e+00
9.448638883267802768e+00
9.006585386102406332e+00
8.558706910716731286e+00
8.105212790019969304e+00
7.646366031056286872e+00
7.182375966734865003e+00
6.713505604099875512e+00
6.239991113127993927e+00
5.762041826728410143e+00
5.279920751945289759e+00
4.793890895822801923e+00
4.304242102472603193e+00
3.811210541871378421e+00
3.315086058130782831e+00
2.816158495362475200e+00
2.314690860610626455e+00
1.810919323851916563e+00
1.305187403332985774e+00
7.976831293504221820e-01
2.886166700204032542e-01
-2.219036203559773268e-01
-7.336888762751326842e-01
-1.246603906368477066e+00
-1.760486682199924546e+00
-2.275175175333390865e+00
-2.790426846130311223e+00
-3.306025992019621995e+00
-3.821783747497744077e+00
-4.337511247061104136e+00
-4.852965951071140260e+00
-5.367932156956782386e+00
-5.882274673349438210e+00
-6.395804634745535289e+00
-6.908333175641492296e+00
-7.419671430533736789e+00
-7.929657370986177511e+00
-8.438102131495242020e+00
-8.944843683624847941e+00
-9.449666324803921214e+00
-9.952354352461401987e+00
-1.045274573816119279e+01
-1.095062477933223555e+01
-1.144574893633596879e+01
-1.193798301780379845e+01
-1.242705764702966853e+01
-1.291283763264499562e+01
-1.339509653725170324e+01
-1.387365623017321781e+01
-1.434832784590596688e+01
-1.481891983523961542e+01
-1.528524064896384438e+01
-1.574710705735925131e+01
-1.620434549205072017e+01
-1.665678667859395645e+01
-1.710426563647544285e+01
-1.754661496984559577e+01
-1.798366728285483873e+01
-1.841523370999958686e+01
-1.884118442732475174e+01
-1.926127689519176656e+01
-1.967532224809706065e+01
-2.008307794640207788e+01
-2.048438196167072434e+01
-2.087899175426444032e+01
-2.126671845867965871e+01
-2.164734637234530723e+01
-2.202060611855532812e+01
-2.238630883180614717e+01
-2.274422792196455489e+01
-2.309420059691873917e+01
-2.343608001406221675e+01
-2.376974616785602734e+01
-2.409507905276117512e+01
-2.441203917444116556e+01
-2.472064071269448249e+01
-2.502092468438708650e+01
-2.531285159518248307e+01
-2.559643562487915602e+01
-2.587166411620808759e+01
-2.613857808603524191e+01
-2.639713804002413511e+01
-2.664725080970326587e+01
-2.688890373780361998e+01
-2.712205732998871355e+01
-2.734667209192202364e+01
-2.756268169219956832e+01
-2.777004663648483884e+01
-2.796862008217136264e+01
-2.815828202372016520e+01
-2.833891245559227201e+01
-2.851033769811371243e+01
-2.867246458281301358e+01
-2.882511943001620125e+01
-2.896820907125179545e+01
-2.910188187165573126e+01
-2.922623252222896895e+01
-2.934140938810744004e+01
-2.944756083442708672e+01
-2.954486206339134569e+01
-2.963340776600115589e+01
-2.971334630739247373e+01
-2.978458451909379789e+01
-2.984700239556616097e+01
-2.990050676833807941e+01
-2.994497763187056449e+01
-2.998032181769212556e+01
-3.000644615733128617e+01
-3.002323064524906826e+01
-3.003076997244642499e+01
-3.002915882992431662e+01
-3.001841139748121634e+01
-2.999886389972551015e+01
-2.997036949405071482e+01
-2.993331807920020893e+01
-2.988756281256751635e+01
-2.983322522222108475e+01
-2.977015846555444867e+01
-2.969902081198587140e+01
-2.961966094599164023e+01
-2.953190966037891840e+01
-2.943586164571254216e+01
-2.933161159255735484e+01
-2.921952256215308807e+01
-2.909942087438966496e+01
-2.897113284915700149e+01
-2.883528991836975663e+01
-2.869145003124293680e+01
-2.853970787834137113e+01
-2.838069489157972214e+01
-2.821370064949806888e+01
-2.803962495468599769e+01
-2.785802575635850786e+01
-2.766899774508042853e+01
-2.747317235276641867e+01
-2.727010752863149179e+01
-2.706016633391537951e+01
-2.684344345918292518e+01
-2.662003359499895794e+01
-2.639003143192830336e+01
-2.615380003121071084e+01
-2.591116571273610347e+01
-2.566249153774422354e+01
-2.540787219679990017e+01
-2.514713400979305291e+01
-2.488090840863834430e+01
-2.460929008390061057e+01
-2.433210535546976061e+01
-2.404998565526046050e+01
-2.376248893248770599e+01
-2.347024661906617382e+01
-2.317335340556067891e+01
-2.287190398253607171e+01
-2.256626141123207319e+01
-2.225598364086371106e+01
-2.194197047402055034e+01
-2.162404823059251413e+01
-2.130231160114442091e+01
-2.097712364691603071e+01
-2.064884742914709292e+01
-2.031730926772751644e+01
-1.998314059457196379e+01
-1.964616772957035451e+01
-1.930702210463734758e+01
-1.896553003966287321e+01
-1.862205459588666656e+01
-1.827695883454847348e+01
-1.793033744621313730e+01
-1.758255349212038610e+01
-1.723341396516799406e+01
-1.688345366230979039e+01
-1.653238294148269460e+01
-1.618066359851340863e+01
-1.582832803614874884e+01
-1.547546233127053128e+01
-1.512220623489554328e+01
-1.476869949804057747e+01
-1.441505503465493199e+01
-1.406141259575540303e+01
-1.370791193235878147e+01
-1.335463912134687270e+01
-1.300181442493894401e+01
-1.264949708294931163e+01
-1.229785368346226271e+01
-1.194705081456207907e+01
-1.159717455313056966e+01
-1.124836465018452536e+01
-1.090081453087572072e+01
-1.055458343501847374e+01
-1.020986478776455719e+01
-9.866771503063276327e+00
-9.525443331931414903e+00
-9.186020025385770893e+00
-8.848641334443138717e+00
-8.513500684255280504e+00
-8.180737825839003108e+00
-7.850546184346073986e+00
-7.523038673725795711e+00
-7.198408719129940181e+00
-6.876822908642795440e+00
-6.558394156213654291e+00
-6.243289049926809220e+00
-5.931647340799046653e+00
-5.623608779847161898e+00
-5.319286281020448648e+00
-5.018873269470685017e+00
-4.722482659147177131e+00
-4.430254201066707864e+00
-4.142354483313566149e+00
-3.858950093972033812e+00
-3.580180784058900834e+00
-3.306186304590962077e+00
-3.037133243652499370e+00
-2.773161352260305357e+00
-2.514437218498662752e+00
-2.261073756316870131e+00
-2.013210716731724581e+00
-1.771014687827503264e+00
-1.534598583553508533e+00
-1.304087875163341348e+00
-1.079577751925321349e+00
-8.610954492095953539e-01
-6.486950394537968068e-01
-4.424305950955668698e-01
-2.423830256400309191e-01
-4.855272938984488834e-02
1.389525470823705644e-01
3.201055684064728624e-01
4.948790992123163202e-01
6.632190670622597484e-01
8.251250736536537289e-01
9.805430465488615965e-01
1.129418913310241024e+00
1.271752275635144924e+00
1.407489061085934523e+00
1.536628871359952964e+00
1.659117634019564580e+00
1.774954950762117400e+00
1.884113586217466274e+00
1.986539467947970650e+00
2.082259034718474400e+00
2.171218214091334531e+00
2.253403189230154702e+00
2.328826980366026866e+00
2.397475770662549355e+00
2.459351845523821467e+00
2.514444071820189475e+00
2.562752051249001184e+00
2.604270018094104522e+00
2.639002941466343177e+00
2.666963841596811324e+00
2.688154735518927030e+00
2.702587033239734815e+00
2.710266777352778433e+00
2.711202694158350912e+00
2.705407535516870521e+00
2.692913107606672352e+00
2.673748532899343999e+00
2.647950984986719991e+00
2.615554953753886913e+00
2.576592245379178969e+00
2.531102717161181292e+00
2.479118175278230307e+00
2.420689211855905576e+00
2.355869102726537712e+00
2.284708440015706721e+00
2.207265866969239987e+00
2.123562454938478172e+00
2.033705153890733364e+00
1.937689542647778707e+00
1.835629293866554157e+00
1.727526709058457177e+00
1.613464600937362103e+00
1.493472108082159799e+00
1.367632043206723935e+00
1.236000381957435224e+00
1.098606262913187193e+00
9.555593358553442496e-01
8.068887393627957039e-01
6.527309602843993641e-01
4.931419742665387740e-01
3.281777569555950902e-01
1.579211210654402897e-01
-1.751828362255667196e-02
-1.980844814620151828e-01
-3.836678226715711792e-01
-5.741854945373477959e-01
-7.695815214129644311e-01
-9.696925793820717621e-01
-1.174516366933271438e+00
-1.383889560150215914e+00
-1.597702509251537561e+00
-1.815872401523362045e+00
-2.038209075981851637e+00
-2.264629719913129779e+00
-2.495024683535832732e+00
-2.729203805866120991e+00
-2.967084274190115334e+00
-3.208529601658964392e+00
-3.453430138491299761e+00
-3.701595723703281049e+00
-3.952970381648528875e+00
-4.207363951343198849e+00
-4.464693620073419744e+00
-4.724796063922841682e+00
-4.987534796042607965e+00
-5.252746492516368271e+00
-5.520294666495267677e+00
-5.790015994062956750e+00
-6.061747151303084280e+00
-6.335324814299306162e+00
-6.610612496202760369e+00
-6.887473710164592866e+00
-7.165696825546968185e+00
-7.445137304380782695e+00
-7.725629139042936799e+00
-8.007009005617083730e+00
-8.289113580186874941e+00
-8.571768804008963016e+00
-8.854806637766282407e+00
-9.138115324327891642e+00
-9.421599860816115779e+00
-9.705170611766783750e+00
-9.988727206888727395e+00
-1.027218001071777564e+01
-1.055543589897098222e+01
-1.083839981509654571e+01
-1.112097852746324733e+01
-1.140307740891236321e+01
-1.168460499905913430e+01
-1.196546683176723391e+01
-1.224557058786574970e+01
-1.252481589706350640e+01
-1.280310238906934295e+01
-1.308031627505833860e+01
-1.335635450103258215e+01
-1.363110596187390477e+01
-1.390445955246414300e+01
-1.417632026992562899e+01
-1.444655017207269765e+01
-1.471508646050867952e+01
-1.498175898856692179e+01
-1.524650495785074789e+01
-1.550918105876100483e+01
-1.576969765583351446e+01
-1.602793827653662007e+01
-1.628375961127116156e+01
-1.653709886164046239e+01
-1.678781271804536956e+01
-1.703581154502170847e+01
-1.728095203297032256e+01
-1.752314454642704433e+01
-1.776224577579271724e+01
-1.799816608560317022e+01
-1.823078900332674479e+01
-1.845999805643176117e+01
-1.868564993531908769e+01
-1.890762816745704100e+01
-1.912584311738146425e+01
-1.934015147549319380e+01
-1.955046360632806213e+01
-1.975660936321941819e+01
-1.995855278483807993e+01
-2.015612372451740342e+01
-2.034923254679320692e+01
-2.053776277913382842e+01
-2.072159794900761653e+01
-2.090064842095038955e+01
-2.107477088536299092e+01
-2.124391487251030597e+01
-2.140797187903348586e+01
-2.156697991557269489e+01
-2.172084280743063900e+01
-2.186957172818000927e+01
-2.201309734019098840e+01
-2.215140397996876587e+01
-2.228447598401852758e+01
-2.241227085177797562e+01
-2.253471924561729978e+01
-2.265185917617666789e+01
-2.276362130582628041e+01
-2.286996313400384295e+01
-2.297092267134951271e+01
-2.306640374316599207e+01
-2.315644436009345952e+01
-2.324102885863710810e+01
-2.332011473823460435e+01
-2.339368633539115905e+01
-2.346175482367943488e+01
-2.352427770253711614e+01
-2.358126614553690459e+01
-2.363270448918396127e+01
-2.367857706998347567e+01
-2.371886822444064791e+01
-2.375358912612812645e+01
-2.378275094861860950e+01
-2.380631119134978491e+01
-2.382428102789432600e+01
-2.383669846889239707e+01
-2.384354785084918760e+01
-2.384484034733737801e+01
-2.384058713192962742e+01
-2.383077254113115018e+01
-2.381540774851458764e+01
-2.379455760178761636e+01
-2.376820643745542228e+01
-2.373639226615818032e+01
-2.369909942440105866e+01
-2.365639275989171963e+01
-2.360828344620284369e+01
-2.355475581983961320e+01
-2.349590156557718856e+01
-2.343170501992073795e+01
-2.336220419351044342e+01
-2.328743709698645858e+01
-2.320744174098896551e+01
-2.312222929909062685e+01
-2.303183778193162823e+01
-2.293638571135459614e+01
-2.283590791270150788e+01
-2.273042647012156436e+01
-2.262001395660075431e+01
-2.250471610805756839e+01
-2.238455182334302052e+01
-2.225959367544309231e+01
-2.212988740027628154e+01
-2.199545189669359146e+01
-2.185638657474850177e+01
-2.171268349622453186e+01
-2.156441523410766692e+01
-2.141165436138388145e+01
-2.125441977690419648e+01
-2.109281089072208815e+01
-2.092690027582353807e+01
-2.075673366812705112e+01
-2.058238364061861247e+01
-2.040392276628420376e+01
-2.022142361810982436e+01
-2.003498560614894330e+01
-1.984468130338755287e+01
-1.965058328281164179e+01
-1.945279095447468620e+01
-1.925140372843017289e+01
-1.904649417766408348e+01
-1.883813487516240670e+01
-1.862645206804611675e+01
-1.841151832930119880e+01
-1.819343306898112900e+01
-1.797224202300441576e+01
-1.774809827555951003e+01
-1.752104756256491314e+01
-1.729118929407410121e+01
-1.705864971720805201e+01
-1.682355507908773262e+01
-1.658605846390160465e+01
-1.634623244463566039e+01
-1.610425694254585238e+01
-1.586023136768565855e+01
-1.561428196717604600e+01
-1.536656182520548519e+01
-1.511714351475996310e+01
-1.486618012002794131e+01
-1.461377105106290131e+01
-1.436006939205330113e+01
-1.410514771598513128e+01
-1.384918594411435144e+01
-1.359225664942694500e+01
-1.333456659024635194e+01
-1.307624201369355355e+01
-1.281742201737027820e+01
-1.255813607839634471e+01
-1.229850703557482738e+01
-1.203857721650629031e+01
-1.177838894879132958e+01
-1.151801139709801625e+01
-1.125754056316192653e+01
-1.099699193751614779e+01
-1.073646152189624559e+01
-1.047601848097029276e+01
-1.021570514233888538e+01
-9.955644344805071100e+00
-9.695851578901942602e+00
-9.436503357567554318e+00
-9.177615171334991828e+00
-8.919309859007308106e+00
-8.661656585252588414e+00
-8.404778188873889277e+00
-8.148690160404301608e+00
-7.893542175714375553e+00
-7.639403399472193712e+00
-7.386316159278329962e+00
-7.134403293935853263e+00
-6.883707131045343708e+00
-6.634350509409860486e+00
-6.386429430764970050e+00
-6.139986222711257824e+00
-5.895116886984293814e+00
-5.651971099454626390e+00
-5.410564350655346466e+00
-5.171046316457007741e+00
-4.933459324460193862e+00
-4.697926213467962242e+00
-4.464516148148393704e+00
-4.233351967304544772e+00
-4.004502835604490052e+00
-3.778091591851291398e+00
-3.554160563645524906e+00
-3.332859426857757157e+00
-3.114230509088558030e+00
-2.898396649140993375e+00
-2.685427011683135579e+00
-2.475417598450557755e+00
-2.268491248246312875e+00
-2.064690288670993024e+00
-1.864110721460155995e+00
-1.666902222484364149e+00
-1.473080282276699293e+00
-1.282821413775209640e+00
-1.096167944580475728e+00
-9.132321483062545431e-01
-7.340572007415711031e-01
-5.586757124861466695e-01
-3.871202941397002273e-01
-2.193967192344644657e-01
-5.551076130266412861e-02
1.044781319884842546e-01
2.605641871067557735e-01
4.127416305199168023e-01
5.609510145607606857e-01
7.052134027645458048e-01
8.454693474640632145e-01
9.817130751270806144e-01
1.113938812221369590e+00
1.242140785214703058e+00
1.366232709372376064e+00
1.486262485297143110e+00
1.602170665321791310e+00
1.713951475914093026e+00
1.821625980609308026e+00
1.925134731740226757e+00
2.024498792842112760e+00
2.119685553315242554e+00
2.210689239627387614e+00
2.297477241178828233e+00
2.380097458572320246e+00
2.458490444140648545e+00
2.532677261419076231e+00
2.602657504288874435e+00
2.668411980684067597e+00
2.729942968192673458e+00
2.787250060695960929e+00
2.840343586902198236e+00
2.889223140692652514e+00
2.933893683362092109e+00
2.974365543618784802e+00
3.010635631637247567e+00
3.042716959832498791e+00
3.070617173206053430e+00
3.094351162767651875e+00
3.113933282785680934e+00
3.129377350787185819e+00
3.140693963851103998e+00
3.147899891581900089e+00
3.151010830101337756e+00
3.150047842944680987e+00
3.145045412180937916e+00
3.136027285052120028e+00
3.123022576213737800e+00
3.106057716614551989e+00
3.085157088637137335e+00
3.060344931519570544e+00
3.031638068520243312e+00
2.999069425138042977e+00
2.962661192044858893e+00
2.922438243619331466e+00
2.878425454240100212e+00
2.830642330872305212e+00
2.779154003495823755e+00
2.723942407181309200e+00
2.665096825269380520e+00
2.602652866965672995e+00
2.536672978543315971e+00
2.467165932140451989e+00
2.394221011097702689e+00
2.317846987553211058e+00
2.238106307780104220e+00
2.155061418051511524e+00
2.068774764640559649e+00
1.979255119685392694e+00
1.886591766526631186e+00
1.790847151437402252e+00
1.692030046555850653e+00
1.590229735222594920e+00
1.485508663710763289e+00
1.377929278293483994e+00
1.267580862311376233e+00
1.154499024970074839e+00
1.038799886677692408e+00
9.204922195723724831e-01
7.996653069947344816e-01
6.764084322853982645e-01
5.507840417174912906e-01
4.228814186316330326e-01
2.927630093009516155e-01
1.604912599985738597e-01
2.615545406511970636e-02
-1.101551251587914865e-01
-2.483511943325402982e-01
-3.883166330480165573e-01
-5.300158320995842498e-01
-6.733058340116373497e-01
-8.181241925110510627e-01
-9.643547871897159007e-01
-1.111908334707010004e+00
-1.260695551722313512e+00
-1.410627154895008895e+00
-1.561587023816983999e+00
-1.713485875147618964e+00
-1.866234425546296816e+00
-2.019727625592892206e+00
-2.173931546886729294e+00
-2.328769657880133348e+00
-2.484245938227908734e+00
-2.640283856382381611e+00
-2.796860554930861831e+00
-2.953899502325676885e+00
-3.111377841154138846e+00
-3.269219039868573873e+00
-3.427427078123783666e+00
-3.585871750237114242e+00
-3.744557035863365968e+00
-3.903406403454865892e+00
-4.062370158531433795e+00
-4.221371769545395836e+00
-4.380388379084066308e+00
-4.539343455599768262e+00
-4.698214141679811995e+00
-4.856897068709035814e+00
-5.015342542207259058e+00
-5.173516969934792264e+00
-5.331351871464214298e+00
-5.488778766368095141e+00
-5.645723806805515110e+00
-5.802121196055797014e+00
-5.957894402571268344e+00
-6.112980313338001181e+00
-6.267299713101574632e+00
-6.420789488848060778e+00
-6.573381160150034930e+00
-6.725008930286822562e+00
-6.875607002537744705e+00
-7.025112263888876107e+00
-7.173456233912790303e+00
-7.320573115888813653e+00
-7.466402480509766626e+00
-7.610867796227976712e+00
-7.753899240762644141e+00
-7.895427796944993304e+00
-8.035381227158149287e+00
-8.173689440750640856e+00
-8.310277784769517950e+00
-8.445080462494106044e+00
-8.578020942376728186e+00
-8.709028060283213080e+00
-8.838027968372633936e+00
-8.964949502510819457e+00
-9.089718814856848184e+00
-9.212262057569791551e+00
-9.332508066515478262e+00
-9.450397159814819759e+00
-9.565904849782087993e+00
-9.679012763573142664e+00
-9.789705212050595406e+00
-9.897977240904047846e+00
-1.000379705875561598e+01
-1.010713287422741224e+01
-1.020801462119678682e+01
-1.030636488527111183e+01
-1.040221360032773745e+01
-1.049548335197403581e+01
-1.058620407408735709e+01
-1.067432518934257146e+01
-1.075982295748203654e+01
-1.084270047531561154e+01
-1.092296083965314502e+01
-1.100055347316950538e+01
-1.107548147267454830e+01
-1.114774793497813477e+01
-1.121730228275512076e+01
-1.128420128695035274e+01
-1.134836753317120817e+01
-1.140983095529503011e+01
-1.146854097599668343e+01
-1.152452752915352185e+01
-1.157776687450790298e+01
-1.162823527180218797e+01
-1.167590898077874328e+01
-1.172084477238239764e+01
-1.176296523222053558e+01
-1.180232713123799471e+01
-1.183887989210963809e+01
-1.187265344871281769e+01
-1.190362406078988577e+01
-1.193182166221820140e+01
-1.195719567567262231e+01
-1.197980287209798966e+01
-1.199959267416917541e+01
-1.201659501576352262e+01
-1.203083983075837793e+01
-1.204227654182860796e+01
-1.205093508285155757e+01
-1.205684538770457692e+01
-1.205998371613002362e+01
-1.206035316493775333e+01
-1.205801050507259831e+01
-1.205293199627691969e+01
-1.204512073536058203e+01
-1.203460665620091596e+01
-1.202139285560778603e+01
-1.200550825664884336e+01
-1.198697773915299081e+01
-1.196579833507194301e+01
-1.194196707635742882e+01
-1.191553466909615011e+01
-1.188652498230731780e+01
-1.185490821087516089e+01
-1.182073506088638126e+01
-1.178402940136020050e+01
-1.174481510131582063e+01
-1.170311602977245968e+01
-1.165892921868183763e+01
-1.161233221119815084e+01
-1.156332203927311575e+01
-1.151189573485845763e+01
-1.145813084110837110e+01
-1.140205122704206886e+01
-1.134365392461127087e+01
-1.128298963990268078e+01
-1.122008224193551129e+01
-1.115498243679646961e+01
-1.108771409350476311e+01
-1.101835475521459173e+01
-1.094690145387767544e+01
-1.087343173264820706e+01
-1.079799629761289381e+01
-1.072061901779094484e+01
-1.064135059926906912e+01
-1.056024174813396677e+01
-1.047731633340485402e+01
-1.039265189823592195e+01
-1.030629914871387776e+01
-1.021825511679043963e+01
-1.012862418268729847e+01
-1.003743021542366343e+01
-9.944723921086239926e+00
-9.850609679896718873e+00
-9.755111360874305859e+00
-9.658279670105709869e+00
-9.560192150745123740e+00
-9.460899508879254682e+00
-9.360452450594806351e+00
-9.258955356113462543e+00
-9.156405257386948549e+00
-9.052906534636946390e+00
-8.948509893950166827e+00
-8.843292878480799146e+00
-8.737279357248059597e+00
-8.630600547541128265e+00
-8.523280318379216070e+00
-8.415414708591745452e+00
-8.307012717304113281e+00
-8.198155513451922616e+00
-8.088843754768307193e+00
-7.979104936053888153e+00
-7.868993389176777598e+00
-7.758482934802614750e+00
-7.647654741867009776e+00
-7.536509468103088416e+00
-7.425074608311474478e+00
-7.313404494360285391e+00
-7.201526621050139632e+00
-7.089468483181660119e+00
-6.977230738487980588e+00
-6.864921392972194170e+00
-6.752541104367433711e+00
-6.640117367474320353e+00
-6.527731351228462486e+00
-6.415356876295496669e+00
-6.303101948678524025e+00
-6.190967226110672961e+00
-6.079007040460052025e+00
-5.967302560662275823e+00
-5.855827607382979139e+00
-5.744690186625259543e+00
-5.633890956122249882e+00
-5.523484247742062259e+00
-5.413524393352807884e+00
-5.304065724822608630e+00
-5.195108899884586684e+00
-5.086735087474353989e+00
-4.978971782392529022e+00
-4.871873316507229212e+00
-4.765467184619073926e+00
-4.659834555663673328e+00
-4.555029761509134190e+00
-4.451080296956085647e+00
-4.348094168007623495e+00
-4.246072032396877916e+00
-4.145095059059449305e+00
-4.045190742795970351e+00
-3.946467089609531964e+00
-3.848897920165773368e+00
-3.752564403400301174e+00
-3.657520871181231037e+00
-3.563821655376675057e+00
-3.471467413719765638e+00
-3.380592989281089089e+00
-3.291172202726286411e+00
-3.203313060058456063e+00
-3.117036025244805053e+00
-3.032387113053875982e+00
-2.949351633285812291e+00
-2.867941732808247934e+00
-2.788196395556312712e+00
-2.710074094262660882e+00
-2.633640649929906985e+00
-2.558881372358198902e+00
-2.485808408415170145e+00
-2.414407067900965931e+00
-2.344716334750714726e+00
-2.276721518764559082e+00
-2.210488440945119315e+00
-2.145975574025047017e+00
-2.083195064871980584e+00
-2.022212734488534558e+00
-1.962987055607366083e+00
-1.905557012163599628e+00
-1.849907913957382188e+00
-1.796078744923838677e+00
-1.744081651930605270e+00
-1.693875107710335559e+00
-1.645498096198157123e+00
-1.598962764261705694e+00
-1.554254421701123823e+00
-1.511412052451541088e+00
-1.470394129245610193e+00
-1.431239636018456496e+00
-1.393933882570228100e+00
-1.358515852836046367e+00
-1.324944019548569552e+00
-1.293284203710414193e+00
-1.263468040986742258e+00
-1.235534515312680659e+00
-1.209495773555864906e+00
-1.185310288448947702e+00
-1.163043880994548918e+00
-1.142628186857829187e+00
-1.124129027041407936e+00
-1.107478037210444910e+00
-1.092714201300068799e+00
-1.079822829110423044e+00
-1.068816067509144041e+00
-1.059679226296376342e+00
-1.052397615272263165e+00
-1.046956544236949282e+00
-1.043394997125562051e+00
-1.041698283738246023e+00
-1.041798039740161608e+00
-1.043760086133928677e+00
-1.047540522634940796e+00
-1.053136947317795613e+00
-1.060547268946580468e+00
-1.069758661458386051e+00
-1.080755615083555554e+00
-1.093527987465927831e+00
-1.108060268835846074e+00
-1.124339633130400751e+00
-1.142355937993432491e+00
-1.162093673655283155e+00
-1.183534646639545551e+00
-1.206657979763063437e+00
-1.231448163256178452e+00
-1.257887003642484069e+00
-1.285953623738823381e+00
-1.315627146362039923e+00
-1.346892061742476221e+00
-1.379722125283477485e+00
-1.414093776095138200e+00
-1.449983453287552404e+00
-1.487367595970814804e+00
-1.526219959548270833e+00
-1.566519666836764690e+00
-1.608240473239640478e+00
-1.651348083039996917e+00
-1.695816251641179218e+00
-1.741607999619535940e+00
-1.788691714964913970e+00
-1.837038469373909688e+00
-1.886616650836369535e+00
-1.937389279928643404e+00
-1.989322060933827352e+00
-2.042380698135020989e+00
-2.096525528401822935e+00
-2.151722256017330359e+00
-2.207931217851144101e+00
-2.265118118186361329e+00
-2.323243293892581107e+00
-2.382267081839403833e+00
-2.442144451482930467e+00
-2.502833055986010802e+00
-2.564287864804746686e+00
-2.626466531101987467e+00
-2.689326708040584268e+00
-2.752820681369889222e+00
-2.816906104252752563e+00
-2.881535262438525091e+00
-2.946657757969811886e+00
-3.012228560302712577e+00
-3.078197271479829578e+00
-3.144527661830047283e+00
-3.211197235519385185e+00
-3.278189613879893827e+00
-3.345485734536878919e+00
-3.413061167702142740e+00
-3.480902218414487770e+00
-3.548987140592468226e+00
-3.617294188154636991e+00
-3.685804298726298001e+00
-3.754495726226005470e+00
-3.823344040865561677e+00
-3.892324812856775118e+00
-3.961418979824945730e+00
-4.030602111981880675e+00
-4.099849779539381345e+00
-4.169137552709257122e+00
-4.238441001703310285e+00
-4.307727645613096179e+00
-4.376973054650423300e+00
-4.446147431613595380e+00
-4.515220979300919701e+00
-4.584166584217452822e+00
-4.652954449161498474e+00
-4.721554776931365716e+00
-4.789932402911860621e+00
-4.858057529901292249e+00
-4.925897676991215057e+00
-4.993420363273187945e+00
-5.060593107838767146e+00
-5.127383429779511559e+00
-5.193758848186975641e+00
-5.259684198445971681e+00
-5.325124315941302200e+00
-5.390049403471278922e+00
-5.454426980127456304e+00
-5.518216513881143648e+00
-5.581390891237399288e+00
-5.643906896460781475e+00
-5.705726681229347896e+00
-5.766812397221161568e+00
-5.827126196114277512e+00
-5.886624862173258421e+00
-5.945273230782912144e+00
-6.003033453621297255e+00
-6.059862314952973783e+00
-6.115724650162751352e+00
-6.170585294635436036e+00
-6.224406400049088184e+00
-6.277150118081767260e+00
-6.328775916704780791e+00
-6.379254139022138226e+00
-6.428571791601141783e+00
-6.476713337608050125e+00
-6.523708863223848908e+00
-6.569494524893312537e+00
-6.614100408797434660e+00
-6.657529764049710863e+00
-6.699732165628659253e+00
-6.740737699715272591e+00
-6.780549615423045573e+00
-6.819117487730500748e+00
-6.856444565751135478e+00
-6.892560935665940747e+00
-6.927416172453431997e+00
-6.961040362294603767e+00
-6.993409917235460682e+00
-7.024501249322012697e+00
-7.054344444735250796e+00
-7.082889078453691312e+00
-7.110165236658327004e+00
-7.136149331395164275e+00
-7.160844611777703150e+00
-7.184227489851950921e+00
-7.206301214731410276e+00
-7.227069035529576801e+00
-7.246534201359954075e+00
-7.264646287201055763e+00
-7.281462216301367363e+00
-7.296931563639402540e+00
-7.311057578328663986e+00
-7.323843509482649949e+00
-7.335292606214858679e+00
-7.345408117638791090e+00
-7.354166455800457136e+00
-7.361570869813354179e+00
-7.367624608790983132e+00
-7.372304084779351285e+00
-7.375639383959450512e+00
-7.377606918377288991e+00
-7.378236774213856819e+00
-7.377505363515164838e+00
-7.375389098327218562e+00
-7.371944901898500824e+00
-7.367122349207533283e+00
-7.360951526435298931e+00
-7.353408845627813051e+00
-7.344524392966062187e+00
-7.334274580496057183e+00
-7.322662657331297176e+00
-7.309718709652774038e+00
-7.295419305919581987e+00
-7.279768477310660124e+00
-7.262797248485527213e+00
-7.244509807036207505e+00
-7.224883503487239622e+00
-7.203976199565627958e+00
-7.181792082863402094e+00
-7.158281666837605250e+00
-7.133529650282735446e+00
-7.107486546655837678e+00
-7.080210217683922558e+00
-7.051678013891523378e+00
-7.021920959938156237e+00
-6.990943243415850716e+00
-6.958749051916631068e+00
-6.925369410100014278e+00
-6.890808505558029928e+00
-6.855097362950192341e+00
-6.818240169868531098e+00
-6.780267950972558744e+00
-6.741158056786816566e+00
-6.700995186105800805e+00
-6.659729852386555571e+00
-6.617393080288601404e+00
-6.574042731538941808e+00
-6.529656156662116295e+00
-6.484264380317643628e+00
-6.437898427165038129e+00
-6.390562484796327603e+00
-6.342287577871029924e+00
-6.293104731048662082e+00
-6.243044968988742838e+00
-6.192139316350792733e+00
-6.140391960726831577e+00
-6.087833926776381688e+00
-6.034496239158960940e+00
-5.980409922534085432e+00
-5.925606001561274816e+00
-5.870088663832552456e+00
-5.813915771074930738e+00
-5.757091510880434804e+00
-5.699646907908583415e+00
-5.641639823886384519e+00
-5.583047609338374073e+00
-5.523954963059053647e+00
-5.464366072640446603e+00
-5.404311962742074371e+00
-5.343850495090944008e+00
-5.282985857279082431e+00
-5.221775911033498474e+00
-5.160220465944616919e+00
-5.098382330798930440e+00
-5.036239425178850482e+00
-4.973796505734285667e+00
-4.911085166182630246e+00
-4.848110163173791953e+00
-4.784903090425166816e+00
-4.721441867519170721e+00
-4.657758088173200584e+00
-4.593856509037160585e+00
-4.529741886760960234e+00
-4.465445815061992008e+00
-4.400973050590163638e+00
-4.336355187062873817e+00
-4.271596981130026727e+00
-4.206730026509021059e+00
-4.141785916917253729e+00
-4.076769409004629807e+00
-4.011712096488547097e+00
-3.946645573086403846e+00
-3.881547758380612834e+00
-3.816477083156064154e+00
-3.751465141130154723e+00
-3.686489851885297764e+00
-3.621582809138892856e+00
-3.556802443675827430e+00
-3.492126675078516040e+00
-3.427587097064354715e+00
-3.363215303350743479e+00
-3.299042887655078360e+00
-3.235074606627264426e+00
-3.171368891052191774e+00
-3.107930497579765916e+00
-3.044791019927384212e+00
-2.981955214744952176e+00
-2.919481512817360347e+00
-2.857347833727018838e+00
-2.795639445326313144e+00
-2.734334267197654711e+00
-2.673490730125933190e+00
-2.613113590761054983e+00
-2.553234442820416117e+00
-2.493884880021414396e+00
-2.435096496081447626e+00
-2.376900884717913609e+00
-2.319302802580717415e+00
-2.262387517522240543e+00
-2.206159786192388061e+00
-2.150651202308555110e+00
-2.095866522520652087e+00
-2.041859904036017692e+00
-1.988614735616823781e+00
-1.936136969515183104e+00
-1.884459395050701813e+00
-1.833534290340512740e+00
-1.783421281771711886e+00
-1.734072647461430305e+00
-1.685548013796768441e+00
-1.637826495962345419e+00
-1.590887209142786585e+00
-1.544789779725189049e+00
-1.499486485826683646e+00
-1.455036953834368374e+00
-1.411420298932865469e+00
-1.368615636306798500e+00
-1.326682592343264133e+00
-1.285573445159395201e+00
-1.245347821142288369e+00
-1.205957998409075360e+00
-1.167436766279360105e+00
-1.129790077005260462e+00
-1.093023882838888072e+00
-1.057144136032358794e+00
-1.022129951770295753e+00
-9.880141193723047666e-01
-9.547757540230074058e-01
-9.224476450420108220e-01
-8.910357446814284321e-01
-8.605191681258855807e-01
-8.309307046949859776e-01
-8.022494695733521919e-01
-7.745082520805921522e-01
-7.477130044688194976e-01
-7.218428419226563530e-01
-6.969305537617100921e-01
-6.729552551706025065e-01
-6.499228984014479016e-01
-6.278394357063614706e-01
-6.067108193374568526e-01
-5.865430015468494629e-01
-5.673150975191612044e-01
-5.490598965739997839e-01
-5.317833509634769529e-01
-5.154377388047266528e-01
-5.000826864848443298e-01
-4.856973091884541072e-01
-4.722714569271753704e-01
-4.598218167801186862e-01
-4.483436061724020982e-01
-4.378347262358924241e-01
-4.282952708788332341e-01
-4.197233702879782924e-01
-4.121139800129581809e-01
-4.054674230169031390e-01
-3.997759711426956963e-01
-3.950318962332174944e-01
-3.912355212515987168e-01
-3.883791180407210608e-01
-3.864603258569660471e-01
-3.854687328364663212e-01
-3.854019782356021273e-01
-3.862550176040055461e-01
-3.880120716643107315e-01
-3.906734633796479783e-01
-3.942234134726517181e-01
-3.986568774929535874e-01
-4.039634435766867315e-01
-4.101380672734821764e-01
-4.171676530127242377e-01
-4.250391052237968981e-01
-4.337446957495821875e-01
-4.432713290194640887e-01
-4.536085931695758577e-01
-4.647460763360507507e-01
-4.766706829482722507e-01
-4.893693174356246733e-01
-5.028315679342408862e-01
-5.170416551667558203e-01
-5.319837998558040182e-01
-5.476502738442678986e-01
-5.640252978547825036e-01
-5.810957763167313717e-01
-5.988405625392512199e-01
-6.172465609517256979e-01
-6.362979922767898477e-01
-6.559737098235799424e-01
-6.762579343147310240e-01
-6.971322027661284171e-01
-7.185807359004069417e-01
-7.405850707334522554e-01
-7.631240605744010752e-01
-7.861765587323892301e-01
-8.097267859300520954e-01
-8.337517168818014968e-01
-8.582342304568971736e-01
-8.831534483351514142e-01
-9.084876870843497931e-01
-9.342141897895801517e-01
-9.603104679066037930e-01
-9.867543012618578135e-01
-1.013526191150479594e+00
-1.040618329854432922e+00
-1.068025631124383201e+00
-1.095740861745595929e+00
-1.123755741857704438e+00
-1.152062045274476976e+00
-1.180651733669154657e+00
-1.209516634529640644e+00
-1.238648709529175829e+00
-1.268039222577246328e+00
-1.297678712982515359e+00
-1.327556190340800635e+00
-1.357662006101292507e+00
-1.387985438230483259e+00
-1.418516301436214322e+00
-1.449244410426326679e+00
-1.480158238055288233e+00
-1.511243841841490410e+00
-1.542485669079277200e+00
-1.573868703804341296e+00
-1.605377930052375168e+00
-1.636997526747048015e+00
-1.668713014665402783e+00
-1.700508572731106449e+00
-1.732369453350528277e+00
-1.764280103818010481e+00
-1.796225508169246643e+00
-1.828190382069253994e+00
-1.860159709553726781e+00
-1.892117937917007442e+00
-1.924049594964641230e+00
-1.955936551632492915e+00
-1.987760276300413853e+00
-2.019502156837052809e+00
-2.051143768970530523e+00
-2.082666124850553580e+00
-2.114051068575916847e+00
-2.145280095363539363e+00
-2.176333895318315559e+00
-2.207193426915815326e+00
-2.237840453743631830e+00
-2.268255129165309913e+00
-2.298418948397768613e+00
-2.328313138287252393e+00
-2.357917852197305209e+00
-2.387211364896747678e+00
-2.416172487895749121e+00
-2.444776007144356278e+00
-2.473003954600837773e+00
-2.500831652956589490e+00
-2.528243011648516614e+00
-2.555226766321321286e+00
-2.581785606778711273e+00
-2.607914171704150963e+00
-2.633609783487847356e+00
-2.658875131933511771e+00
-2.683704855724605487e+00
-2.708096277251339057e+00
-2.732046718903923477e+00
-2.755553503072569743e+00
-2.778611268440737803e+00
-2.801217337398640872e+00
-2.823363664922989180e+00
-2.845050257110743885e+00
-2.866271752645366266e+00
-2.887020106503569661e+00
-2.907295324782311674e+00
-2.927089362458306976e+00
-2.946399541921765231e+00
-2.965223185562896546e+00
-2.983554932065163978e+00
-3.001386736405279532e+00
-3.018718604680203477e+00
-3.035542491866646930e+00
-3.051858404061570162e+00
-3.067658296241686511e+00
-3.082939490797206084e+00
-3.097699310118340321e+00
-3.111929709181799453e+00
-3.125628010377798027e+00
-3.138788852389794215e+00
-3.151409557607999901e+00
-3.163484764715877251e+00
-3.175009112396887101e+00
-3.185977239334491617e+00
-3.196383784212151635e+00
-3.206228753126827424e+00
-3.215504101055231434e+00
-3.224207150387574217e+00
-3.232337907220816042e+00
-3.239888326531670248e+00
-3.246858414417094885e+00
-3.253240125853803733e+00
-3.259036150645503671e+00
-3.264238443768910258e+00
-3.268849695027730373e+00
-3.272861859398678241e+00
-3.276272259271962639e+00
-3.279083584451293998e+00
-3.281287789913383879e+00
-3.282885550716269307e+00
-3.283877534055549940e+00
-3.284265076087900415e+00
-3.284054880383491692e+00
-3.283245599392253133e+00
-3.281843936684357921e+00
-3.279848544709730529e+00
-3.277266127038545473e+00
-3.274098019827477390e+00
-3.270348242939952410e+00
-3.266020816239393554e+00
-3.261122443295973117e+00
-3.255654460266369288e+00
-3.249620887014005088e+00
-3.243025743402303984e+00
-3.235889151535187747e+00
-3.228182926795088115e+00
-3.219937926112923066e+00
-3.211144750818369253e+00
-3.201847676376091467e+00
-3.192010467048274514e+00
-3.181650561232089114e+00
-3.170785397324705102e+00
-3.159405576655801795e+00
-3.147528537622549027e+00
-3.135171718622117965e+00
-3.122325720984186148e+00
-3.109007983105922968e+00
-3.095235943384500477e+00
-3.081000203149597105e+00
-3.066291363730889952e+00
-3.051153700593042473e+00
-3.035604652133224057e+00
-3.019607982613622177e+00
-3.003207967498898068e+00
-2.986395208118731048e+00
-2.969213979937781911e+00
-2.951628047218239903e+00
-2.933681685424763597e+00
-2.915365495887034530e+00
-2.896723754069713053e+00
-2.877747061302478038e+00
-2.858426018915007916e+00
-2.838831739439457102e+00
-2.818901150070519890e+00
-2.798705363340350694e+00
-2.778234980578627056e+00
-2.757534277250011545e+00
-2.736567017616690745e+00
-2.715350640075835376e+00
-2.693954266002376752e+00
-2.672304866804898538e+00
-2.650488445139715044e+00
-2.628429981258187276e+00
-2.606188640749136365e+00
-2.583743077998908344e+00
-2.561098784461339761e+00
-2.538261251590269829e+00
-2.515235970839533763e+00
-2.492055270730462624e+00
-2.468697805649401111e+00
-2.445142229982695259e+00
-2.421447709319166197e+00
-2.397619735112651362e+00
-2.373610124682004052e+00
-2.349478043616045397e+00
-2.325202146301121431e+00
-2.300787924191070477e+00
-2.276267705807220043e+00
-2.251646982603408009e+00
-2.226904408965981297e+00
-2.202072313416267413e+00
-2.177156187408104682e+00
-2.152161522395329651e+00
-2.127120646899273382e+00
-2.102012215306280130e+00
-2.076841719070186887e+00
-2.051668323779816561e+00
-2.026470683821512520e+00
-2.001254290649113532e+00
-1.976051472783948437e+00
-1.950840884612363046e+00
-1.925654854655687309e+00
-1.900498874367756885e+00
-1.875378435202410543e+00
-1.850325865680976678e+00
-1.825346657257293170e+00
-1.800419464317705831e+00
-1.775603452451035125e+00
-1.750904113111118710e+00
-1.726300100684302841e+00
-1.701823743691915469e+00
-1.677507370655286545e+00
-1.653356473028254170e+00
-1.629349705197162157e+00
-1.605546232750832969e+00
-1.581924710075611307e+00
-1.558517465692827564e+00
-1.535329991056318066e+00
-1.512394614687412320e+00
-1.489687852929680423e+00
-1.467258181158063168e+00
-1.445071425502251650e+00
-1.423173923294411614e+00
-1.401504663596740974e+00
-1.380109983741405921e+00
-1.359009383993080133e+00
-1.338168690481453815e+00
-1.317607403471201533e+00
-1.297291349092013046e+00
-1.277293701743546395e+00
-1.257553450488000157e+00
-1.238116932657538305e+00
-1.218949974381853929e+00
-1.200098912993111444e+00
-1.181529574621000167e+00
-1.163261459530195330e+00
-1.145287230917878984e+00
-1.127653226116217100e+00
-1.110298434187407146e+00
-1.093269192463615758e+00
-1.076558164142024321e+00
-1.060184849487306957e+00
-1.044141911696645941e+00
-1.028422013967224213e+00
-1.013044656563714341e+00
-9.980025026832990420e-01
-9.833043177636556775e-01
-9.689588672424619409e-01
-9.549695491438947581e-01
-9.413370777853863336e-01
-9.280648511911131493e-01
-9.151589510920049575e-01
-9.026200918054901878e-01
-8.904543550624987036e-01
-8.786651388872069868e-01
-8.672612087172939521e-01
-8.562459625769377469e-01
-8.456227984903174066e-01
-8.353951144816115226e-01
-8.255716759884978995e-01
-8.161558810351545734e-01
-8.071484439390116394e-01
-7.985527627242475779e-01
-7.903749191217916970e-01
-7.826183111558208116e-01
-7.752836531437663492e-01
-7.683770268165552864e-01
-7.618991464916178291e-01
-7.558560938998819534e-01
-7.502498517350559837e-01
-7.450740576622155720e-01
-7.403289851362145901e-01
-7.360041727849087057e-01
-7.320972103564028499e-01
-7.286003201853024080e-01
-7.255110920197107571e-01
-7.228190644874851190e-01
-7.205191436299801522e-01
-7.186089191952995670e-01
-7.170779298113001410e-01
-7.159210815193365329e-01
-7.151332803607636235e-01
-7.147067486701870198e-01
-7.146363924889618247e-01
-7.149144341516929790e-01
-7.155357796997362518e-01
-7.164953351744458576e-01
-7.177826392036782410e-01
-7.193925978287886158e-01
-7.213147496776334266e-01
-7.235466844983161616e-01
-7.260752572119445469e-01
-7.288953738598734633e-01
-7.319992567767082958e-01
-7.353764445903059332e-01
-7.390191596352715386e-01
-7.429196242462111632e-01
-7.470700607577303032e-01
-7.514573240909363516e-01
-7.560790039939332408e-01
-7.609219553878281417e-01
-7.659784006072269946e-01
-7.712378782799862442e-01
-7.766899270339622241e-01
-7.823267692037605414e-01
-7.881379434172381959e-01
-7.941103045955018036e-01
-8.002360750731573047e-01
-8.065047934780613659e-01
-8.129059984380704318e-01
-8.194265448742916735e-01
-8.260559714145816468e-01
-8.327838166867971292e-01
-8.395996193187938994e-01
-8.464875505249309651e-01
-8.534425163465625408e-01
-8.604460042912976947e-01
-8.674902366937425890e-01
-8.745593847682545663e-01
-8.816470173485867479e-01
-8.887574566785769736e-01
-8.959071063282059155e-01
-9.031070024539574748e-01
-9.103628137988157842e-01
-9.176882602260129085e-01
-9.250916941852831421e-01
-9.325868355398579945e-01
-9.401820367394718714e-01
-9.478856502338584011e-01
-9.557087121795004858e-01
-9.636622587328813605e-01
-9.717519586369854911e-01
-9.799888480482961128e-01
-9.883812794165466320e-01
-9.969376051914712322e-01
-1.005666177822803542e+00
-1.014575349760277634e+00
-1.023673473453627247e+00
-1.032968901352585789e+00
-1.042467302200138723e+00
-1.052177028446019236e+00
-1.062106432539961398e+00
-1.072261183224949788e+00
-1.082652316657467750e+00
-1.093282817873750146e+00
-1.104158355616782217e+00
-1.115287282336297592e+00
-1.126672583068531797e+00
-1.138325293969967511e+00
-1.150243032663342380e+00
-1.162439519011888356e+00
-1.174917738051840743e+00
-1.187680674819435511e+00
-1.200736681764406288e+00
-1.214088743922988156e+00
-1.227742530038166358e+00
-1.241706392559674743e+00
-1.255980632816999121e+00
-1.270570919553124511e+00
-1.285482921511035492e+00
-1.300719623726967367e+00
-1.316286694943905600e+00
-1.332184436491335777e+00
-1.348418517112242476e+00
-1.364994605549610718e+00
-1.381913003132926754e+00
-1.399179378605175161e+00
-1.416796717002591466e+00
-1.434768003361411637e+00
