# tt
3.781612410139598524e+02
3.578931641130770345e+02
3.375481936545926942e+02
3.215288139323340602e+02
3.097699376178553052e+02
3.015771429311834595e+02
2.960982195673224737e+02
2.927152694958348889e+02
2.909667130828760264e+02
2.904039940829640614e+02
2.911982930744596842e+02
2.925324963185124147e+02
2.943930164166903296e+02
2.963974040882647500e+02
2.991506127029459776e+02
3.025634088842134020e+02
3.061951956601332654e+02
3.103165181587133361e+02
3.143464430471717037e+02
3.185330525883388191e+02
3.228823449563441841e+02
3.272534460256385955e+02
3.317595468167324384e+02
3.364397824226870171e+02
3.411085688863381620e+02
3.459148632927077642e+02
3.508014012196546787e+02
3.557457406775801587e+02
3.608226099041921771e+02
3.658084548738373769e+02
3.709894404954937386e+02
3.761790487136499337e+02
3.813754991411615833e+02
3.867903061181515341e+02
3.920980448381386623e+02
3.974864891093145047e+02
4.029917401098488199e+02
4.085766555153264221e+02
4.142106064131153857e+02
4.198614190225933385e+02
4.255309956924160133e+02
4.312250613167467463e+02
4.369627593234953338e+02
4.427686005540693941e+02
4.486316494922197080e+02
4.545467890622727509e+02
4.605056603118875955e+02
4.665052717022220463e+02
4.725667850551763536e+02
4.787123244490879301e+02
4.849222399733085922e+02
4.911697928533799313e+02
4.974470302620875941e+02
5.037513667857161863e+02
5.101225371108506579e+02
5.165977990933338333e+02
5.231628009530885492e+02
5.297870886695429817e+02
5.364643615828675820e+02
5.431980675178335787e+02
5.499903926363774644e+02
5.568479041715384028e+02
5.637718019428569960e+02
5.707713368901214608e+02
5.778600629702588094e+02
5.850311743142646037e+02
5.922714332432761921e+02
5.995649183716822108e+02
6.069010757273691752e+02
6.142720726482432383e+02
6.217185336067753951e+02
6.292811206787067704e+02
6.369629240452899239e+02
6.447643501810287034e+02
6.526693672061936695e+02
6.606337617186113675e+02
6.686532398036076756e+02
6.767449772005015802e+02
6.849180985283650216e+02
6.931821521988970289e+02
7.015403306740569178e+02
7.099828316746850305e+02
7.185079040418698924e+02
7.271111129099505206e+02
7.357900040100815886e+02
7.445339432201866430e+02
7.533369607217541670e+02
7.622038215232696530e+02
7.711366069264690850e+02
7.801397360925702742e+02
7.892135610869722768e+02
7.983634555413050293e+02
8.075867419669513083e+02
8.168887939955410502e+02
8.262669341384568042e+02
8.357211686138302866e+02
8.452541873465422668e+02
8.548579454344770738e+02
8.645378165092646441e+02
8.742911230822875268e+02
8.841178713716776656e+02
8.940127001820681016e+02
9.039756157315906648e+02
9.140039405316280181e+02
9.240949970935623696e+02
9.342461079287767234e+02
9.444519118419042343e+02
9.547150987578256718e+02
9.650303074811745319e+02
9.753948482266945348e+02
9.858086657293239341e+02
9.962690087206125327e+02
1.006773125932110588e+03
1.017318266095368699e+03
1.027904361648685608e+03
1.038528661323611686e+03
1.049185730144948138e+03
1.059875500550993820e+03
1.070595221273299330e+03
1.081342141043414358e+03
1.092110824886140108e+03
1.102901205239776345e+03
1.113710530835872760e+03
1.124533366699230328e+03
1.135369645268148361e+03
1.146213931567428062e+03
1.157063474328619350e+03
1.167918205990021988e+03
1.178772691576436273e+03
1.189621557322294620e+03
1.200467725420800434e+03
1.211303444447791662e+03
1.222129014099353299e+03
1.232939366658072686e+03
1.243734801820034590e+03
1.254510251867826355e+03
1.265263332790784489e+03
1.275988976871495197e+03
1.286690167512793550e+03
1.297359153290517042e+03
1.307993550194001955e+03
1.318593657919333282e+03
1.329151725042349426e+03
1.339668051259134927e+03
1.350132201438779248e+03
1.360541791570617761e+03
1.370891753937238491e+03
1.381177020821227188e+03
1.391392524505171650e+03
1.401530482181227171e+03
1.411593720333816009e+03
1.421576982943431858e+03
1.431480381404066065e+03
1.441301343402960356e+03
1.451042664040855470e+03
1.460696403591495482e+03
1.470265357155620904e+03
1.479744268713723841e+03
1.489130565953048063e+03
1.498416309147335596e+03
1.507598925983829986e+03
1.516675844149772956e+03
1.525639123918908581e+03
1.534488876685227524e+03
1.543219846429223935e+03
1.551829460838138402e+03
1.560315147599214697e+03
1.568674334399694089e+03
1.576904448926818759e+03
1.585000235161082173e+03
1.592964488203224846e+03
1.600789268326989941e+03
1.608472003219620092e+03
1.616012804275106873e+03
1.623406478108367992e+03
1.630650765578770915e+03
1.637740786473360458e+03
1.644677027992677267e+03
1.651457293630515096e+03
1.658076703173917167e+03
1.664535743823425946e+03
1.670832219072833141e+03
1.676961248709183565e+03
1.682923319933018774e+03
1.688713552531382675e+03
1.694332433704817277e+03
1.699777766947114515e+03
1.705044672045318748e+03
1.710133636199972216e+03
1.715042462904867534e+03
1.719766271947048153e+03
1.724302866820306917e+03
1.728655418431935459e+03
1.732819046568976546e+03
1.736794238431973099e+03
1.740581481221467129e+03
1.744181262137999511e+03
1.747586017261865891e+03
1.750801601207105705e+03
1.753823118468441180e+03
1.756648296078053363e+03
1.759269478362302834e+03
1.761689744474547979e+03
1.763898755034399983e+03
1.765899589195216322e+03
1.767687274990107426e+03
1.769259524158931754e+03
1.770627466975295420e+03
1.771786131472307716e+03
1.772738596803326800e+03
1.773490625828458406e+03
1.774042613994312205e+03
1.774397640454244538e+03
1.774556100654864395e+03
1.774513022629281977e+03
1.774268801824105594e+03
1.773823833685943555e+03
1.773175829954654318e+03
1.772322502370098391e+03
1.771266930085632566e+03
1.770004141134367728e+03
1.768537214669659534e+03
1.766869229844867505e+03
1.765000582106599268e+03
1.762928983194714419e+03
1.760657512262569753e+03
1.758186564756773805e+03
1.755519219830685188e+03
1.752653189224162134e+03
1.749591552090562345e+03
1.746337387583243071e+03
1.742888407442064135e+03
1.739245007113633619e+03
1.735412949458058620e+03
1.731387262508448430e+03
1.727176392831659541e+03
1.722778052167551095e+03
1.718195319669480568e+03
1.713428590784056269e+03
1.708478260957886505e+03
1.703350093051078375e+03
1.698044482510239732e+03
1.692561824781979794e+03
1.686907882726404068e+03
1.681085735496871393e+03
1.675093094833240457e+03
1.668938407302366841e+03
1.662619384644109687e+03
1.656141789718576092e+03
1.649503274863977140e+03
1.642706622225428418e+03
1.635751870839649655e+03
1.628644427156855954e+03
1.621378962800269164e+03
1.613960884220105754e+03
1.606392914159833481e+03
1.598680459069669269e+03
1.590826241693081101e+03
1.582838352187034843e+03
1.574716829588249311e+03
1.566469764053690369e+03
1.558099878326826683e+03
1.549609895151124647e+03
1.540999853563304441e+03
1.532272476306832232e+03
1.523433169831926307e+03
1.514481973175304802e+03
1.505418925373686079e+03
1.496246749170538578e+03
1.486973534722828617e+03
1.477596637360524028e+03
1.468126830947341432e+03
1.458561470813250480e+03
1.448905963408467187e+03
1.439168398889958553e+03
1.429348816294442940e+03
1.419449938365387879e+03
1.409477171553010749e+03
1.399435922307528017e+03
1.389326229665658502e+03
1.379153500077619583e+03
1.368923139993627728e+03
1.358635188450401529e+03
1.348295051898158363e+03
1.337905453080365987e+03
1.327474482153990039e+03
1.317002178155749334e+03
1.306491263829112540e+03
1.295949829331044384e+03
1.285380597405013532e+03
1.274783607087738346e+03
1.264164264829435979e+03
1.253527977080322898e+03
1.242874782877118605e+03
1.232210088670039568e+03
1.221533933495803922e+03
1.210854407511378668e+03
1.200174233460231335e+03
1.189496134085829453e+03
1.178825406954985056e+03
1.168166914100891972e+03
1.157522724966589294e+03
1.146897592701865506e+03
1.136296270456508864e+03
1.125718143966809521e+03
1.115170650089305809e+03
1.104655858267035910e+03
1.094175837943040051e+03
1.083729974853607700e+03
1.073328389562026132e+03
1.062967784097835647e+03
1.052655595317575035e+03
1.042393892664282930e+03
1.032182061874249257e+03
1.022027539804012122e+03
1.011932395896610387e+03
1.001901383301832880e+03
9.919338877559696357e+02
9.820319787020596323e+02
9.722057767033902564e+02
9.624493000827529841e+02
9.527726694034346338e+02
9.431725866949761894e+02
9.336564888139150753e+02
9.242237614965420107e+02
9.148791578926447983e+02
9.056247474452633242e+02
8.964625995974365651e+02
8.873974674989530058e+02
8.784287368861027971e+02
8.695611609086744238e+02
8.607941253029580366e+02
8.521323832187424614e+02
8.435806878058156144e+02
8.351384248004676465e+02
8.268076636457383302e+02
8.185904737846665284e+02
8.104916083670410671e+02
8.025131368359008093e+02
7.946544449275362467e+02
7.869176020849868110e+02
7.793046777512914787e+02
7.718150576627404007e+02
7.644508112623731222e+02
7.572140079932287335e+02
7.501040335915974993e+02
7.431229575005186234e+02
7.362755328697808181e+02
7.295611454356738932e+02
7.229845217129742423e+02
7.165475979696590230e+02
7.102496001319447032e+02
7.040924378327962359e+02
6.980807044119280818e+02
6.922109420888068598e+02
6.864850604963982050e+02
6.809049692676668428e+02
6.754698943288289001e+02
6.701790616061007313e+02
6.650343807324470617e+02
6.600350776340842458e+02
6.551857456507265169e+02
6.504802432950914408e+02
6.459258476136428726e+02
6.415191008258473175e+02
6.372619125646701832e+02
6.331535087563272555e+02
6.291931153270350023e+02
6.253853256165070889e+02
6.217239981374618765e+02
6.182137262296134850e+02
6.148510521124286470e+02
6.116378854188727701e+02
6.085707683684123595e+02
6.056516105940130501e+02
6.028823217286395675e+02
6.002567602850100457e+02
5.977795196028386044e+02
5.954498256083411434e+02
5.932642205209848498e+02
5.912246139737345629e+02
5.893302318928066370e+02
5.875776164976676910e+02
5.859659937145338517e+02
5.844972731763701859e+02
5.831706808093929340e+02
5.819800751263195480e+02
5.809273657601153218e+02
5.800117786369962687e+02
5.792325396831786293e+02
5.785835074113797418e+02
5.780692751613141809e+02
5.776837014456995121e+02
5.774260121907518624e+02
5.772954333226871313e+02
5.772885070609722789e+02
5.774071430385724852e+02
5.776478834749545967e+02
5.780099542963346266e+02
5.784926753942741016e+02
5.790930588149677760e+02
5.798108942767048575e+02
5.806459714977747808e+02
5.815927127829685332e+02
5.826509078505754360e+02
5.838203464188849239e+02
5.850981344994370374e+02
5.864786943970228776e+02
5.879671832434300995e+02
5.895526559299515839e+02
5.912402695883746446e+02
5.930271302302396634e+02
5.949103438670867945e+02
5.968843328037071387e+02
5.989542541718883513e+02
6.011118465696720250e+02
6.033595834220969891e+02
6.056918870339542309e+02
6.081112308302820111e+02
6.106120371158716580e+02
6.131914119022630985e+02
6.158518286144949343e+02
6.185877095573581528e+02
6.213961607423932492e+02
6.242769718878890899e+02
6.272218815918877226e+02
6.302360469861770298e+02
6.333085229620492100e+02
6.364390992377941529e+02
6.396275655317009523e+02
6.428683441485603680e+02
6.461639085134114566e+02
6.495059972242956974e+02
6.528970837062515784e+02
6.563342739708195950e+02
6.598146740295394466e+02
6.633353898939519695e+02
6.668962112823459165e+02
6.704915604995125022e+02
6.741185435569918809e+02
6.777715827595752671e+02
6.814504678255516410e+02
6.851496210597124445e+02
6.888661484735973772e+02
6.925971560787471617e+02
6.963397498867016111e+02
7.000964033224993273e+02
7.038615386909312974e+02
7.076322620035377895e+02
7.114084934961443878e+02
7.151906754747226387e+02
7.189713296425322824e+02
7.227510288230810147e+02
7.265249784263784250e+02
7.302910675691827009e+02
7.340471853682523715e+02
7.377885372335966849e+02
7.415103285752250031e+02
7.452184996301433557e+02
7.489028883948625435e+02
7.525721188131377630e+02
7.562160288814799287e+02
7.598432425436441235e+02
7.634435977961414892e+02
7.670230348759778281e+02
7.705767591931625020e+02
7.740999761577046456e+02
7.775932585931121821e+02
7.810518119093941323e+02
7.844708415165597444e+02
7.878509202381171690e+02
7.911872534840749722e+02
7.944804140779411910e+02
7.977282911364742404e+02
8.009314574831818163e+02
8.040851185280730533e+02
8.071925308014048142e+02
8.102542671266846810e+02
8.132628492071727351e+02
8.162242172798750062e+02
8.191282093413025223e+02
8.219780819217118051e+02
8.247690404311125576e+02
8.274962902795139144e+02
8.301630879971726245e+02
8.327646389940977087e+02
8.352988323870480372e+02
8.377689247062800177e+02
8.401701213618034672e+02
8.425029951771255128e+02
8.447681189757543052e+02
8.469660655811967445e+02
8.490947241102117005e+02
8.511519836795577021e+02
8.531384171127423315e+02
8.550492298197747232e+02
8.568849946241626867e+02
8.586436006426646372e+02
8.603229369920389900e+02
8.619209267296499775e+02
8.634383123820357469e+02
8.648731867095902999e+02
8.662263261794574873e+02
8.675011909655299860e+02
8.686931901214534264e+02
8.698057838211202579e+02
8.708370648249250507e+02
8.717851258932621477e+02
8.726561109067737334e+02
8.734427452123559306e+02
8.741511726906506965e+02
8.747768023953032070e+02
8.753204107934569720e+02
8.757827743522560695e+02
8.761646695388437820e+02
8.764641891136145659e+02
8.766794258369631052e+02
8.768138398827820765e+02
8.768628403047166557e+02
8.768298872766599743e+02
8.767130735590061477e+02
8.765104919121499734e+02
8.762282862167330677e+02
8.758618655264010613e+02
8.754173737217956841e+02
8.748929035633115063e+02
8.742892315180923788e+02
8.736071340532814702e+02
8.728500713427717983e+02
8.720134524402086527e+02
8.711034212262341043e+02
8.701180704612424961e+02
8.690554929056283981e+02
8.679218324400337679e+02
8.667124981181038947e+02
8.654336338204805088e+02
8.640833323075584076e+02
8.626650537532301541e+02
8.611742072111412654e+02
8.596196202686826382e+02
8.579993856862491839e+02
8.563115962242346768e+02
8.545623957632816428e+02
8.527525607705334778e+02
8.508801840063847521e+02
8.489487256447282562e+02
8.469589621527076133e+02
8.449116699974661060e+02
8.428076256461480398e+02
8.406528743535972126e+02
8.384423320444703904e+02
8.361815508446233025e+02
8.338733991731623973e+02
8.315153780356956759e+02
8.291076721445809881e+02
8.266585173324225480e+02
8.241627308980794169e+02
8.216231812606583844e+02
8.190400531325167321e+02
8.164188986395099619e+02
8.137545350804970212e+02
8.110525145813335257e+02
8.083157055611262649e+02
8.055389253187340728e+02
8.027277259800124511e+02
7.998849759640683033e+02
7.970081762765091753e+02
7.941001953364420842e+02
7.911612178562240842e+02
7.881941122549616239e+02
7.852017469517612653e+02
7.821843066589804039e+02
7.791419760889763211e+02
7.760829910743536857e+02
7.730021689139720138e+02
7.699077454404352920e+02
7.667972216593523171e+02
7.636734659898291966e+02
7.605393468509728336e+02
7.573977326618893358e+02
7.542488081349359845e+02
7.510927579824706299e+02
7.479351343303483191e+02
7.447761218909266745e+02
7.416159053765630915e+02
7.384573532063636776e+02
7.353060175061845030e+02
7.321567155748842879e+02
7.290176832450680422e+02
7.258891052290930475e+02
7.227711662393164715e+02
7.196667346948447630e+02
7.165759953080356581e+02
7.135045002047444314e+02
7.104524340973284779e+02
7.074199816981451931e+02
7.044100114263010255e+02
7.014253917009024235e+02
6.984663072343065551e+02
6.955381847227214394e+02
6.926352143167653139e+02
6.897675629779040491e+02
6.869292954271081726e+02
6.841225275055958264e+02
6.813520587613340922e+02
6.786146376220431193e+02
6.759150636356897621e+02
6.732554526434922764e+02
6.706298693664213033e+02
6.680484807659423723e+02
6.655053515630262382e+02
6.630025975988908158e+02
6.605477021282529222e+02
6.581320461653334633e+02
6.557657966715983093e+02
6.534457020747670413e+02
6.511738782160582559e+02
6.489497572299402464e+02
6.467754549576318368e+02
6.446557709470996542e+02
6.425874536260636205e+02
6.405699351289928245e+02
6.386080150038545753e+02
6.367011253851177344e+02
6.348513821140002165e+02
6.330555336182220572e+02
6.313210631524995051e+02
6.296420354378033153e+02
6.280232500221007967e+02
6.264641390398606973e+02
6.249641346255518783e+02
6.235280363271421038e+02
6.221525925723504997e+02
6.208399192023955493e+02
6.195921320584953946e+02
6.184086632751187835e+02
6.172889449867346912e+02
6.162350930345614870e+02
6.152465395530675778e+02
6.143254003834715604e+02
6.134684239534930157e+02
6.126830935178483060e+02
6.119607900907591329e+02
6.113089969269416315e+02
6.107271461608646632e+02
6.102119862202484910e+02
6.097656329463106886e+02
6.093875184735205721e+02
6.090824423498452234e+02
6.088444466447713239e+02
6.086755339420974451e+02
6.085776841741379712e+02
6.085501935664582334e+02
6.085950420513728432e+02
6.087061584409486841e+02
6.088882063742496484e+02
6.091404820768409536e+02
6.094622817742880443e+02
6.098529016921560242e+02
6.103116380560102243e+02
6.108404707981655974e+02
6.114360124374380803e+02
6.121002429061420571e+02
6.128324584298430864e+02
6.136292715273573322e+02
6.144926621309990651e+02
6.154246101730828968e+02
6.164190444656759382e+02
6.174806286478420816e+02
6.186059752383972636e+02
6.197943804629065880e+02
6.210451405469357269e+02
6.223575517160498975e+02
6.237335939025638254e+02
6.251698796252936745e+02
6.266657051098044349e+02
6.282176828749124979e+02
6.298304765596817560e+02
6.315006986829279185e+02
6.332249617634678316e+02
6.350025620268660305e+02
6.368354794054378090e+02
6.387230101247481571e+02
6.406590829968638445e+02
6.426456779540998241e+02
6.446820912220213131e+02
6.467676190261935290e+02
6.489015575921818026e+02
6.510805194388025257e+02
6.533038007916209153e+02
6.555706978762023027e+02
6.578805069181122462e+02
6.602298404361665689e+02
6.626206783626802235e+02
6.650442658029705854e+02
6.675079501028509412e+02
6.700029763676386665e+02
6.725340082363978809e+02
6.750949745211953541e+02
6.776852726853556987e+02
6.803020214364900085e+02
6.829478081334669923e+02
6.856225364284061925e+02
6.883180588531797639e+02
6.910423301801545222e+02
6.937872029412027359e+02
6.965525807884440610e+02
6.993410510807465243e+02
7.021471500567319026e+02
7.049707813685197380e+02
7.078145323749783984e+02
7.106702556079799251e+02
7.135405384263932547e+02
7.164252844823378155e+02
7.193190300144347020e+02
7.222216786748036839e+02
7.251331341155639620e+02
7.280506162820862528e+02
7.309740288264897572e+02
7.339005916941449641e+02
7.368302085371715293e+02
7.397627830076887676e+02
7.426955350510672815e+02
7.456283683194261585e+02
7.485585027581362283e+02
7.514858420193168058e+02
7.544102897550875468e+02
7.573236984973202652e+02
7.602313393116327234e+02
7.631304321433957512e+02
7.660155132312304431e+02
7.688891699340049399e+02
7.717486221970901852e+02
7.745884062591072734e+02
7.774137931856738533e+02
7.802166355086619660e+02
7.829995205869406618e+02
7.857596683658797474e+02
7.884942987908502801e+02
7.912006318072218392e+02
7.938785710671146489e+02
7.965280202226475694e+02
7.991435155124424909e+02
8.017249605886182735e+02
8.042695753965457470e+02
8.067772635883444536e+02
8.092452451093843138e+02
8.116734236117852106e+02
8.140590190409176330e+02
8.163993677913447300e+02
8.186922720544040430e+02
8.209410178841241077e+02
8.231435239210354666e+02
8.252977088056680941e+02
8.274014911785527602e+02
8.294608408004671674e+02
8.314709926051926914e+02
8.334325489400085871e+02
8.353434284454456247e+02
8.372042334687829452e+02
8.390128826505509778e+02
8.407699783380296594e+02
8.424707554649997974e+02
8.441158163787412150e+02
8.457057634265332808e+02
8.472358315421571433e+02
8.487093067796416790e+02
8.501187403660188693e+02
8.514701020620666441e+02
8.527586268015662654e+02
8.539822332250480486e+02
8.551442073865403017e+02
8.562397842198249691e+02
8.572695660721813056e+02
8.582368389976377330e+02
8.591395216367249077e+02
8.599782163367224257e+02
8.607535254449095419e+02
8.614633676018169126e+02
8.621110288614731871e+02
8.626917441576597412e+02
8.632087995444048829e+02
8.636574299554897607e+02
8.640382377381946526e+02
8.643464578263000249e+02
8.645853762738352088e+02
8.647529117213300651e+02
8.648442991025660831e+02
8.648655081783208516e+02
8.648117738823759737e+02
8.646863822687598713e+02
8.644872519780029734e+02
8.642149853573848759e+02
8.638675010474361216e+02
8.634480851021852459e+02
8.629573398689118449e+02
8.623931839881462338e+02
8.617589035139170619e+02
8.610524170867548719e+02
8.602743434328485819e+02
8.594280505007747024e+02
8.585088714977719064e+02
8.575201907513263677e+02
8.564573414686761907e+02
8.553183405638091017e+02
8.541038886574622211e+02
8.528146863703724421e+02
8.514487506165270361e+02
8.500067820166631236e+02
8.484894811915177115e+02
8.469029161753256858e+02
8.452451038820750000e+02
8.435194286392514869e+02
8.417292747743410928e+02
8.398753429080811657e+02
8.379556499544587496e+02
8.359708965342109650e+02
8.339190995613255382e+02
8.317982759497903089e+02
8.296064426135926624e+02
8.273443001734696054e+02
8.250098655434087505e+02
8.226065230508963850e+02
8.201376570234181145e+02
8.176039680817110593e+02
8.150088405532612796e+02
8.123529750588054412e+02
8.096424396325787711e+02
8.068779348953181625e+02
8.040601614677605085e+02
8.011871362638935352e+02
7.982568761977047416e+02
7.952727655966804150e+02
7.922301376680590010e+02
7.891270093258278848e+02
7.859667648974735812e+02
7.827527887104815818e+02
7.794804139720909006e+02
7.761610761300348713e+02
7.727927920983008789e+02
7.693789462043754384e+02
7.659202390689951017e+02
7.624254224331444902e+02
7.588871457973125416e+02
7.553114771957345965e+02
7.516937498356494416e+02
7.480373480445429095e+02
7.443402887364024991e+02
7.406005888252161640e+02
7.368242177352977933e+02
7.330086993310281969e+02
7.291568262803651805e+02
7.252687075445177243e+02
7.213525032049421952e+02
7.174029548093488984e+02
7.134282224391942009e+02
7.094284150556867417e+02
7.054036416200353869e+02
7.013540110934490031e+02
6.972823161438853958e+02
6.931859820258042646e+02
6.890704851139128095e+02
6.849332506626703889e+02
6.807743876332863238e+02
6.765993724004669048e+02
6.724029465119234601e+02
6.681879026356132272e+02
6.639570334394944666e+02
6.597077641780267641e+02
6.554428875191682664e+02
6.511651961308765522e+02
6.468721152676114343e+02
6.425691213040801131e+02
6.382563232014912273e+02
6.339365136278028103e+02
6.296098015442237283e+02
6.252843470322098938e+02
6.209548916394722937e+02
6.166269117407175600e+02
6.122978325904055055e+02
6.079731305632434442e+02
6.036502309136906206e+02
5.993292426029559010e+02
5.950129582989976598e+02
5.907014869630243084e+02
5.863949375562443720e+02
5.820987864533656193e+02
5.778077752020980142e+02
5.735300638838978102e+02
5.692630777532250477e+02
5.650096094780374187e+02
5.607697680195435623e+02
5.565490297524509060e+02
5.523421362244696411e+02
5.481572475170560210e+02
5.439917888846699725e+02
5.398485529952693014e+02
5.357303325168118135e+02
5.316372364105064889e+02
5.275692654693741588e+02
5.235313552271828712e+02
5.195229656360149875e+02
5.155435566479521867e+02
5.115952719218255993e+02
5.076775714097174159e+02
5.037952824772077633e+02
4.999451813696294948e+02
4.961294117458138544e+02
4.923474335578426349e+02
4.886013904645472508e+02
4.848934261247587756e+02
4.812230004905591159e+02
4.775895735140302918e+02
4.739926051472542099e+02
4.704369227558113948e+02
4.669193025850344156e+02
4.634392045870054631e+02
4.600014561273047775e+02
4.566055171580143224e+02
4.532481639244667804e+02
4.499342237922428467e+02
4.466658404201732537e+02
4.434371063468420289e+02
4.402555326445784090e+02
4.371178955587152473e+02
4.340263387480838446e+02
4.309830058715150471e+02
4.279873568810912730e+02
4.250388517288940875e+02
4.221369503670056815e+02
4.192864801610063523e+02
4.164842173562290100e+02
4.137323056115045574e+02
4.110302048789153559e+02
4.083773751105429142e+02
4.057759599652188172e+02
4.032254193950248009e+02
4.007278970587921094e+02
3.982801692018534823e+02
3.958870631897895009e+02
3.935453552679325639e+02
3.912571890951141427e+02
3.890220246234160300e+02
3.868420055116696403e+02
3.847139080052075428e+02
3.826425594696102053e+02
3.806247361502101967e+02
3.786598979990899352e+02
3.767528723818292065e+02
3.749004193307413857e+02
3.731019177328086585e+02
3.713594139687427855e+02
3.696695870057571369e+02
3.680371669313125267e+02
3.664588327126223248e+02
3.649366307303981216e+02
3.634672399518534007e+02
3.620527067576998661e+02
3.606950775286490511e+02
3.593910312319144396e+02
3.581426142482076784e+02
3.569491892514912479e+02
3.558101189157277986e+02
3.547247659148796401e+02
3.536924929229094232e+02
3.527153463205288517e+02
3.517900050749511252e+02
3.509185155668881748e+02
3.501002404703024240e+02
3.493318587524070722e+02
3.486154167939139370e+02
3.479502772687855554e+02
3.473384865577336313e+02
3.467740399212222542e+02
3.462589837399631847e+02
3.457953643946680131e+02
3.453798608525501663e+02
3.450118357875721813e+02
3.446933355804457051e+02
3.444210391983842214e+02
3.441943093153500399e+02
3.440125086053057544e+02
3.438776834489631256e+02
3.437865128135354098e+02
3.437383593729852009e+02
3.437352695080240892e+02
3.437739221858656151e+02
3.438536800804720883e+02
3.439739058658060458e+02
3.441339622158301950e+02
3.443358955112560125e+02
3.445737010125478719e+02
3.448521088071664735e+02
3.451651141555760773e+02
3.455147634384883304e+02
3.459004193298657697e+02
3.463214445036708753e+02
3.467745179271171310e+02
3.472616859809160701e+02
3.477770272205894457e+02
3.483256882088851398e+02
3.489021639766122576e+02
3.495090006748269502e+02
3.501406933343379819e+02
3.508024718129511257e+02
3.514888311414749182e+02
3.522023174709659088e+02
3.529427932457312522e+02
3.537047534965795990e+02
3.544934280813166652e+02
3.553033120307512149e+02
3.561342677891904032e+02
3.569915252144397755e+02
3.578668956305589290e+02
3.587656088953533526e+02
3.596875274531303148e+02
3.606271463346985797e+02
3.615870116911146397e+02
3.625669859666853654e+02
3.635642478989690289e+02
3.645786599322727284e+02
3.656047170974052847e+02
3.666476492521721298e+02
3.676992677206330313e+02
3.687648023605934213e+02
3.698387482028622344e+02
3.709209676917466254e+02
3.720166906850519695e+02
3.731177285068380343e+02
3.742293110149103654e+02
3.753459332400778408e+02
3.764728250401457217e+02
3.776044814459230565e+02
3.787434486084660534e+02
3.798842215585837039e+02
3.810239790338338821e+02
3.821679508920221338e+02
3.833106321639572798e+02
3.844492015871974218e+02
3.855862053127987679e+02
3.867188220783194765e+02
3.878442306213173651e+02
3.889676607995979793e+02
3.900836076439703106e+02
3.911919335987413433e+02
3.922925011082184028e+02
3.933851726167084166e+02
3.944671268617697706e+02
3.955382262877092785e+02
3.965957424312915691e+02
3.976400017328566037e+02
3.986714234319506431e+02
3.996904267681201759e+02
4.006920635674131290e+02
4.016794367761248736e+02
4.026502819270529585e+02
4.036050182597435878e+02
4.045413813069938556e+02
4.054624740150995308e+02
4.063660319168575370e+02
4.072524742518143626e+02
4.081195365527673857e+02
4.089676380592627538e+02
4.097945143040977882e+02
4.106032682335678032e+02
4.113889516737211238e+02
4.121573512776022312e+02
4.129008351645102266e+02
4.136251899874895912e+02
4.143254675725884795e+02
4.150047708661022625e+02
4.156581516940792653e+02
4.162887130028147453e+02
4.168941903251061376e+02
4.174776866072486428e+02
4.180342536752906426e+02
4.185669944755275651e+02
4.190709608340073942e+02
4.195519394037747816e+02
4.200049820108778817e+02
4.204305078948630126e+02
4.208289362952764350e+02
4.212006864516648079e+02
4.215434938968249412e+02
4.218577778703035506e+02
4.221439576116468402e+02
4.223997686536519041e+02
4.226256302358654011e+02
4.228219615978334787e+02
4.229891819791025682e+02
4.231250269124698775e+02
4.232299156374816675e+02
4.233042673936844835e+02
4.233485014206246433e+02
4.233603532510991840e+02
4.233429258314038748e+02
4.232939546943358096e+02
4.232111753726920256e+02
4.231003745195175156e+02
4.229539357963766406e+02
4.227777235676425107e+02
4.225668829129572828e+02
4.223272937389594972e+02
4.220541011252913677e+02
4.217478175650932712e+02
4.214116392582546951e+02
4.210407112844177959e+02
4.206409135502212280e+02
4.202073911353070912e+02
4.197433402395649864e+02
4.192465896493862374e+02
4.187203355646601040e+02
4.181624067717780804e+02
4.175733157638806006e+02
4.169535750341078710e+02
4.163036970756003257e+02
4.156241943814985120e+02
4.149128957381935265e+02
4.141703136388258031e+02
4.133996442832849993e+02
4.125987164579621549e+02
4.117680426559978173e+02
4.109108190772816442e+02
4.100221908014553946e+02
4.091026703216597866e+02
4.081581375445333038e+02
4.071864212564673267e+02
4.061853502438531223e+02
4.051608044133292879e+02
4.041079288445379234e+02
4.030299197373686297e+02
4.019272895849618408e+02
4.007978671737087666e+02
3.996448487034989512e+02
3.984687466674727716e+02
3.972673898520214948e+02
3.960439744570346079e+02
3.947990129756527153e+02
3.935276504875177466e+02
3.922384506060175795e+02
3.909265584107942573e+02
3.895951701017374376e+02
3.882421144652382168e+02
3.868705877011864231e+02
3.854811023027221495e+02
3.840741707629860002e+02
3.826476218683691286e+02
3.812046518187611355e+02
3.797457731073023979e+02
3.782714320565494290e+02
3.767818103067224342e+02
3.752797070342071493e+02
3.737598702951418659e+02
3.722277829726613163e+02
3.706808768296526182e+02
3.691219510425016210e+02
3.675511210808446094e+02
3.659685024143182090e+02
3.643742105125588751e+02
3.627683608452030057e+02
3.611537525886362232e+02
3.595278175057458725e+02
3.578933547729175757e+02
3.562504798597878448e+02
3.545966245292437407e+02
3.529345879576712264e+02
3.512644856147065866e+02
3.495891166767355003e+02
3.479059129066453124e+02
3.462176734808214746e+02
3.445245138689006694e+02
3.428265495405192951e+02
3.411238959653136931e+02
3.394166686129204891e+02
3.377076666597252483e+02
3.359970055753645397e+02
3.342821171227254808e+02
3.325684841849429176e+02
3.308535385249041951e+02
3.291373956122457685e+02
3.274228546233533166e+02
3.257100310278632378e+02
3.239990402954121009e+02
3.222899978956362474e+02
3.205830192981721325e+02
3.188809036794055487e+02
3.171837665089727238e+02
3.154917232565103404e+02
3.138022056849056867e+02
3.121233803840424912e+02
3.104499954100592163e+02
3.087848499393412567e+02
3.071307431482742913e+02
3.054851067997457221e+02
3.038480563633918905e+02
3.022223910155984754e+02
3.006109099327510989e+02
2.990110448777371630e+02
2.974229113201929522e+02
2.958492336748930143e+02
2.942897536034176937e+02
2.927441380057363745e+02
2.912147374885672662e+02
2.896985352451305857e+02
2.881978818821445429e+02
2.867124442995785216e+02
2.852445731041507884e+02
2.837939351958306702e+02
2.823575137678380997e+02
2.809376594268916847e+02
2.795367227797096348e+02
2.781516870195119395e+02
2.767849027530172634e+02
2.754387205869436457e+02
2.741074400077622499e+02
2.727960953289405666e+02
2.715043534504477520e+02
2.702318812722530765e+02
2.689756619875766432e+02
2.677434136166351095e+02
2.665267519391501878e+02
2.653333949753385923e+02
2.641576422116713161e+02
2.630045279616159064e+02
2.618710354183922391e+02
2.607595151887189218e+02
2.596696341725649972e+02
2.586037429766489026e+02
2.575588247941908548e+02
2.565345465251599535e+02
2.555332587762745220e+02
2.545573121542531112e+02
2.536010061455664300e+02
2.526693750636821676e+02
2.517594021018203705e+02
2.508734378666993337e+02
2.500111492582883272e+02
2.491722031765566214e+02
2.483562665214734011e+02
2.475656898997570750e+02
2.468001402113768563e+02
2.460566006495527631e+02
2.453374218210032893e+02
2.446422706256975346e+02
2.439734976703539644e+02
2.433280861481926536e+02
2.427083866659319256e+02
2.421113824167918835e+02
2.415421077142400179e+02
2.409948495146791174e+02
2.404718957744864554e+02
2.399755219199711291e+02
2.395026359639440727e+02
2.390555133327143267e+02
2.386337457458418783e+02
2.382369249228866295e+02
2.378646425834086529e+02
2.375138067402186550e+02
2.371920602331242662e+02
2.368909436614377739e+02
2.366154161582175561e+02
2.363650694430236001e+02
2.361368115286666693e+02
2.359329178414558896e+02
2.357502963942021665e+02
2.355939063199636507e+02
2.354606556315512478e+02
2.353501360485248881e+02
2.352619392904445590e+02
2.351956570768701908e+02
2.351535648341109948e+02
2.351325705749776489e+02
2.351319976483553660e+02
2.351541214805531013e+02
2.351977286791062625e+02
2.352624109635746663e+02
2.353477600535183285e+02
2.354533676684973216e+02
2.355790938987463790e+02
2.357245304638254595e+02
2.358892690832947210e+02
2.360729014767139233e+02
2.362750193636431959e+02
2.364954828343173006e+02
2.367336152376213079e+02
2.369892766637902355e+02
2.372617904617089550e+02
2.375507483509375675e+02
2.378562787923857798e+02
2.381774367642638026e+02
2.385138139861315381e+02
2.388650021775490018e+02
2.392308614287510693e+02
2.396101783472729778e+02
2.400030813940245196e+02
2.404086255472157916e+02
2.408266708970816978e+02
2.412562724218324206e+02
2.416970218410278903e+02
2.421485637360705709e+02
2.426104857650581437e+02
2.430824284479308801e+02
2.435640323046288529e+02
2.440557429671170553e+02
2.445563958433110088e+02
2.450661681945006194e+02
2.455847005406261303e+02
2.461116334016277563e+02
2.466463389267707100e+02
2.471889943773450966e+02
2.477389719026161004e+02
2.482959120225240213e+02
2.488594552570090173e+02
2.494292421260111610e+02
2.500049131494708092e+02
2.505861088473280631e+02
2.511724697395231374e+02
2.517636363459963036e+02
2.523589808160126893e+02
2.529584120401875396e+02
2.535615705384608987e+02
2.541675600894232616e+02
2.547762895836896746e+02
2.553871311705254357e+02
2.559997253698707027e+02
2.566137127016657473e+02
2.572284653151758107e+02
2.578433553596660772e+02
2.584582917257517352e+02
2.590726465626980826e+02
2.596855236490954439e+02
2.602971002462338674e+02
2.609064801327036776e+02
2.615130354577702292e+02
2.621166751120484832e+02
2.627165028741289348e+02
2.633124276346266583e+02
2.639035531721319785e+02
2.644892516359101933e+02
2.650694319165764909e+02
2.656431977927210255e+02
2.662101897842842391e+02
2.667695116698562856e+02
2.673210723400524103e+02
2.678639755734628807e+02
2.683978618900280253e+02
2.689218350683379981e+02
2.694358039990080442e+02
2.699388724606284882e+02
2.704307411394011638e+02
2.709110830158994077e+02
2.713804363489827551e+02
2.718358505787369381e+02
2.722813527827956932e+02
2.727145291425944151e+02
2.731356495463180636e+02
2.735449838821512003e+02
2.739401183315294475e+02
2.743213227826374805e+02
2.746888671236602022e+02
2.750457049495313413e+02
2.753867387349374098e+02
2.757149220748123071e+02
2.760305248573407653e+02
2.763284495572092396e+02
2.766143334761006258e+02
2.768857627954507166e+02
2.771403236966950203e+02
2.773836534815164896e+02
2.776079709178525263e+02
2.778189133073861399e+02
2.780140668315528956e+02
2.781937013785374688e+02
2.783554031297755955e+02
2.785021256802010612e+02
2.786341389179986550e+02
2.787490290246039422e+02
2.788470658882015982e+02
2.789258356902273590e+02
2.789909757323641202e+02
2.790373884892983938e+02
2.790653438492149121e+02
2.790751117002984074e+02
2.790696456374827221e+02
2.790465318422034784e+02
2.790033564958963552e+02
2.789430731934950813e+02
2.788632681164353357e+02
2.787668948596509608e+02
2.786515396045776356e+02
2.785174722393999787e+02
2.783676463590520029e+02
2.781969644382200499e+02
2.780056963650889088e+02
2.777967957345924219e+02
2.775705324349153784e+02
2.773218089407441767e+02
2.770562625537618828e+02
2.767687957486549521e+02
2.764650570230035100e+02
2.761400048309799331e+02
2.757966599429012149e+02
2.754353594223350683e+02
2.750537566261001530e+02
2.746521886177642386e+02
2.742309924608951519e+02
2.737931889258098863e+02
2.733337476625777072e+02
2.728583731482649455e+02
2.723620350329409803e+02
2.718477540869227482e+02
2.713131836670289090e+02
2.707613445435764561e+02
2.701898900733838218e+02
2.696018410267682270e+02
2.689948507605481609e+02
2.683719400450405601e+02
2.677307622370641411e+02
2.670716544001866168e+02
2.663949535979757570e+02
2.657009968939993882e+02
2.649928050585745041e+02
2.642653477417705403e+02
2.635216457139043769e+02
2.627620360385438971e+02
2.619841720725077039e+02
2.611910745861127339e+02
2.603830806429268137e+02
2.595605273065177130e+02
2.587210679337040347e+02
2.578677232948027722e+02
2.569981467466325284e+02
2.561153590595102401e+02
2.552170135902545383e+02
2.543061311091824166e+02
2.533803649731125063e+02
2.524400522456125771e+02
2.514882136969994804e+02
2.505251863908411849e+02
2.495486236839562650e+02
2.485588626399123768e+02
2.475562403222774606e+02
2.465437775013684245e+02
2.455191275340038999e+02
2.444826274837516848e+02
2.434372981209286877e+02
2.423807928023535680e+02
2.413134485915941809e+02
2.402382862589673493e+02
2.391556020968100427e+02
2.380628456057863218e+02
2.369601092220784722e+02
2.358501690886180313e+02
2.347331176415874268e+02
2.336090473171688586e+02
2.324780505515446976e+02
2.313375360741482325e+02
2.301902800279107453e+02
2.290363748490147202e+02
2.278759129736424427e+02
2.267089868379763402e+02
2.255356888781985845e+02
2.243561115304916598e+02
2.231703472310378231e+02
2.219811721227685837e+02
2.207859949351171167e+02
2.195875918110149883e+02
2.183833714798952599e+02
2.171734263779403022e+02
2.159632163548307631e+02
2.147474664332507643e+02
2.135262690493824778e+02
2.123050840529067216e+02
2.110786364665073904e+02
2.098523861398651036e+02
2.086237418024132069e+02
2.073927958903339288e+02
2.061623245465587786e+02
2.049297365005209315e+02
2.036978078951518683e+02
2.024639474598847642e+02
2.012309313376511568e+02
2.000015356713824985e+02
1.987704854837628830e+02
1.975432406244728725e+02
1.963145261161965038e+02
1.950898018086143679e+02
1.938691601379089775e+02
1.926486679801388107e+02
1.914324433316100169e+02
1.902200418871549914e+02
1.890118244536310215e+02
1.878078834672204493e+02
1.866088481054554791e+02
1.854150791751933696e+02
1.842272058539662680e+02
1.830453205779563746e+02
1.818700525246961206e+02
1.807017625010425661e+02
1.795407631130859727e+02
1.783877109051982188e+02
1.772421407382845473e+02
1.761043925852746952e+02
1.749748064190987407e+02
1.738531854713367295e+02
1.727396013442435958e+02
1.716343940107493609e+02
1.705376350731089587e+02
1.694493961335774372e+02
1.683697487944097873e+02
1.672995697698857214e+02
1.662383939209104540e+02
1.651868295910888094e+02
1.641452167533506952e+02
1.631133586392761856e+02
1.620915952217951883e+02
1.610802664738376677e+02
1.600791756269837265e+02
1.590886626541632154e+02
1.581087991576312390e+02
1.571396567396425894e+02
1.561813070024525416e+02
1.552340899189908043e+02
1.542980770915125106e+02
1.533736084929474544e+02
1.524604873548758519e+02
1.515590536502275540e+02
1.506696473519324400e+02
1.497920716915706976e+02
1.489266666420722061e+02
1.480732354350169828e+02
1.472323864140099374e+02
1.464039228106311157e+02
1.455879162271355654e+02
1.447847066364531656e+02
1.439938288994891025e+02
1.432161597305230885e+02
1.424515023611352831e+02
1.416999283935806488e+02
1.409615094301141767e+02
1.402368538143407477e+02
1.395254964071654342e+02
1.388280455521931742e+02
1.381440361103291252e+02
1.374740764251780263e+02
1.368182380989949820e+02
1.361760559926851215e+02
1.355481384498532975e+02
1.349342887020795558e+02
1.343345669488084013e+02
1.337489877782419398e+02
1.331778227464468785e+02
1.326205382974649183e+02
1.320774059873626243e+02
1.315484290015317299e+02
1.310336105253637982e+02
1.305329537442504773e+02
1.300464618435834439e+02
1.295738696380794295e+02
1.291151803131300255e+02
1.286706654248018822e+02
1.282397914171367574e+02
1.278230982168761614e+02
1.274200522680618519e+02
1.270309251267604225e+02
1.266551832370137305e+02
1.262930981548882556e+02
1.259446730657756746e+02
1.256093744137178305e+02
1.252877421254561767e+02
1.249789742743576113e+02
1.246833424164886992e+02
1.244008497372410886e+02
1.241312310513314969e+02
1.238742211734766556e+02
1.236300916597431439e+02
1.233985773248476789e+02
1.231796813541819091e+02
1.229728701917876492e+02
1.227784153937314784e+02
1.225960517747300997e+02
1.224255141495001880e+02
1.222665373327585883e+02
1.221188561392219469e+02
1.219827421249568857e+02
1.218576617340051627e+02
1.217433497810835235e+02
1.216398094515836164e+02
1.215467755602222013e+02
1.214639829217159672e+02
1.213914347214565765e+02
1.213285974034858299e+02
1.212754741531953755e+02
1.212317997853019875e+02
1.211970407438474098e+02
1.211714685848982356e+02
1.211545497524962940e+02
1.211457506906833430e+02
1.211456113262009211e+02
1.211530904730979614e+02
1.211683368735508850e+02
1.211912600104182047e+02
1.212217693665584051e+02
1.212597744248299989e+02
1.213049162974165398e+02
1.213573728378514573e+02
1.214167851583183619e+02
1.214830627416756954e+02
1.215561150707819564e+02
1.216358516284957005e+02
1.217221818976753553e+02
1.218147469905045313e+02
1.219134563898417127e+02
1.220182195785453985e+02
1.221289460394740871e+02
1.222452768848113607e+02
1.223671215974157178e+02
1.224941212894707263e+02
1.226261854438348706e+02
1.227632235433666636e+02
1.229048767002496731e+02
1.230510543973424262e+02
1.232013977468284622e+02
1.233558162315663083e+02
1.235142193344144204e+02
1.236759797968815064e+02
1.238412754725009393e+02
1.240097474734563150e+02
1.241810369119312298e+02
1.243550532707841256e+02
1.245314376621986696e+02
1.247098311983583585e+02
1.248904117327966361e+02
1.250725520070221535e+02
1.252558931332185210e+02
1.254406129649191257e+02
1.256260842436326044e+02
1.258122164522174984e+02
1.259986507028573754e+02
1.261850281077358034e+02
1.263712581497112950e+02
1.265569819409674182e+02
1.267421089643626431e+02
1.269260119614056492e+02
1.271086004149549922e+02
1.272895154371941544e+02
1.274683981403067605e+02
1.276451580071513092e+02
1.278191677792364658e+02
1.279903736461267982e+02
1.281588686242112942e+02
1.283239773245602464e+02
1.284863662116186163e+02
1.286453598964566538e+02
1.288008197314945278e+02
1.289531438105022119e+02
1.291019251152249581e+02
1.292472933687578234e+02
1.293888415528460598e+02
1.295266993905846959e+02
1.296604598637189838e+02
1.297905210660189255e+02
1.299164759792296593e+02
1.300381859557714677e+02
1.301555123480644056e+02
1.302685848792035870e+02
1.303772649016091520e+02
1.304811453970262960e+02
1.305803560885501327e+02
1.306747583286007739e+02
1.307642134695984169e+02
1.308485828639631450e+02
1.309279962347900721e+02
1.310020465638243934e+02
1.310708635741612227e+02
1.311343086182207003e+02
1.311925114190978547e+02
1.312447965878630214e+02
1.312912938476112856e+02
1.313324012921125643e+02
1.313671751617623329e+02
1.313960135503305082e+02
1.314187778102373443e+02
1.314353292939028677e+02
1.314455293537472755e+02
1.314492393421907366e+02
1.314465889823282794e+02
1.314374396265801010e+02
1.314213842566913684e+02
1.313985525957572236e+02
1.313690743668726952e+02
1.313322741811080903e+02
1.312888185029082706e+02
1.312377635726687117e+02
1.311797758548343040e+02
1.311144483311502142e+02
1.310413739833617228e+02
1.309609509052388319e+02
1.308730404492016248e+02
1.307775144839882557e+02
1.306742869436086210e+02
1.305635506490654905e+02
1.304452300506867743e+02
1.303195179694751857e+02
1.301860704850837180e+02
1.300450804185151412e+02
1.298964722200973085e+02
1.297407070815079635e+02
1.295771727117250691e+02
1.294063303024263689e+02
1.292278359332647710e+02
1.290418824252431307e+02
1.288486625993641610e+02
1.286481009059557152e+02
1.284403901660206486e+02
1.282251864592118409e+02
1.280026826065321188e+02
1.277733397996591265e+02
1.275365457475709547e+02
1.272930300126201928e+02
1.270424486744597772e+02
1.267847261834175754e+02
1.265205921018462476e+02
1.262494341387237426e+02
1.259714451150529015e+02
1.256870862225113967e+02
1.253960135407521932e+02
1.250984198907780751e+02
1.247944980935917982e+02
1.244841725995212585e+02
1.241676362295691973e+02
1.238448134340634681e+02
1.235158970340069544e+02
1.231808114797274101e+02
1.228402863335775095e+02
1.224939776752101750e+02
1.221420783256281766e+02
1.217847811058343268e+02
1.214222788368313957e+02
1.210547643396221673e+02
1.206821620645344950e+02
1.203046648325711345e+02
1.199221970940600102e+02
1.195354884113536968e+02
1.191439264934302429e+02
1.187479725319673349e+02
1.183480877186426596e+02
1.179436597624342795e+02
1.175356865963697146e+02
1.171238043445291339e+02
1.167083744207263436e+02
1.162894699125275082e+02
1.158668955368238045e+02
1.154407243811813828e+02
1.150112979038413243e+02
1.145784208216948343e+02
1.141421662223080205e+02
1.137026071932470188e+02
1.132600851927529106e+02
1.128144049377168869e+02
1.123656395157050412e+02
1.119141303849585256e+02
1.114596822623684744e+02
1.110029049768508997e+02
1.105436032452969783e+02
1.100818501552728605e+02
1.096179871650196134e+02
1.091520873621033445e+02
1.086842238340902185e+02
1.082144696685463288e+02
1.077428979530378115e+02
1.072698501458057621e+02
1.067951309637413431e+02
1.063193502357605809e+02
1.058420443080797355e+02
1.053638230096147481e+02
1.048847594279318116e+02
1.044046582799221028e+02
1.039241293945016054e+02
1.034429774885615245e+02
1.029615440203428847e+02
1.024799020774118787e+02
1.019983931180095453e+02
1.015168218590270754e+02
1.010357981293804386e+02
1.005553950166357566e+02
1.000754172376842916e+02
9.959647462144195629e+01
9.911864025547490087e+01
9.864171885667437323e+01
9.816632025395632866e+01
9.769251753488686063e+01
9.722011541635721699e+01
9.674972372728336723e+01
9.628114718455651655e+01
9.581499561709264867e+01
9.535107374178294037e+01
9.488999138754341800e+01
9.443155327126524412e+01
9.397634233779605495e+01
9.352429725435995067e+01
9.307532980411279766e+01
9.262962014088532214e+01
9.218734841850815087e+01
9.174842642013719285e+01
9.131276592892812971e+01
9.088054709871180137e+01
9.045168171264390367e+01
9.002634992455516283e+01
8.960446351760144523e+01
8.918620264561342026e+01
8.877147909174686902e+01
8.836047300983253194e+01
8.795336455370110684e+01
8.755006550650841746e+01
8.715075602208513317e+01
8.675534788358709193e+01
8.636402124484500575e+01
8.597668788901465575e+01
8.559352796992675394e+01
8.521472164141202654e+01
8.483991231595133797e+01
8.446928014737541446e+01
8.410327366018992734e+01
8.374153626687568419e+01
8.338424812126343966e+01
8.303158937718389154e+01
8.268374018846773765e+01
8.234034396759591345e+01
8.200211760974895014e+01
8.166870452740771213e+01
8.134028487440291144e+01
8.101677043389035759e+01
8.069834135970074840e+01
8.038517780566481008e+01
8.007692318426342126e+01
7.977402602000222487e+01
7.947612972536209952e+01
7.918368282484863130e+01
7.889659710161767237e+01
7.861478433882500383e+01
7.833869306097628282e+01
7.806796668055231692e+01
7.780278535138388918e+01
7.754332922730168320e+01
7.728977846213642522e+01
7.704150809769407715e+01
7.679923502915518441e+01
7.656260266900061140e+01
7.633178254861418566e+01
7.610691170959192675e+01
7.588758182973317901e+01
7.567418969886195157e+01
7.546659536545253388e+01
7.526492724865401840e+01
7.506877702626570681e+01
7.487854148811167931e+01
7.469381231199120919e+01
7.451525465840329332e+01
7.434192346379742844e+01
7.417448388867254039e+01
7.401279598150284755e+01
7.385671979076261096e+01
7.370611536492604898e+01
7.356084275246736581e+01
7.342129874321059901e+01
7.328734338562999540e+01
7.315856835752485665e+01
7.303537044871926298e+01
7.291760970768739014e+01
7.280487781222855403e+01
7.269757155216684907e+01
7.259528260530154853e+01
7.249840776145670418e+01
7.240653869843164614e+01
7.231980383537546686e+01
7.223806322076244157e+01
7.216117690306677446e+01
7.208900493076266969e+01
7.202194409367419325e+01
7.195958606960066106e+01
7.190179090701627729e+01
7.184841865439528874e+01
7.179959773088681629e+01
7.175545655564000924e+01
7.171531843577923837e+01
7.167958016112856967e+01
7.164783340948731905e+01
7.162020660000460737e+01
7.159655978115466723e+01
7.157702137208661952e+01
7.156118305059982276e+01
7.154890486516842429e+01
7.154031523494161604e+01
7.153527420839360218e+01
7.153364183399861531e+01
7.153527816023085961e+01
7.154004323556456768e+01
7.154806547914888881e+01
7.155868198346686881e+01
7.157235846513600563e+01
7.158876931410770794e+01
7.160812566168320359e+01
7.163010189781390125e+01
7.165490915380105719e+01
7.168222181959608008e+01
7.171198265582529530e+01
7.174467116446484738e+01
7.177969336479121409e+01
7.181699201743076344e+01
7.185677825368470906e+01
7.189872646350445962e+01
7.194277940751636891e+01
7.198914821702165057e+01
7.203750728197171327e+01
7.208779936299289659e+01
7.213996722071152590e+01
7.219422198642881483e+01
7.224996967942131221e+01
7.230742143099020325e+01
7.236652000176184174e+01
7.242693978168762214e+01
7.248916027274370322e+01
7.255231912353168866e+01
7.261662746535282054e+01
7.268229642950829827e+01
7.274873203527462806e+01
7.281614541395306617e+01
7.288447932616993796e+01
7.295340816187663791e+01
7.302260631102458888e+01
7.309255327558994964e+01
7.316265507484918373e+01
7.323312284010359008e+01
7.330363096130452050e+01
7.337412219907832878e+01
7.344453931405135449e+01
7.351455669617496369e+01
7.358411710607551015e+01
7.365316330437934766e+01
7.372163805171273054e+01
7.378948410870204100e+01
7.385610749462374258e+01
7.392171934077909157e+01
7.398626240779439911e+01
7.404941108562110230e+01
7.411110813488549809e+01
7.417102794553902356e+01
7.422911327820796146e+01
7.428559510161080937e+01
7.433997862211012375e+01
7.439232562483553579e+01
7.444269789491667666e+01
7.449115721748314911e+01
7.453749700698968184e+01
7.458177904856587759e+01
7.462406512734136754e+01
7.466414865777088039e+01
7.470209142498401889e+01
7.473795521411041420e+01
7.477126506892984992e+01
7.480261951592179059e+01
7.483154359886604823e+01
7.485783073221728046e+01
7.488207944245498027e+01
7.490381477335893123e+01
7.492283013938386205e+01
7.493972406700918043e+01
7.495375322933981010e+01
7.496524778218025631e+01
7.497426951066016443e+01
7.498034345855930383e+01
7.498379978168225080e+01
7.498470026515860809e+01
7.498256995276815928e+01
7.497747062964054976e+01
7.496946408090538227e+01
7.495834372101737131e+01
7.494443970578106473e+01
7.492727707897624612e+01
7.490718599640746334e+01
7.488395987252940245e+01
7.485739212179682056e+01
7.482781290001420871e+01
7.479474725096139309e+01
7.475852533044286474e+01
7.471894055291338077e+01
7.467578633282762723e+01
7.462939282599015201e+01
7.457955344685565535e+01
7.452606160987885175e+01
7.446871072951445569e+01
7.440809933224191752e+01
7.434348409116608991e+01
7.427546353276646585e+01
7.420356270082281469e+01
7.412757500978986513e+01
7.404809898614703911e+01
7.396439130299923193e+01
7.387705769241551934e+01
7.378565922612358463e+01
7.369030092279065514e+01
7.359108780108387293e+01
7.348812487967039431e+01
7.338124880654251569e+01
7.327029622969246248e+01
7.315564053846233605e+01
7.303711838084439023e+01
7.291483477550576708e+01
7.278862637043874884e+01
7.265859818431047756e+01
7.252458686511323549e+01
7.238696580218910981e+01
7.224557164353035432e+01
7.210024103712919441e+01
7.195161574300266238e+01
7.179899566779313602e+01
7.164302257151769027e+01
7.148326473149361959e+01
7.132009553706301119e+01
7.115362000689302135e+01
7.098340641830101561e+01
7.080982816062908114e+01
7.063299025254436003e+01
7.045246097136421781e+01
7.026861370643071325e+01
7.008155347641105948e+01
6.989111692929748187e+01
6.969740908375712252e+01
6.950080332913211123e+01
6.930086794273978512e+01
6.909770794324728627e+01
6.889169671999673028e+01
6.868267092098034254e+01
6.847073556486532198e+01
6.825572729964390817e+01
6.803801951465818831e+01
6.781744885790041621e+01
6.759412034803776237e+01
6.736787063306248058e+01
6.713907310231667225e+01
6.690783277446746524e+01
6.667398629750714178e+01
6.643790706077780328e+01
6.619943171227168932e+01
6.595839689998103950e+01
6.571544438392288612e+01
6.547041081208944036e+01
6.522340120314792955e+01
6.497424295246202064e+01
6.472326318623105124e+01
6.447024303667600975e+01
6.421523200669275866e+01
6.395827959917721728e+01
6.369970368770012925e+01
6.343901703380755208e+01
6.317680588174522427e+01
6.291258299305918200e+01
6.264693461199513536e+01
6.237937350009913473e+01
6.211048590161688310e+01
6.183978457809444507e+01
6.156758740310259270e+01
6.129421225021214781e+01
6.101917188096914657e+01
6.074278416894438237e+01
6.046536698770866280e+01
6.018643309880801695e+01
5.990656874648818331e+01
5.962555506297009345e+01
5.934317318047472867e+01
5.906000934324781326e+01
5.877584468351030722e+01
5.849099707483298971e+01
5.820497927876191824e+01
5.791837753954280998e+01
5.763097298939661073e+01
5.734308350189414938e+01
5.705475857993126709e+01
5.676604772640387608e+01
5.647700044420784593e+01
5.618766623623906042e+01
5.589809460539338914e+01
5.560887179591654217e+01
5.531924219867968873e+01
5.502979205792848205e+01
5.474083924723376526e+01
5.445189652814155323e+01
5.416328177422266776e+01
5.387504448837299265e+01
5.358723417348836193e+01
5.330016870313964006e+01
5.301389758022266108e+01
5.272820193695840629e+01
5.244366801759257868e+01
5.216007695434613822e+01
5.187747825011497582e+01
5.159618977846989907e+01
5.131599267163184663e+01
5.103719021678806200e+01
5.075975898491654448e+01
5.048366096061175057e+01
5.020885812846813678e+01
4.993558084375503370e+01
4.966352272039200244e+01
4.939318248432329739e+01
4.912398537879356297e+01
4.885669850042194895e+01
4.859074709245309265e+01
4.832662988083128397e+01
4.806404047947603431e+01
4.780320924365669555e+01
4.754382978729282883e+01
4.728640083632868141e+01
4.703061600468378600e+01
4.677670564762753713e+01
4.652436337907941777e+01
4.627408792498373913e+01
4.602530452858510301e+01
4.577878028650269471e+01
4.553394044198112312e+01
4.529101535028977565e+01
4.505050373737292091e+01
4.481156247580022978e+01
4.457495866219093017e+01
4.434038591046454059e+01
4.410807457589041292e+01
4.387798664306299656e+01
4.364981572590182424e+01
4.342406055035117163e+01
4.320041473033057855e+01
4.297910862110937558e+01
4.276010420728204053e+01
4.254363184411793952e+01
4.232965351621147931e+01
4.211786283748221393e+01
4.190875853387442618e+01
4.170230258998255835e+01
4.149845699040103142e+01
4.129718371972432323e+01
4.109871313322177144e+01
4.090273884481293010e+01
4.070975958044205356e+01
4.051946895402867455e+01
4.033182895016724956e+01
4.014706992412713760e+01
3.996515386050279517e+01
3.978631111456354574e+01
3.961023530022894334e+01
3.943715051259958670e+01
3.926698743542603864e+01
3.909993886296501131e+01
3.893566084812339056e+01
3.877461455583282657e+01
3.861618766832527427e+01
3.846084135053237674e+01
3.830850002603594362e+01
3.815881974774284657e+01
3.801226168058471444e+01
3.786848187746845440e+01
3.772767313265077149e+01
3.758975986971346117e+01
3.745466651223834020e+01
3.732231748380721115e+01
3.719290557867677194e+01
3.706635522042884645e+01
3.694259083264523724e+01
3.682153683890772555e+01
3.670338603347305195e+01
3.658779446924808809e+01
3.647522331116447702e+01
3.636532861212909751e+01
3.625830316639868300e+01
3.615407139755500765e+01
3.605255772917990242e+01
3.595368658485514857e+01
3.585738238816256285e+01
3.576383793335885741e+01
3.567297764402584193e+01
3.558445757307038093e+01
3.549873888542412459e+01
3.541547763399395876e+01
3.533486661303660270e+01
3.525656187545893516e+01
3.518075621551768961e+01
3.510764242746957109e+01
3.503660819354655587e+01
3.496811467868026568e+01
3.490208630645251020e+01
3.483817912977018949e+01
3.477658594289000860e+01
3.471723116939375586e+01
3.465977086218833847e+01
3.460466618620538526e+01
3.455184156502669168e+01
3.450095305155915781e+01
3.445192506938457910e+01
3.440495041275967480e+01
3.435995350526622616e+01
3.431686444610554076e+01
3.427563603695676164e+01
3.423622675511852265e+01
3.419886344856438143e+01
3.416323622391805515e+01
3.412930355847817054e+01
3.409729230021828528e+01
3.406689255576211650e+01
3.403833117308322187e+01
3.401156662948021392e+01
3.398628903157683112e+01
3.396272522734661692e+01
3.394083369408820516e+01
3.392057290910022260e+01
3.390163297900640060e+01
3.388450912245519930e+01
3.386889144607034297e+01
3.385473842715045834e+01
3.384174017231925546e+01
3.383039190022521581e+01
3.382038371749205652e+01
3.381167410141840435e+01
3.380448989997780984e+01
3.379825284911908767e+01
3.379345816749068376e+01
3.378952759104141990e+01
3.378695633841975621e+01
3.378543451624940275e+01
3.378465223115406957e+01
3.378510470178225944e+01
3.378648203475765399e+01
3.378874270737890129e+01
3.379157682626971848e+01
3.379547961007857992e+01
3.379987279475427897e+01
3.380525159894527576e+01
3.381103775860038496e+01
3.381745812169315002e+01
3.382420279484728809e+01
3.383176699671127352e+01
3.383930409255897587e+01
3.384730930103888369e+01
3.385574109944961663e+01
3.386428959441489894e+01
3.387291326323335738e+01
3.388157058320363291e+01
3.389022003162435226e+01
3.389882008579414929e+01
3.390732922301167207e+01
3.391570592057554734e+01
3.392391888235759012e+01
3.393170934784743054e+01
3.393909715378281788e+01
3.394637050757638264e+01
3.395301250461603360e+01
3.395957972298934635e+01
3.396582362875912509e+01
3.397176405866311910e+01
3.397715247876413258e+01
3.398227709647481731e+01
3.398715774853289417e+01
3.399154590100121709e+01
3.399519301994257603e+01
3.399865568344453948e+01
3.400168535756993293e+01
3.400430187905648438e+01
3.400625671396701222e+01
3.400756969903925153e+01
3.400852904168585411e+01
3.400888620796963835e+01
3.400866103462833223e+01
3.400787335839966374e+01
3.400654301602138219e+01
3.400442147355629885e+01
3.400152856774214882e+01
3.399815250599158389e+01
3.399377638369249155e+01
3.398868840825753068e+01
3.398290841642444349e+01
3.397645624493095795e+01
3.396908335983988536e+01
3.396080959788896791e+01
3.395138642514101690e+01
3.394137041968359370e+01
3.393024467690462131e+01
3.391829740421673023e+01
3.390528006768274594e+01
3.389121250404039642e+01
3.387611455002740968e+01
3.386000604238154210e+01
3.384263844716559788e+01
3.382429997179222170e+01
3.380474208232423905e+01
3.378398461549937082e+01
3.376204740805536630e+01
3.373868192605504390e+01
3.371417637691104119e+01
3.368828222668618366e+01
3.366128768279312311e+01
3.363267584061975413e+01
3.360274000039248676e+01
3.357152546291786877e+01
3.353854588046635854e+01
3.350465675868300508e+01
3.346910337916337141e+01
3.343220450620265893e+01
3.339401053342116654e+01
3.335430348376429066e+01
3.331313375085231598e+01
3.327082009898047232e+01
3.322714455109413478e+01
3.318188913013868557e+01
3.313537260040934029e+01
3.308764535552639785e+01
3.303848941843524756e+01
3.298795518275618832e+01
3.293609304210951194e+01
3.288295339011552443e+01
3.282831824971961510e+01
3.277250638521698534e+01
3.271529981955302446e+01
3.265674894634803138e+01
3.259717252989722880e+01
3.253608422247106802e+01
3.247380278836478595e+01
3.241011025052375061e+01
3.234532537324318469e+01
3.227923017946846329e+01
3.221214343349480203e+01
3.214357878759268772e+01
3.207385500605730755e+01
3.200302248250898174e+01
3.193113161056800564e+01
3.185796441317975791e+01
3.178357128396454456e+01
3.170800261654265029e+01
3.163157717520931200e+01
3.155380861223497746e+01
3.147501569191487292e+01
3.139524880786930439e+01
3.131428998304363631e+01
3.123245798173310561e+01
3.114953482688307673e+01
3.106557091211384858e+01
3.098061663104574137e+01
3.089499074797395650e+01
3.080820691516896659e+01
3.072058389692598013e+01
3.063190371619038643e+01
3.054248513725739400e+01
3.045237540704051327e+01
3.036134081495113790e+01
3.026941287436876138e+01
3.017662309867292336e+01
3.008327137191803402e+01
2.998885246613377475e+01
2.989393463604949730e+01
2.979801265369486885e+01
2.970165477379923757e+01
2.960435576839228489e+01
2.950641552152844582e+01
2.940759717591230427e+01
2.930820061559828460e+01
2.920798898329100268e+01
2.910726216304486869e+01
2.900605166823939385e+01
2.890385227090427378e+01
2.880123222576882824e+01
2.869822304621258269e+01
2.859431950426522917e+01
2.849008985465609811e+01
2.838529724008977340e+01
2.828024154462070427e+01
2.817441754027855794e+01
2.806839348179267901e+01
2.796193251186766204e+01
2.785479777320810868e+01
2.774755752054335645e+01
2.763997489657801054e+01
2.753234978536649535e+01
2.742417695893848162e+01
2.731575630134840083e+01
2.720711932597576777e+01
2.709829754620009368e+01
2.698959084607581005e+01
2.688049399763258762e+01
2.677130688492486144e+01
2.666232939200705587e+01
2.655332466158376192e+01
2.644405583635958834e+01
2.633509117106386910e+01
2.622646217907610833e+01
2.611766363242600875e+01
2.600926378584289367e+01
2.590102578203136474e+01
2.579324950504584990e+01
2.568569809759094724e+01
2.557840307304616445e+01
2.547166431546593657e+01
2.536524496755484748e+01
2.525916922597495429e+01
2.515396876186826347e+01
2.504882607628472613e+01
2.494453389432380419e+01
2.484054308771039032e+01
2.473710964019409531e+01
2.463422116484963098e+01
2.453159690407678539e+01
2.442976121230012509e+01
2.432816496124448946e+01
2.422733250533446281e+01
2.412671471629488806e+01
2.402683594855033178e+01
2.392741544450056779e+01
2.382844081722031504e+01
2.373016805045920918e+01
2.363231638661702405e+01
2.353514180944340239e+01
2.343836356133813226e+01
2.334250599672575532e+01
2.324701998733114650e+01
2.315216151690393787e+01
2.305818656919375087e+01
2.296454601592546396e+01
2.287176421152361883e+01
2.277956039838801061e+01
2.268792218959335116e+01
2.259710556888926192e+01
2.250709814935046182e+01
2.241761917337672827e+01
2.232892462471770756e+01
2.224100211644808667e+01
2.215383926164259165e+01
2.206769204405085105e+01
2.198201133539772911e+01
2.189732149010777817e+01
2.181334175058078984e+01
2.173032810056638553e+01
2.164799978246436396e+01
2.156661278002435722e+01
2.148615470632105939e+01
2.140661317442918943e+01
2.132770742674854247e+01
2.124996181770365666e+01
2.117336396036924384e+01
2.109736472647018957e+01
2.102275684110593446e+01
2.094899117600137473e+01
2.087605534423120446e+01
2.080447370021997600e+01
2.073369470751066856e+01
2.066423067961833127e+01
2.059551803917647206e+01
2.052806669151823371e+01
2.046158142995203733e+01
2.039630378913613384e+01
2.033220693305383620e+01
2.026899565501356193e+01
2.020664311899863108e+01
2.014565923034221484e+01
2.008574878235271655e+01
2.002661656833854664e+01
1.996904086430778591e+01
1.991218972221900074e+01
1.985657304740536944e+01
1.980189563317528467e+01
1.974839901418700450e+01
1.969605635442384894e+01
1.964484081786913805e+01
1.959445719783129647e+01
1.954541539964347763e+01
1.949742021661408486e+01
1.945044481272645953e+01
1.940446235196391811e+01
1.935971436898470444e+01
1.931590565709723961e+01
1.927327775095975326e+01
1.923180381455557608e+01
1.919145701186804587e+01
1.915194213620556241e+01
1.911376909290128268e+01
1.907664267526362423e+01
1.904053604727591775e+01
1.900542237292147973e+01
1.897154318685856111e+01
1.893887165307048193e+01
1.890711256486566683e+01
1.887650745690234189e+01
1.884676112248892821e+01
1.881811509628366963e+01
1.879081091294480288e+01
1.876428499510582881e+01
1.873877887742498771e+01
1.871439990922306151e+01
1.869101390621342063e+01
1.866867454358185441e+01
1.864732814824420970e+01
1.862700155831878845e+01
1.860764110072143040e+01
1.858927361357044816e+01
