# r_h
3.399931360036134720e-03
3.434102050960063934e-03
3.468614537268877029e-03
3.503475571051239967e-03
3.538685152307152748e-03
3.574250265955924988e-03
3.610171144828200340e-03
3.646455006673932076e-03
3.683101385831832886e-03
3.720118198543787003e-03
3.757504979148507118e-03
3.795269411057233810e-03
3.833411494269967079e-03
3.871938912197947502e-03
3.910851664841175079e-03
3.950157202780246735e-03
3.989855758845806122e-03
4.029955714941024780e-03
4.070456139743328094e-03
4.111365880817174911e-03
4.152684938162565231e-03
4.194420762360095978e-03
4.236574750393629074e-03
4.279153887182474136e-03
4.322159104049205780e-03
4.365598317235708237e-03
4.409474320709705353e-03
4.453789442777633667e-03
4.498551599681377411e-03
4.543761722743511200e-03
4.589428193867206573e-03
4.635551478713750839e-03
4.682140890508890152e-03
4.729195963591337204e-03
4.776726011186838150e-03
4.824731964617967606e-03
4.873222205787897110e-03
4.922197666019201279e-03
4.971668124198913574e-03
5.021632649004459381e-03
5.072101950645446777e-03
5.123076494783163071e-03
5.174565128982067108e-03
5.226569250226020813e-03
5.279098171740770340e-03
5.332152824848890305e-03
5.385742988437414169e-03
5.439869593828916550e-03
5.494542419910430908e-03
5.549761932343244553e-03
5.605539306998252869e-03
5.661874543875455856e-03
5.718778353184461594e-03
5.776254460215568542e-03
5.834305658936500549e-03
5.892942659556865692e-03
5.952165927737951279e-03
6.011987570673227310e-03
6.072407588362693787e-03
6.133437622338533401e-03
6.195078603923320770e-03
6.257341243326663971e-03
6.320226937532424927e-03
6.383747793734073639e-03
6.447904277592897415e-03
6.512708030641078949e-03
6.578160449862480164e-03
6.644273176789283752e-03
6.711047608405351639e-03
6.778496317565441132e-03
6.846619769930839539e-03
6.915431004017591476e-03
6.984930485486984253e-03
7.055131718516349792e-03
7.126035168766975403e-03
7.197654806077480316e-03
7.269990630447864532e-03
7.343057077378034592e-03
7.416857872158288956e-03
7.491396274417638779e-03
7.566688116639852524e-03
7.642732467502355576e-03
7.719545159488916397e-03
7.797125726938247681e-03
7.875490002334117889e-03
7.954638451337814331e-03
8.034585043787956238e-03
8.115332573652267456e-03
8.196895010769367218e-03
8.279272355139255524e-03
8.362482301890850067e-03
8.446524851024150848e-03
8.531415835022926331e-03
8.617156185209751129e-03
8.703761734068393707e-03
8.791233412921428680e-03
8.879588916897773743e-03
8.968828245997428894e-03
9.058969095349311829e-03
9.150010533630847931e-03
9.241972118616104126e-03
9.334852918982505798e-03
9.428671561181545258e-03
9.523433633148670197e-03
9.619143791496753693e-03
9.715819731354713440e-03
9.813463315367698669e-03
9.912092238664627075e-03
1.001170743256807327e-02
1.011232938617467880e-02
1.021395716816186905e-02
1.031661219894886017e-02
1.042029261589050293e-02
1.052502077072858810e-02
1.063079666346311569e-02
1.073764078319072723e-02
1.084555312991142273e-02
1.095455512404441833e-02
1.106464769691228867e-02
1.117585133761167526e-02
1.128816790878772736e-02
1.140161789953708649e-02
1.151620317250490189e-02
1.163194607943296432e-02
1.174884568899869919e-02
1.186692714691162109e-02
1.198618859052658081e-02
1.210665423423051834e-02
1.222832500934600830e-02
1.235122513025999069e-02
1.247535925358533859e-02
1.260073576122522354e-02
1.272737793624401093e-02
1.285528764128684998e-02
1.298448815941810608e-02
1.311498135328292847e-02
1.324679143726825714e-02
1.337992120534181595e-02
1.351439487189054489e-02
1.365021336823701859e-02
1.378740277141332626e-02
1.392596494406461716e-02
1.406592689454555511e-02
1.420728862285614014e-02
1.435007713735103607e-02
1.449429430067539215e-02
1.463996805250644684e-02
1.478709839284420013e-02
1.493571419268846512e-02
1.508581731468439102e-02
1.523743569850921631e-02
1.539057027548551559e-02
1.554525177925825119e-02
1.570148020982742310e-02
1.585928723216056824e-02
1.601867936551570892e-02
1.617966592311859131e-02
1.634227670729160309e-02
1.650651544332504272e-02
1.667241193354129791e-02
1.683996990323066711e-02
1.700921729207038879e-02
1.718015782535076141e-02
1.735282689332962036e-02
1.752722077071666718e-02
1.770337671041488647e-02
1.788129284977912903e-02
1.806100830435752869e-02
1.824251934885978699e-02
1.842586323618888855e-02
1.861104741692543030e-02
1.879809051752090454e-02
1.898701488971710205e-02
1.917783729732036591e-02
1.937057636678218842e-02
1.956525444984436035e-02
1.976188831031322479e-02
1.996049843728542328e-02
2.016110531985759735e-02
2.036372758448123932e-02
2.056838572025299072e-02
2.077510021626949310e-02
2.098389342427253723e-02
2.119478583335876465e-02
2.140779606997966766e-02
2.162294834852218628e-02
2.184026315808296204e-02
2.205976098775863647e-02
2.228146418929100037e-02
2.250539697706699371e-02
2.273157984018325806e-02
2.296003513038158417e-02
2.319079264998435974e-02
2.342386357486248016e-02
2.365927770733833313e-02
2.389705739915370941e-02
2.413722686469554901e-02
2.437980845570564270e-02
2.462483011186122894e-02
2.487231418490409851e-02
2.512228488922119141e-02
2.537476643919944763e-02
2.562978677451610565e-02
2.588737010955810547e-02
2.614754252135753632e-02
2.641033008694648743e-02
2.667575702071189880e-02
2.694385312497615814e-02
2.721464261412620544e-02
2.748815529048442841e-02
2.776441536843776703e-02
2.804345265030860901e-02
2.832529321312904358e-02
2.860996685922145844e-02
2.889750152826309204e-02
2.918792515993118286e-02
2.948126941919326782e-02
2.977756038308143616e-02
3.007683716714382172e-02
3.037911280989646912e-02
3.068442828953266144e-02
3.099281154572963715e-02
3.130429610610008240e-02
3.161890804767608643e-02
3.193668276071548462e-02
3.225765004754066467e-02
3.258184716105461121e-02
3.290930017828941345e-02
3.324004262685775757e-02
3.357410803437232971e-02
3.391153365373611450e-02
3.425234928727149963e-02
3.459659218788146973e-02
3.494429215788841248e-02
3.529549017548561096e-02
3.565021604299545288e-02
3.600850328803062439e-02
3.637039661407470703e-02
3.673592582345008850e-02
3.710512444376945496e-02
3.747803717851638794e-02
3.785469755530357361e-02
3.823514282703399658e-02
3.861941397190093994e-02
3.900755569338798523e-02
3.939958661794662476e-02
3.979555889964103699e-02
4.019550979137420654e-02
4.059948027133941650e-02
4.100751131772994995e-02
4.141964390873908997e-02
4.183591902256011963e-02
4.225637391209602356e-02
4.268105700612068176e-02
4.311000928282737732e-02
4.354327172040939331e-02
4.398088902235031128e-02
4.442290589213371277e-02
4.486935958266258240e-02
4.532030597329139709e-02
4.577578231692314148e-02
4.623583704233169556e-02
4.670051112771034241e-02
4.716986045241355896e-02
4.764392599463462830e-02
4.812275245785713196e-02
4.860639572143554688e-02
4.909489676356315613e-02
4.958830773830413818e-02
5.008669197559356689e-02
5.059007182717323303e-02
5.109850689768791199e-02
5.161205679178237915e-02
5.213076621294021606e-02
5.265468731522560120e-02
5.318387597799301147e-02
5.371838063001632690e-02
5.425826087594032288e-02
5.480356514453887939e-02
5.535434931516647339e-02
5.591066926717758179e-02
5.647258087992668152e-02
5.704013630747795105e-02
5.761339887976646423e-02
5.819242447614669800e-02
5.877726897597312927e-02
5.936798825860023499e-02
5.996464565396308899e-02
6.056730076670646667e-02
6.117600947618484497e-02
6.179083883762359619e-02
6.241184845566749573e-02
6.303909420967102051e-02
6.367264688014984131e-02
6.431256979703903198e-02
6.495893746614456177e-02
6.561177968978881836e-02
6.627119332551956177e-02
6.693723052740097046e-02
6.760995835065841675e-02
6.828945130109786987e-02
6.897576898336410522e-02
6.966898590326309204e-02
7.036916911602020264e-02
7.107639312744140625e-02
7.179071754217147827e-02
7.251222431659698486e-02
7.324098795652389526e-02
7.397706806659698486e-02
7.472055405378341675e-02
7.547150552272796631e-02
7.623000442981719971e-02
7.699613273143768311e-02
7.776995003223419189e-02
7.855155318975448608e-02
7.934100925922393799e-02
8.013840019702911377e-02
8.094380050897598267e-02
8.175729960203170776e-02
8.257897198200225830e-02
8.340890705585479736e-02
8.424719423055648804e-02
8.509389311075210571e-02
8.594910055398941040e-02
8.681290596723556519e-02
8.768538385629653931e-02
8.856663852930068970e-02
8.945674449205398560e-02
9.035579860210418701e-02
9.126389026641845703e-02
9.218110889196395874e-02
9.310754388570785522e-02
9.404329210519790649e-02
9.498843550682067871e-02
9.594308584928512573e-02
9.690733253955841064e-02
9.788126498460769653e-02
9.886498749256134033e-02
9.985859692096710205e-02
1.008621901273727417e-01
1.018758714199066162e-01
1.028997376561164856e-01
1.039339005947113037e-01
1.049784496426582336e-01
1.060334965586662292e-01
1.070991531014442444e-01
1.081755459308624268e-01
1.092627272009849548e-01
1.103608310222625732e-01
1.114699766039848328e-01
1.125902682542800903e-01
1.137218177318572998e-01
1.148647367954254150e-01
1.160191446542739868e-01
1.171851605176925659e-01
1.183628886938095093e-01
1.195524558424949646e-01
1.207539737224578857e-01
1.219675689935684204e-01
1.231933608651161194e-01
1.244314759969711304e-01
1.256820261478424072e-01
1.269451528787612915e-01
1.282209753990173340e-01
1.295096129179000854e-01
1.308112144470214844e-01
1.321258842945098877e-01
1.334537714719772339e-01
1.347949951887130737e-01
1.361497193574905396e-01
1.375180482864379883e-01
1.389001309871673584e-01
1.402961015701293945e-01
1.417060941457748413e-01
1.431302577257156372e-01
1.445687413215637207e-01
1.460216790437698364e-01
1.474892199039459229e-01
1.489715278148651123e-01
1.504687219858169556e-01
1.519809514284133911e-01
1.535083800554275513e-01
1.550511717796325684e-01
1.566094607114791870e-01
1.581834107637405396e-01
1.597731709480285645e-01
1.613789200782775879e-01
1.630008071660995483e-01
1.646389961242675781e-01
1.662936359643936157e-01
1.679649204015731812e-01
1.696530133485794067e-01
1.713580489158630371e-01
1.730802208185195923e-01
1.748197078704833984e-01
1.765766739845275879e-01
1.783512979745864868e-01
1.801437586545944214e-01
1.819542348384857178e-01
1.837828904390335083e-01
1.856299489736557007e-01
1.874955594539642334e-01
1.893799155950546265e-01
1.912832111120223999e-01
1.932056546211242676e-01
1.951474100351333618e-01
1.971086710691452026e-01
1.990896463394165039e-01
2.010905295610427856e-01
2.031115144491195679e-01
2.051528245210647583e-01
2.072146385908126831e-01
2.092971801757812500e-01
2.114006429910659790e-01
2.135252654552459717e-01
2.156712263822555542e-01
2.178387492895126343e-01
2.200280874967575073e-01
2.222394049167633057e-01
2.244729548692703247e-01
2.267289310693740845e-01
2.290076017379760742e-01
2.313091605901718140e-01
2.336338609457015991e-01
2.359819114208221436e-01
2.383535653352737427e-01
2.407490611076354980e-01
2.431686222553253174e-01
2.456125020980834961e-01
2.480809837579727173e-01
2.505742311477661133e-01
2.530925571918487549e-01
2.556361556053161621e-01
2.582053542137145996e-01
2.608003616333007812e-01
2.634214460849761963e-01
2.660688757896423340e-01
2.687428891658782959e-01
2.714438140392303467e-01
2.741718590259552002e-01
2.769273221492767334e-01
2.797105014324188232e-01
2.825216650962829590e-01
2.853610515594482422e-01
2.882289588451385498e-01
2.911257147789001465e-01
2.940515875816345215e-01
2.970068454742431641e-01
2.999918162822723389e-01
3.030067682266235352e-01
3.060520291328430176e-01
3.091278970241546631e-01
3.122346997261047363e-01
3.153727054595947266e-01
3.185422420501708984e-01
3.217436969280242920e-01
3.249772489070892334e-01
3.282433450222015381e-01
3.315422236919403076e-01
3.348742723464965820e-01
3.382398188114166260e-01
3.416391909122467041e-01
3.450727164745330811e-01
3.485407531261444092e-01
3.520436286926269531e-01
3.555817306041717529e-01
3.591553866863250732e-01
3.627649545669555664e-01
3.664108514785766602e-01
3.700933158397674561e-01
3.738127946853637695e-01
3.775697052478790283e-01
3.813643455505371094e-01
3.851971030235290527e-01
3.890683948993682861e-01
3.929786086082458496e-01
3.969281017780303955e-01
4.009172916412353516e-01
4.049465954303741455e-01
4.090163707733154297e-01
4.131270349025726318e-01
4.172790348529815674e-01
4.214727580547332764e-01
4.257086217403411865e-01
4.299870729446411133e-01
4.343085289001464844e-01
4.386734068393707275e-01
4.430821239948272705e-01
4.475351870059967041e-01
4.520329833030700684e-01
4.565759897232055664e-01
4.611646533012390137e-01
4.657994508743286133e-01
4.704807996749877930e-01
4.752092063426971436e-01
4.799851477146148682e-01
4.848091006278991699e-01
4.896814823150634766e-01
4.946028590202331543e-01
4.995737075805664062e-01
5.045945048332214355e-01
5.096657872200012207e-01
5.147879719734191895e-01
5.199617147445678711e-01
5.251874327659606934e-01
5.304656028747558594e-01
5.357968807220458984e-01
5.411817431449890137e-01
5.466206669807434082e-01
5.521143674850463867e-01
5.576632022857666016e-01
5.632677674293518066e-01
5.689287185668945312e-01
5.746465325355529785e-01
5.804218053817749023e-01
5.862551331520080566e-01
5.921471714973449707e-01
5.980983376502990723e-01
6.041092872619628906e-01
6.101806759834289551e-01
6.163130998611450195e-01
6.225071549415588379e-01
6.287634968757629395e-01
6.350826621055603027e-01
6.414653658866882324e-01
6.479121446609497070e-01
6.544237732887268066e-01
6.610008478164672852e-01
6.676440238952636719e-01
6.743539571762084961e-01
6.811313629150390625e-01
6.879768371582031250e-01
6.948910951614379883e-01
7.018749117851257324e-01
7.089288234710693359e-01
7.160536646842956543e-01
7.232501506805419922e-01
7.305189371109008789e-01
7.378607392311096191e-01
7.452763915061950684e-01
7.527665495872497559e-01
7.603319883346557617e-01
7.679734230041503906e-01
7.756916880607604980e-01
7.834874987602233887e-01
7.913616895675659180e-01
7.993150353431701660e-01
8.073482513427734375e-01
8.154622316360473633e-01
8.236578106880187988e-01
8.319357037544250488e-01
8.402968049049377441e-01
8.487418889999389648e-01
8.572719097137451172e-01
8.658876419067382812e-01
8.745899200439453125e-01
8.833796977996826172e-01
8.922578096389770508e-01
9.012251496315002441e-01
9.102826118469238281e-01
9.194311499595642090e-01
9.286715388298034668e-01
9.380048513412475586e-01
9.474319815635681152e-01
9.569538235664367676e-01
9.665713906288146973e-01
9.762855768203735352e-01
9.860973954200744629e-01
9.960078597068786621e-01
1.006017923355102539e+00
1.016128540039062500e+00
1.026340842247009277e+00
1.036655664443969727e+00
1.047074317932128906e+00
1.057597517967224121e+00
1.068226575851440430e+00
1.078962445259094238e+00
1.089806199073791504e+00
1.100758910179138184e+00
1.111821770668029785e+00
1.122995734214782715e+00
1.134281992912292480e+00
1.145681738853454590e+00
1.157196044921875000e+00
1.168825984001159668e+00
1.180572986602783203e+00
1.192437887191772461e+00
1.204422116279602051e+00
1.216526746749877930e+00
1.228752970695495605e+00
1.241102218627929688e+00
1.253575444221496582e+00
1.266174077987670898e+00
1.278899431228637695e+00
1.291752576828002930e+00
1.304734826087951660e+00
1.317847609519958496e+00
1.331092238426208496e+00
1.344469904899597168e+00
1.357982039451599121e+00
1.371630072593688965e+00
1.385415196418762207e+00
1.399338841438293457e+00
1.413402438163757324e+00
1.427607297897338867e+00
1.441954970359802246e+00
1.456446886062622070e+00
1.471084475517272949e+00
1.485869050025939941e+00
1.500802278518676758e+00
1.515885710716247559e+00
1.531120538711547852e+00
1.546508550643920898e+00
1.562051296234130859e+00
1.577750086784362793e+00
1.593606710433959961e+00
1.609622716903686523e+00
1.625799775123596191e+00
1.642139315605163574e+00
1.658643126487731934e+00
1.675312757492065430e+00
1.692149877548217773e+00
1.709156274795532227e+00
1.726333498954772949e+00
1.743683576583862305e+00
1.761207818984985352e+00
1.778908252716064453e+00
1.796786546707153320e+00
1.814844608306884766e+00
1.833084106445312500e+00
1.851506829261779785e+00
1.870114922523498535e+00
1.888909816741943359e+00
1.907893657684326172e+00
1.927068352699279785e+00
1.946435689926147461e+00
1.965997695922851562e+00
1.985756397247314453e+00
2.005713462829589844e+00
2.025871276855468750e+00
2.046231508255004883e+00
2.066796541213989258e+00
2.087568044662475586e+00
2.108548641204833984e+00
2.129739999771118164e+00
2.151144027709960938e+00
2.172763347625732422e+00
2.194600105285644531e+00
2.216656208038330078e+00
2.238933801651000977e+00
2.261435747146606445e+00
2.284163475036621094e+00
2.307119607925415039e+00
2.330306529998779297e+00
2.353726625442504883e+00
2.377381801605224609e+00
2.401274919509887695e+00
2.425408363342285156e+00
2.449784040451049805e+00
2.474404811859130859e+00
2.499272823333740234e+00
2.524390935897827148e+00
2.549761533737182617e+00
2.575387239456176758e+00
2.601270198822021484e+00
2.627413272857666016e+00
2.653819322586059570e+00
2.680490493774414062e+00
2.707429885864257812e+00
2.734640121459960938e+00
2.762123584747314453e+00
2.789883375167846680e+00
2.817922115325927734e+00
2.846242904663085938e+00
2.874848127365112305e+00
2.903740882873535156e+00
2.932924032211303711e+00
2.962400197982788086e+00
2.992172956466674805e+00
3.022244691848754883e+00
3.052618741989135742e+00
3.083297967910766602e+00
3.114285707473754883e+00
3.145584821701049805e+00
3.177198410034179688e+00
3.209130048751831055e+00
3.241382360458374023e+00
3.273958683013916016e+00
3.306862592697143555e+00
3.340096950531005859e+00
3.373665571212768555e+00
3.407571315765380859e+00
3.441817998886108398e+00
3.476408720016479492e+00
3.511347293853759766e+00
3.546636819839477539e+00
3.582281112670898438e+00
3.618283510208129883e+00
3.654648303985595703e+00
3.691378116607666016e+00
3.728477001190185547e+00
3.765948772430419922e+00
3.803797245025634766e+00
3.842025995254516602e+00
3.880639076232910156e+00
3.919640064239501953e+00
3.959033012390136719e+00
3.998821973800659180e+00
4.039010524749755859e+00
4.079603195190429688e+00
4.120604038238525391e+00
4.162017345428466797e+00
4.203845977783203125e+00
4.246095657348632812e+00
4.288769245147705078e+00
4.331872463226318359e+00
4.375408172607421875e+00
4.419381618499755859e+00
4.463797092437744141e+00
4.508659362792968750e+00
4.553971767425537109e+00
4.599740028381347656e+00
4.645967960357666016e+00
4.692660808563232422e+00
4.739823341369628906e+00
4.787459373474121094e+00
4.835574150085449219e+00
4.884172439575195312e+00
4.933259010314941406e+00
4.982839107513427734e+00
5.032917499542236328e+00
5.083498954772949219e+00
5.134589195251464844e+00
5.186192512512207031e+00
5.238314628601074219e+00
5.290960311889648438e+00
5.344135761260986328e+00
5.397845268249511719e+00
5.452094554901123047e+00
5.506888866424560547e+00
5.562233924865722656e+00
5.618135452270507812e+00
5.674598693847656250e+00
5.731629371643066406e+00
5.789232730865478516e+00
5.847415447235107422e+00
5.906183242797851562e+00
5.965541362762451172e+00
6.025496006011962891e+00
6.086053848266601562e+00
6.147219657897949219e+00
6.209000110626220703e+00
6.271401405334472656e+00
6.334430217742919922e+00
6.398092269897460938e+00
6.462393760681152344e+00
6.527341842651367188e+00
6.592942714691162109e+00
6.659203052520751953e+00
6.726129055023193359e+00
6.793727397918701172e+00
6.862005710601806641e+00
6.930970668792724609e+00
7.000627994537353516e+00
7.070985317230224609e+00
7.142049789428710938e+00
7.213828563690185547e+00
7.286328792572021484e+00
7.359557628631591797e+00
7.433522224426269531e+00
7.508230209350585938e+00
7.583689212799072266e+00
7.659906387329101562e+00
7.736889839172363281e+00
7.814646720886230469e+00
7.893185138702392578e+00
7.972512722015380859e+00
8.052638053894042969e+00
8.133567810058593750e+00
8.215312004089355469e+00
8.297877311706542969e+00
8.381274223327636719e+00
8.465507507324218750e+00
8.550586700439453125e+00
8.636521339416503906e+00
8.723320007324218750e+00
8.810990333557128906e+00
8.899542808532714844e+00
8.988984107971191406e+00
9.079324722290039062e+00
9.170573234558105469e+00
9.262739181518554688e+00
9.355831146240234375e+00
9.449858665466308594e+00
9.544831275939941406e+00
9.640758514404296875e+00
9.737649917602539062e+00
9.835515022277832031e+00
9.934363365173339844e+00
1.003420543670654297e+01
1.013505077362060547e+01
1.023690891265869141e+01
1.033979129791259766e+01
1.044370841979980469e+01
1.054866886138916016e+01
1.065468502044677734e+01
1.076176643371582031e+01
1.086992645263671875e+01
1.097917079925537109e+01
1.108951282501220703e+01
1.120096492767333984e+01
1.131353569030761719e+01
1.142723846435546875e+01
1.154208469390869141e+01
1.165808391571044922e+01
1.177524948120117188e+01
1.189359283447265625e+01
1.201312541961669922e+01
1.213385868072509766e+01
1.225580596923828125e+01
1.237897872924804688e+01
1.250338935852050781e+01
1.262905120849609375e+01
1.275597476959228516e+01
1.288417434692382812e+01
1.301366233825683594e+01
1.314445114135742188e+01
1.327655506134033203e+01
1.340998649597167969e+01
1.354475975036621094e+01
1.368088626861572266e+01
1.381838130950927734e+01
1.395725822448730469e+01
1.409753417968750000e+01
1.423921680450439453e+01
1.438232326507568359e+01
1.452686786651611328e+01
1.467286491394042969e+01
1.482032966613769531e+01
1.496927642822265625e+01
1.511971950531005859e+01
1.527167510986328125e+01
1.542515850067138672e+01
1.558018302917480469e+01
1.573676681518554688e+01
1.589492416381835938e+01
1.605467033386230469e+01
1.621602249145507812e+01
1.637899589538574219e+01
1.654360771179199219e+01
1.670987319946289062e+01
1.687780952453613281e+01
1.704743385314941406e+01
1.721876335144042969e+01
1.739181518554687500e+01
1.756660652160644531e+01
1.774315261840820312e+01
1.792147445678710938e+01
1.810159301757812500e+01
1.828351593017578125e+01
1.846726799011230469e+01
1.865286827087402344e+01
1.884033203125000000e+01
1.902968025207519531e+01
1.922093200683593750e+01
1.941410446166992188e+01
1.960921859741210938e+01
1.980629539489746094e+01
2.000535202026367188e+01
2.020640754699707031e+01
2.040948677062988281e+01
2.061460494995117188e+01
2.082178497314453125e+01
2.103104591369628906e+01
2.124241256713867188e+01
2.145590209960937500e+01
2.167153739929199219e+01
2.188933944702148438e+01
2.210933113098144531e+01
2.233153343200683594e+01
2.255596733093261719e+01
2.278265953063964844e+01
2.301162910461425781e+01
2.324289894104003906e+01
2.347649955749511719e+01
2.371244239807128906e+01
2.395075607299804688e+01
2.419146537780761719e+01
2.443459320068359375e+01
2.468016433715820312e+01
2.492820358276367188e+01
2.517873573303222656e+01
2.543178558349609375e+01
2.568737983703613281e+01
2.594554138183593750e+01
2.620629882812500000e+01
2.646967697143554688e+01
2.673570060729980469e+01
2.700439834594726562e+01
2.727579689025878906e+01
2.754992294311523438e+01
2.782680511474609375e+01
2.810646820068359375e+01
2.838894271850585938e+01
2.867425537109375000e+01
2.896243667602539062e+01
2.925351333618164062e+01
2.954751586914062500e+01
2.984447288513183594e+01
3.014442253112792969e+01
3.044737815856933594e+01
3.075337982177734375e+01
3.106245613098144531e+01
3.137463760375976562e+01
3.168995857238769531e+01
3.200844573974609375e+01
3.233013534545898438e+01
3.265505981445312500e+01
3.298324966430664062e+01
3.331473541259765625e+01
3.364955520629882812e+01
3.398773574829101562e+01
3.432931900024414062e+01
3.467433547973632812e+01
3.502281570434570312e+01
3.537480163574218750e+01
3.573032379150390625e+01
3.608942031860351562e+01
3.645212173461914062e+01
3.681847381591796875e+01
3.718850326538085938e+01
3.756225585937500000e+01
3.793976211547851562e+01
3.832106399536132812e+01
3.870619583129882812e+01
3.909520721435546875e+01
3.948812103271484375e+01
3.988498306274414062e+01
4.028583145141601562e+01
4.069071197509765625e+01
4.109965896606445312e+01
4.151271820068359375e+01
4.192992782592773438e+01
4.235132980346679688e+01
4.277696609497070312e+01
4.320688247680664062e+01
4.364111709594726562e+01
4.407971954345703125e+01
4.452272796630859375e+01
4.497018814086914062e+01
4.542214584350585938e+01
4.587864303588867188e+01
4.633973312377929688e+01
4.680545425415039062e+01
4.727585601806640625e+01
4.775098419189453125e+01
4.823088836669921875e+01
4.871561813354492188e+01
4.920521926879882812e+01
4.969973754882812500e+01
5.019924163818359375e+01
5.070375061035156250e+01
5.121332931518554688e+01
5.172803497314453125e+01
5.224790954589843750e+01
5.277300643920898438e+01
5.330338287353515625e+01
5.383909225463867188e+01
5.438018417358398438e+01
