# ee
1.930513564053471312e-02
3.299792203304979799e-02
3.893421694638700414e-02
3.639959122827846755e-02
2.845749462634545104e-02
1.917348973749379362e-02
1.156409986188066882e-02
6.824687734013090180e-03
4.642450771934575511e-03
3.977682261794708921e-03
3.826844473233922787e-03
3.616099250099270943e-03
3.236940243950707074e-03
2.845712585818312938e-03
2.636742791885777950e-03
2.647229893403183973e-03
2.853562878708797591e-03
3.158155561145109275e-03
3.460019911235227841e-03
3.759122487178460058e-03
4.093721917368532519e-03
4.517815643849702398e-03
5.081617064706853669e-03
5.788867838624682342e-03
6.631906672575158673e-03
7.591502784616256487e-03
8.641791007597267663e-03
9.791753264559884679e-03
1.105435783418252417e-02
1.241906089673808916e-02
1.388678284568132040e-02
1.544332594484506063e-02
1.710592113217748733e-02
1.886245854853941042e-02
2.071319943593577864e-02
2.268209248480117929e-02
2.477916732197757779e-02
2.700945649449590022e-02
2.937806456142039169e-02
3.188943633737748723e-02
3.454511527700402512e-02
3.734583515779137802e-02
4.029124274510054865e-02
4.337956044356996305e-02
4.660814421745262948e-02
4.997680661141161440e-02
5.348250712134835355e-02
5.712183041139518719e-02
6.089698362222090156e-02
6.481079007761600397e-02
6.886628884324322297e-02
7.306488617727226187e-02
7.740836316964200270e-02
8.189925057382958784e-02
8.653684106205961069e-02
9.132096892523466902e-02
9.625272835423395734e-02
1.013335883717059738e-01
1.065612696826080952e-01
1.119329355209900956e-01
1.174435192372712544e-01
1.230877715427322328e-01
1.288600683168847072e-01
1.347559099345475297e-01
1.407684455421399083e-01
1.468949133161694121e-01
1.531320743635894155e-01
1.594778142866604964e-01
1.659303935194123836e-01
1.724889286507266528e-01
1.791510880758938884e-01
1.859135221862110721e-01
1.927698827188223385e-01
1.997134465791028379e-01
2.067365568799126863e-01
2.138338188723578059e-01
2.209992788467984859e-01
2.282273579253639717e-01
2.355124772301834535e-01
2.428487444669485684e-01
2.502297633391380449e-01
2.576480744702546177e-01
2.650965933155702281e-01
2.725678604985876663e-01
2.800557580373365663e-01
2.875535362196491862e-01
2.950550370643463260e-01
3.025541025902488412e-01
3.100423258255628478e-01
3.175132152808287644e-01
3.249593202652334423e-01
3.323732314114524744e-01
3.397486638474685461e-01
3.470778333741882382e-01
3.543537054560557675e-01
3.615688707257469492e-01
3.687155449841679755e-01
3.757866936957636184e-01
3.827764068202854641e-01
3.896772749904092170e-01
3.964781405211192933e-01
4.031790906804730845e-01
4.097652194657642744e-01
4.162328658273590776e-01
4.225746203979332538e-01
4.287868221278530734e-01
4.348583133321031746e-01
4.407854329610498834e-01
4.465570233296777269e-01
4.521695040373351349e-01
4.576196172792983408e-01
4.628966892644434394e-01
4.679937945193378135e-01
4.729115042059304219e-01
4.776428928507884808e-01
4.821772866627881404e-01
4.865152568038786929e-01
4.906498778006271877e-01
4.945779724972917402e-01
4.982926154204396219e-01
5.017906294143289481e-01
5.050688373232179451e-01
5.081203136736737180e-01
5.109456296276453369e-01
5.135378597117000732e-01
5.158975750877871080e-01
5.180178502824734910e-01
5.198992564577084030e-01
5.215348681400591158e-01
5.229254202765197812e-01
5.240723029542645461e-01
5.249695734101315070e-01
5.256262821517212469e-01
5.260327380981808520e-01
5.261942434394205614e-01
5.261086037299689266e-01
5.257811211597361867e-01
5.252096012832510041e-01
5.243955979727328298e-01
5.233481617357829130e-01
5.220613498092386839e-01
5.205404643830108258e-01
5.187908076470094665e-01
5.168101851557633797e-01
5.146076474168738146e-01
5.121884966202511213e-01
5.095542866381149727e-01
5.067103196603757187e-01
5.036618978769434873e-01
5.004143291864596721e-01
4.969729443224873422e-01
4.933468280450114540e-01
4.895450651140169085e-01
4.855692436541064749e-01
4.814321967429560645e-01
4.771355125051683910e-01
4.726957723361105979e-01
4.681145643603853435e-01
4.634047216556685389e-01
4.585753289819450296e-01
4.536354710991996608e-01
4.486017294027991875e-01
4.434756920173466010e-01
4.382701920205177570e-01
4.329980624899883446e-01
4.276721365034343858e-01
4.223052471385316253e-01
4.169102274729558633e-01
4.114961622666920005e-01
4.060796329151067918e-01
4.006734724958762595e-01
3.952905140866760925e-01
3.899435907651820910e-01
3.846530322444521310e-01
3.794279489286924156e-01
3.742887987520674975e-01
3.692485686575816550e-01
3.643202455882386115e-01
3.595243131224246103e-01
3.548775065208344959e-01
3.503965610441633904e-01
3.460944636354153503e-01
3.419916978729761747e-01
3.381087473352320516e-01
3.344585989651869262e-01
3.310583628553049884e-01
3.279300219110485859e-01
3.250910610566508652e-01
3.225604645434215212e-01
3.203560921273628237e-01
3.184973028915534243e-01
3.170027062555340058e-01
3.158920361341521765e-01
3.151850264422558223e-01
3.149014110946927181e-01
3.150616736698488851e-01
3.156855480825721538e-01
3.167927682477102436e-01
3.184030680801109292e-01
3.205366966962371889e-01
3.232103415424754655e-01
3.264408304350580603e-01
3.302446163584485395e-01
3.346385271288791485e-01
3.396386408990441641e-01
3.452621603169451769e-01
3.515255383670455314e-01
3.584448532020392819e-01
3.660373074699281859e-01
3.743197289869445998e-01
3.833078210740136216e-01
3.930187863791367864e-01
4.034694527185465618e-01
4.146728995907843496e-01
4.266500779615427508e-01
4.394140673293631116e-01
4.529779471927870005e-01
4.673622936857377841e-01
4.825801863067568642e-01
4.986447045543856427e-01
5.155764245625475972e-01
5.333846775120933970e-01
5.520862912192550098e-01
5.716905968648834380e-01
5.922181705829018261e-01
6.136820918718515205e-01
6.360916919125830793e-01
6.594637985213290809e-01
6.838114911966308718e-01
7.091403528016477775e-01
7.354672111526124878e-01
7.628051457480663489e-01
7.911634877688599188e-01
8.205553167135343218e-01
8.509937120806312372e-01
8.824805084156193136e-01
9.150287852170396752e-01
9.486441253480523139e-01
9.833433566248891422e-01
1.019132061910710041e+00
1.056015824068673892e+00
1.094003974279631697e+00
1.133102095406742782e+00
1.173319518630857816e+00
1.214654330179754105e+00
1.257119609551973216e+00
1.300720939610674254e+00
1.345456406583634967e+00
1.391339089969397147e+00
1.438358940758603488e+00
1.486522097123340158e+00
1.535822813680868482e+00
1.586262841683831581e+00
1.637832687431798551e+00
1.690534102177413178e+00
1.744361340537936123e+00
1.799304908812937143e+00
1.855366558255059140e+00
1.912536795163872982e+00
1.970809874156637997e+00
2.030180049850616175e+00
2.090641576863068618e+00
2.152184961493564863e+00
2.214796961723983770e+00
2.278468083853895543e+00
2.343185085865178596e+00
2.408938474057404022e+00
2.475718754730141580e+00
2.543508937547578341e+00
2.612299528809284066e+00
2.682077286497139390e+00
2.752817723639948255e+00
2.824515094854973540e+00
2.897148661488711419e+00
2.970705181523040306e+00
3.045167664622149495e+00
3.120519120450225614e+00
3.196735062036075270e+00
3.273794750726195968e+00
3.351684944502466124e+00
3.430377408076000112e+00
3.509855151110987226e+00
3.590097434953924083e+00
3.671079772633615956e+00
3.752781425496561241e+00
3.835170409936182967e+00
3.918229735616669984e+00
4.001931167249135335e+00
4.086250217862386513e+00
4.171169897120612369e+00
4.256616989922634708e+00
4.342623234062624960e+00
4.429145400980934788e+00
4.516102778941003315e+00
4.603527105737002856e+00
4.691337669632376084e+00
4.779528725244380993e+00
4.868057044013371026e+00
4.956879397379696073e+00
5.046028278164514269e+00
5.135389266589291957e+00
5.224998630610122596e+00
5.314817671829278112e+00
5.404807691849033091e+00
5.494967475448569338e+00
5.585220841053252450e+00
5.675566573442261564e+00
5.765965974217873047e+00
5.856342861805450717e+00
5.946733504161084483e+00
6.037061719710139940e+00
6.127326293231798005e+00
6.217451043151424273e+00
6.307397271071292444e+00
6.397201244947493315e+00
6.486749300028479048e+00
6.576040221093436777e+00
6.665035309744636649e+00
6.753733350761263132e+00
6.842058162568679158e+00
6.929971046769157539e+00
7.017433304964972862e+00
7.104406238758395276e+00
7.190888632928611912e+00
7.276841789077892031e+00
7.362189525631600340e+00
7.446893144192012315e+00
7.530951429538307096e+00
7.614288200095851167e+00
7.696902240643828108e+00
7.778754852784506291e+00
7.859769854943253087e+00
7.939946031899252077e+00
8.019207202077863528e+00
8.097552150258273684e+00
8.174942178042751806e+00
8.251338587033576033e+00
8.326702678833013849e+00
8.401033238220254162e+00
8.474216600443744696e+00
8.546251550282674359e+00
8.617099389339310633e+00
8.686683936039020892e+00
8.755003975160990493e+00
8.821983325130574372e+00
8.887620770726961439e+00
8.951802647198604745e+00
9.014602705678505856e+00
9.075944764592028591e+00
9.135829396913472067e+00
9.194226845220697442e+00
9.251109140286672528e+00
9.306485796061284788e+00
9.360291360140598371e+00
9.412535346474498965e+00
9.463189785835954382e+00
9.512226708997948421e+00
9.559580663556532798e+00
9.605261163461602081e+00
9.649240239486125859e+00
9.691489922403080826e+00
9.731982242985436571e+00
9.770726715183082334e+00
9.807695369768985927e+00
9.842860237516127597e+00
9.876230832374385926e+00
9.907741701939830392e+00
9.937477326516161114e+00
9.965297287345622479e+00
9.991323547908828928e+00
1.001541568944802663e+01
1.003765819226691747e+01
1.005802308713847459e+01
1.007648240483567470e+01
1.009300817613148915e+01
1.010760991497579830e+01
1.012025965214158774e+01
1.013092941840181993e+01
1.013962872770638590e+01
1.014636709400516423e+01
1.015104158171731541e+01
1.015377415432345032e+01
1.015449935941962778e+01
1.015322671095573881e+01
1.015000320605857631e+01
1.014480087550111165e+01
1.013766671641013950e+01
1.012857275955863479e+01
1.011752851889647964e+01
1.010454350837355975e+01
1.008958975876284647e+01
1.007271426719113627e+01
1.005388906443140407e+01
1.003308618125662122e+01
1.001039009797049317e+01
9.985735362169082308e+00
9.959168970979183300e+00
9.930662955173769291e+00
9.900301795056547505e+00
9.868020354713543441e+00
9.833867213721370959e+00
9.797891268146608823e+00
9.760066447702014258e+00
9.720404165277258812e+00
9.678990800115830240e+00
9.635800281930483990e+00
9.590806540433984395e+00
9.544133438046722873e+00
9.495754904481463754e+00
9.445682352627871481e+00
9.393964678552524816e+00
9.340613295145097084e+00
9.285677098472159940e+00
9.229204984600295703e+00
9.171170883242261596e+00
9.111661173641548928e+00
9.050687268687822140e+00
8.988260581270749228e+00
8.924392524280003514e+00
8.859169476959072753e+00
8.792565369020708843e+00
8.724591613354588659e+00
8.655334589204192852e+00
8.584805709459196521e+00
8.513053870186171324e+00
8.440165450628612120e+00
8.366189346853095898e+00
8.291136971749287099e+00
8.215057221383766262e+00
8.138073958176933687e+00
8.060161111841544823e+00
7.981367578444180211e+00
7.901779737228324940e+00
7.821371517906742454e+00
7.740229299722917844e+00
7.658364495566519103e+00
7.575863484681036653e+00
7.492737679956137598e+00
7.409035977458400701e+00
7.324844756431312831e+00
7.240175429764544646e+00
7.155114376701583900e+00
7.069710493309007582e+00
6.983975192476483684e+00
6.898032336624413396e+00
6.811893338642462936e+00
6.725644577774120947e+00
6.639334950085964415e+00
6.552975868467664888e+00
6.466688850047611403e+00
6.380473581255440507e+00
6.294402369582600798e+00
6.208510039343630993e+00
6.122831414853068921e+00
6.037401320425456852e+00
5.952254580375330839e+00
5.867463502194139480e+00
5.783062910196423267e+00
5.699087628696720920e+00
5.615572482009570265e+00
5.532627260803329783e+00
5.450286789392539966e+00
5.368585892091738643e+00
5.287596876392375300e+00
5.207354566608987767e+00
5.127931270233025529e+00
5.049361811579026416e+00
4.971681014961530920e+00
4.894923704695077760e+00
4.819162188271114644e+00
4.744468773181091947e+00
4.670840800562636730e+00
4.598313094730288597e+00
4.526995446352406027e+00
4.456922679743529514e+00
4.388092136041287006e+00
4.320613605914036981e+00
4.254521913676316380e+00
4.189889366819578242e+00
4.126675823304537971e+00
4.065028556976467478e+00
4.004944908972992046e+00
3.946497186785563382e+00
3.889720214728719760e+00
3.834648817116998565e+00
3.781317818264939845e+00
3.729837008840901635e+00
3.680166246805604224e+00
3.632415322827406090e+00
3.586619061220845062e+00
3.542774803123551752e+00
3.500954856026973427e+00
3.461231527422559573e+00
3.423639641624848462e+00
3.388176539771469820e+00
3.354914529353873132e+00
3.323888434686596671e+00
3.295133080084178268e+00
3.268720773038067406e+00
3.244646089384826126e+00
3.222967510110571698e+00
3.203665784546533057e+00
3.186834111554669224e+00
3.172415757289299698e+00
3.160466437435474507e+00
3.151011881136714710e+00
3.144070320901158677e+00
3.139652492601565204e+00
3.137772880428383093e+00
3.138442220254368475e+00
3.141671247952280144e+00
3.147478196030256914e+00
3.155873800361056247e+00
3.166865048499744706e+00
3.180466424636769762e+00
3.196681168009508855e+00
3.215523762808409902e+00
3.236997448270847677e+00
3.261109211951889186e+00
3.287869789724291891e+00
3.317282420825431011e+00
3.349350344492682652e+00
3.384069303328039791e+00
3.421438788251187191e+00
3.461454541864118717e+00
3.504116055086518688e+00
3.549422818838071425e+00
3.597366827403079448e+00
3.647940075065845278e+00
3.701142052746054567e+00
3.756957258092627150e+00
3.815377685389865103e+00
3.876395328922071837e+00
3.940005931291240326e+00
4.006193990146290851e+00
4.074944003136145909e+00
4.146244216227414014e+00
4.220071630433636756e+00
4.296410743403733079e+00
4.375249801104316383e+00
4.456565804548921150e+00
4.540339503068783422e+00
4.626551645995126805e+00
4.715167989388420189e+00
4.806173030897584297e+00
4.899532526583081804e+00
4.995189742599236205e+00
5.093200394631095307e+00
5.193432782479158405e+00
5.295943161493879892e+00
5.400640012979685878e+00
5.507507324260228820e+00
5.616529082659160288e+00
5.727651792323219304e+00
5.840859440576059214e+00
5.956098531564419929e+00
6.073353052611953018e+00
6.192569507865398393e+00
6.313731884648409398e+00
6.436749203930816954e+00
6.561642936213179844e+00
6.688322102465330765e+00
6.816770690010922173e+00
6.946935202996692205e+00
7.078799628746295092e+00
7.212235505052651874e+00
7.347264302416320447e+00
7.483832524984045165e+00
7.621849193725657834e+00
7.761298295964806471e+00
7.902088852671323771e+00
8.044204851168862191e+00
8.187592795604162532e+00
8.332161706947053048e+00
8.477895572521189749e+00
8.624703413296400001e+00
8.772531733419427269e+00
8.921364520213924010e+00
9.071073311472806822e+00
9.221642094519733490e+00
9.372979890324527830e+00
9.525033203033936857e+00
9.677786019971611253e+00
9.831072395753556847e+00
9.984913800880343970e+00
1.013921925632179466e+01
1.029389778304774516e+01
1.044889588520493895e+01
1.060416006694011060e+01
1.075959934922309813e+01
1.091516023620063791e+01
1.107075174884256796e+01
1.122632039129562109e+01
1.138177518452963177e+01
1.153706263269134524e+01
1.169209175675058887e+01
1.184677157767719358e+01
1.200108608279481359e+01
1.215490680989636552e+01
1.230818432774007576e+01
1.246084798035318286e+01
1.261286865955130843e+01
1.276417977397317571e+01
1.291471473225749911e+01
1.306444442621990909e+01
1.321333974767603081e+01
1.336129662208767144e+01
1.350828594127046500e+01
1.365424111386312234e+01
1.379905806532745061e+01
1.394274517065599461e+01
1.408523583848746519e+01
1.422646347746058382e+01
1.436636149621406844e+01
1.450490078656354420e+01
1.464205224032464336e+01
1.477778674931298397e+01
1.491196275581347308e+01
1.504462611799556093e+01
1.517571024449795480e+01
1.530507357760555642e+01
1.543276197548781958e+01
1.555867136360654612e+01
1.568277263377736297e+01
1.580496171146208439e+01
1.592520948847632489e+01
1.604344937345882016e+01
1.615965225822518292e+01
1.627378903459105430e+01
1.638571814484131650e+01
1.649548544714543041e+01
1.660298686696519255e+01
1.670815581293933150e+01
1.681100066006037963e+01
1.691141733379014767e+01
1.700941420912116797e+01
1.710488721151525127e+01
1.719784471596493347e+01
1.728818264793202530e+01
1.737590938240906624e+01
1.746092084485785634e+01
1.754322541027094218e+01
1.762275648728703814e+01
1.769941000136794784e+01
1.777319432750621431e+01
1.784404287434055192e+01
1.791188905050968216e+01
1.797674123100613741e+01
1.803853282446864270e+01
1.809727549507966415e+01
1.815295658060451345e+01
1.820556670799845023e+01
1.825509650421670926e+01
1.830149911303763943e+01
1.834484012777030060e+01
1.838507269219303453e+01
1.842218743326109021e+01
1.845613749475280940e+01
1.848695098680033766e+01
1.851458105318203096e+01
1.853901832085312407e+01
1.856029089994578030e+01
1.857835193423833786e+01
1.859322953386296007e+01
1.860491432577487814e+01
1.861343442010626958e+01
1.861874296063545842e+01
1.862083057431770428e+01
1.861976285446207413e+01
1.861553042802380276e+01
1.860808643878124258e+01
1.859749648004346056e+01
1.858375117876569860e+01
1.856684116190320921e+01
1.854679453958814861e+01
1.852363942195267654e+01
1.849732895277512768e+01
1.846789124218766531e+01
1.843535440032244566e+01
1.839967157095779982e+01
1.836090834740281252e+01
1.831901787343580779e+01
1.827406574236585612e+01
1.822611754750203161e+01
1.817516391579957613e+01
1.812130792374447097e+01
1.806450271511505079e+01
1.800485136639729689e+01
1.794241947090027267e+01
1.787716017240232702e+01
1.780913906421251625e+01
1.773838425646300365e+01
1.766496134246285621e+01
1.758886094916732290e+01
1.751007370353165271e+01
1.742874016521873415e+01
1.734481347800689832e+01
1.725835923520522641e+01
1.716944303012276762e+01
1.707809136123935190e+01
1.698432428042536912e+01
1.688823519425271158e+01
1.678980505976251791e+01
1.668912728352668040e+01
1.658622030576324136e+01
1.648117753304409661e+01
1.637394243923347403e+01
1.626468339725708034e+01
1.615338136415605419e+01
1.604009226332537352e+01
1.592487201816000031e+01
1.580773906887800351e+01
1.568878682205125585e+01
1.556803371789781387e+01
1.544549819663574297e+01
1.532123618166000689e+01
1.519530359636558003e+01
1.506779384732433336e+01
1.493872537475433582e+01
1.480822906840436737e+01
1.467632336849249342e+01
1.454313916476750101e+01
1.440873238062435568e+01
1.427315893945803005e+01
1.413647476466348962e+01
1.399877326281262135e+01
1.386007287412347111e+01
1.372050448834484371e+01
1.358004906251787247e+01
1.343883748639135511e+01
1.329688820018335171e+01
1.315433209364264577e+01
1.301115012381039016e+01
1.286751066361228446e+01
1.272346963644329421e+01
1.257904548252148302e+01
1.243436909159563264e+01
1.228949638706071568e+01
1.214452077548861197e+01
1.199953566345120315e+01
1.185459697434345472e+01
1.170979811473724475e+01
1.156523249120444952e+01
1.142099351031695242e+01
1.127713709546972431e+01
1.113375665323463792e+01
1.099090810700666765e+01
1.084868486335768978e+01
1.070718032885958060e+01
1.056644504615880287e+01
1.042654551808466223e+01
1.028750538354105082e+01
1.014938576460877151e+01
1.001228526654552731e+01
9.876227528255210331e+00
9.741311154995530686e+00
9.607522302493466171e+00
9.474997059183635884e+00
9.343759063969931944e+00
9.213869438933151912e+00
9.085351822977184355e+00
8.958267338182828610e+00
8.832639623453976796e+00
8.708567284048335466e+00
8.586073958869793188e+00
8.465145803645333089e+00
8.345918906809574267e+00
8.228454390443310729e+00
8.112775893450436371e+00
7.998944537911750530e+00
7.887058929084959757e+00
7.777142705873955286e+00
7.669256990359536452e+00
7.563462904622502592e+00
7.459821570743652153e+00
7.358356627626877255e+00
7.259129197352972795e+00
7.162162918825830893e+00
7.067556397303160765e+00
6.975295788511944650e+00
6.885442214532973892e+00
6.798056797447055821e+00
6.713163176158076340e+00
6.630784989569924903e+00
6.550983359763401737e+00
6.473781925642396295e+00
6.399241809287707916e+00
6.327424132780135935e+00
6.258352535023568919e+00
6.192125621275716085e+00
6.128804513617378547e+00
6.068450334129353863e+00
6.011086721715531489e+00
5.956812281633621531e+00
5.905613169610603563e+00
5.857513024550366154e+00
5.812535485356798759e+00
5.770704190933793498e+00
5.732042780185236275e+00
5.696533948912687606e+00
5.664146553216031776e+00
5.634995921977367317e+00
5.609009968194246909e+00
5.586304020748771748e+00
5.566843475815403508e+00
5.550668695922422735e+00
5.537820043598113529e+00
5.528300398193845666e+00
5.522112639060988926e+00
5.519259645550918414e+00
5.519669330661183260e+00
5.523382056920068450e+00
5.530363220502031218e+00
5.540578217581536791e+00
5.554067410686863937e+00
5.570796195992476996e+00
5.590767452849746633e+00
5.613946577433133633e+00
5.640411415447831978e+00
5.670089879891389018e+00
5.703022333292090629e+00
5.739174171824397597e+00
5.778548274839679699e+00
5.821110038512400386e+00
5.866862342193931212e+00
5.915733098881822194e+00
5.967725187927447550e+00
6.022804005505268066e+00
6.080972430966654407e+00
6.142158377309160144e+00
6.206364723884156831e+00
6.273594350043013357e+00
6.343812651960194948e+00
6.416985025810160614e+00
6.493114350944284574e+00
6.572166023537026724e+00
6.654105439762850516e+00
6.738860512619305965e+00
6.826396638280854745e+00
6.916641729745052203e+00
7.009561183186355571e+00
7.105082911602320195e+00
7.203134827990496092e+00
7.303719811702254816e+00
7.406803258912060706e+00
7.512388048971283538e+00
7.620402094877473331e+00
7.730848275982007856e+00
7.843691988459340791e+00
7.958938616975409275e+00
8.076453634746750154e+00
8.196217469835190172e+00
8.318135583948734535e+00
8.442150921972300992e+00
8.568206428790805518e+00
8.696170082935351431e+00
8.826059795644667361e+00
8.957781028626763842e+00
9.091351693120381938e+00
9.226714734010432295e+00
9.363813096181836215e+00
9.502702174050236650e+00
9.643287429323640580e+00
9.785549290063880079e+00
9.929430701155869343e+00
1.007487460748452435e+01
1.022178647075785562e+01
1.037010923586077382e+01
1.051982333085511101e+01
1.067079673427196163e+01
1.082297239099624875e+01
1.097625576273597225e+01
1.113062727755296599e+01
1.128599239715522984e+01
1.144225658325077433e+01
1.159932529754760822e+01
1.175714148493064570e+01
1.191564809028480809e+01
1.207475057531809881e+01
1.223439188491543561e+01
1.239455244713864701e+01
1.255510024051882745e+01
1.271605317629471621e+01
1.287731671617431672e+01
1.303879632186564308e+01
1.320047242143051847e+01
1.336225047657694809e+01
1.352399846583603349e+01
1.368569681726959431e+01
1.384725099258564640e+01
1.400856645349219676e+01
1.416958614487415424e+01
1.433014056208571141e+01
1.449024761636560399e+01
1.464973780306802453e+01
1.480855406707788546e+01
1.496660187010319198e+01
1.512374919067504386e+01
1.527997645685526784e+01
1.543512033347990275e+01
1.558919209602000144e+01
1.574213422307465571e+01
1.589388919324295912e+01
1.604439948512399283e+01
1.619368254367066484e+01
1.634160588112825252e+01
1.648814945927274067e+01
1.663333072305704974e+01
1.677705466790334654e+01
1.691926377241073354e+01
1.705993799835519553e+01
1.719905730751274220e+01
1.733652669530554391e+01
1.747232612350959968e+01
1.760643555390090853e+01
1.773872249872473716e+01
1.786920440293400247e+01
1.799778626195087483e+01
1.812444803755134615e+01
1.824909472515760456e+01
1.837170628654565618e+01
1.849226268349148228e+01
1.861070639459417819e+01
1.872694241527592496e+01
1.884098819048962525e+01
1.895274871565746366e+01
1.906224143573234286e+01
1.916937134613644034e+01
1.927408092546884788e+01
1.937635013550556806e+01
1.947612145484568202e+01
1.957337484526518523e+01
1.966797781900935860e+01
1.975994782103110126e+01
1.984918984675259068e+01
1.993572134112673666e+01
2.001948478275263099e+01
2.010042265022935837e+01
2.017843993897909627e+01
2.025359157713166880e+01
2.032578256010924633e+01
2.039495536651091712e+01
2.046112744128959804e+01
2.052424126304437024e+01
2.058427679355123630e+01
2.064113902823237012e+01
2.069488289521759228e+01
2.074545087310599101e+01
2.079278544049665101e+01
2.083683251865902264e+01
2.087762676589778010e+01
2.091513131683416304e+01
2.094934678926628280e+01
2.098023631781536480e+01
2.100780052027954525e+01
2.103204001445695326e+01
2.105299290132262868e+01
2.107062231549778630e+01
2.108500384113437676e+01
2.109606312967672181e+01
2.110387576527675790e+01
2.110844236573262833e+01
2.110972606566554433e+01
2.110780244922746363e+01
2.110259716786268669e+01
2.109414832254626404e+01
2.108245653107631767e+01
2.106752241125099090e+01
2.104930909769148784e+01
2.102792965772667699e+01
2.100330974280086593e+01
2.097548745388910874e+01
2.094453837514333472e+01
2.091038815800786566e+01
2.087314986981156295e+01
2.083274916199873417e+01
2.078929910189824426e+01
2.074280030730821167e+01
2.069321591284986184e+01
2.064069646902897759e+01
2.058516762728985228e+01
2.052674245496135441e+01
2.046538408666470232e+01
2.040113062337493943e+01
2.033402016606710561e+01
2.026409081571623716e+01
2.019130570694355953e+01
2.011577790707792701e+01
2.003743306756365072e+01
1.995634677255269196e+01
1.987259460619698714e+01
1.978613970311776171e+01
1.969709513064388062e+01
1.960549898975037664e+01
1.951138938141229318e+01
1.941476692342776289e+01
1.931570719994873286e+01
1.921428579512714663e+01
1.911050332676115460e+01
1.900439488288691692e+01
1.889598349978514946e+01
1.878528920079772035e+01
1.867233200926647640e+01
1.855713194853327153e+01
1.843978400829378828e+01
1.832038317824369500e+01
1.819902444807866004e+01
1.807580280749437307e+01
1.795085072936340609e+01
1.782418823702761657e+01
1.769594780335959427e+01
1.756611196852427881e+01
1.743470075586352408e+01
1.730165922236536957e+01
1.716704487454857997e+01
1.703076528622428043e+01
1.689284048073432132e+01
1.675332796459746731e+01
1.661221027797867222e+01
1.646969486010433670e+01
1.632580173431630399e+01
1.618066337348717454e+01
1.603437476731261668e+01
1.588706838866521132e+01
1.573880174406372667e+01
1.558963234002692566e+01
1.543961768307357474e+01
1.528881527972244392e+01
1.513724515331537290e+01
1.498500229354805313e+01
1.483210672376232431e+01
1.467861595047696355e+01
1.452458748021073198e+01
1.437015378583620873e+01
1.421537237387216557e+01
1.406033823401427085e+01
1.390514635595820891e+01
1.374989172939963922e+01
1.359459437768042989e+01
1.343938677367316004e+01
1.328421397436586560e+01
1.312917096945421846e+01
1.297427778228007611e+01
1.281951695300838523e+01
1.266502095451172849e+01
1.251073484377814005e+01
1.235679109368020434e+01
1.220335966026741836e+01
1.205053553323545223e+01
1.189844483412567477e+01
1.174711331280075832e+01
1.159671030049979557e+01
1.144729267893115043e+01
1.129887984662627787e+01
1.115149120211662748e+01
1.100518362711057030e+01
1.085997652013955772e+01
1.071588927973504113e+01
1.057297878760538445e+01
1.043126444228204619e+01
1.029080312547338849e+01
1.015157675253395020e+01
1.001367968834900957e+01
9.877131331450026863e+00
9.741951080368441040e+00
9.608195816812626688e+00
9.475922422490945962e+00
9.345150295934853801e+00
9.215936318852712361e+00
9.088299889775974805e+00
8.962335373589915832e+00
8.838062168825988607e+00
8.715537157192558837e+00
8.594817220397990454e+00
8.475921756973733068e+00
8.358870165451245171e+00
8.243756810715801464e+00
8.130601091298851557e+00
8.019422405731852166e+00
7.910315118900075326e+00
7.803261146158067874e+00
7.698317369214193739e+00
7.595540669776812415e+00
7.494950446377382391e+00
7.396566097547354168e+00
7.300407021818183573e+00
7.206567584075146193e+00
7.115067182849693417e+00
7.025887733496370302e+00
6.939123600900450661e+00
6.854794183593387658e+00
6.772956363283544334e+00
6.693629538502378296e+00
6.616870590958249920e+00
6.542698919182615036e+00
6.471171404883836686e+00
6.402269963416458154e+00
6.336088959665755915e+00
6.272610308986272365e+00
6.211812652270147339e+00
6.153773982090641859e+00
6.098494050204786632e+00
6.045972608369617696e+00
5.996171925165260319e+00
5.949129235525659531e+00
5.904844291207846929e+00
5.863316843968861214e+00
5.824584128742643863e+00
5.788608414109321032e+00
5.755426935002835975e+00
5.724964476826404081e+00
5.697295757690882034e+00
5.672420529353299656e+00
5.650263577216876776e+00
5.630899619392462085e+00
5.614253441283275414e+00
5.600362277823260904e+00
5.589225880769450150e+00
5.580769035525059429e+00
5.575066460200944540e+00
5.572042940200318206e+00
5.571698227280217353e+00
5.574069556374584344e+00
5.579081712886633682e+00
5.586734448573401401e+00
5.597027515191924429e+00
5.609960664499229921e+00
5.625496165075452026e+00
5.643596285500708021e+00
5.664260777532036606e+00
5.687489392926471155e+00
5.713244400264136047e+00
5.741488068125156552e+00
5.772182665089657938e+00
5.805327942914673578e+00
5.840886170180328740e+00
5.878819615466749582e+00
5.919090547354058707e+00
5.961698717599290376e+00
6.006568911605662642e+00
6.053700881130207101e+00
6.103056894753050798e+00
6.154599221054316338e+00
6.208290128614129877e+00
6.264091886012614907e+00
6.321966761829898473e+00
6.381877024646104068e+00
6.443747459864444416e+00
6.507540336065048336e+00
6.573258407431415762e+00
6.640841471499100201e+00
6.710269811407035156e+00
6.781523710294152352e+00
6.854508484945560198e+00
6.929279384854011958e+00
7.005741726804620484e+00
7.083913277113227380e+00
7.163699352564941059e+00
7.245117719475604900e+00
7.328111177807242527e+00
7.412622527521873117e+00
7.498632051758429284e+00
7.586120033655840089e+00
7.674991789999222824e+00
7.765265087104412878e+00
7.856845241756524878e+00
7.949712537094491438e+00
8.043847256257242506e+00
8.139117232852980166e+00
8.235577716374455903e+00
8.333134023606781682e+00
8.431728954511978458e+00
8.531342792228979732e+00
8.631918336719802909e+00
8.733360904769565281e+00
8.835650779517195019e+00
8.938768244101622074e+00
9.042618615307965513e+00
9.147144693098237411e+00
9.252289277434467607e+00
9.358032651455582496e+00
9.464280131946695818e+00
9.571012002046739298e+00
9.678096095363914131e+00
9.785550178214062811e+00
9.893279567382291972e+00
1.000122706283063323e+01
1.010933546452110221e+01
1.021754757241571987e+01
1.032576870329959995e+01
1.043397914031167240e+01
1.054212168341395994e+01
1.065006416621466556e+01
1.075778687185271920e+01
1.086523260029014182e+01
1.097234415148895970e+01
1.107898935905736870e+01
1.118518598931121488e+01
1.129080187585869588e+01
1.139582335473650687e+01
1.150018600721856110e+01
1.160383146747652994e+01
1.170681381921281528e+01
1.180899973024526695e+01
1.191044328427629040e+01
1.201101114912374079e+01
1.211079489166692547e+01
1.220966117972370135e+01
1.230762661381955603e+01
1.240463282812616796e+01
1.250065893999211397e+01
1.259568406676597974e+01
1.268968732579634739e+01
1.278257286807798110e+01
1.287435729413637198e+01
1.296498223814319140e+01
1.305442681744702149e+01
1.314263266621953719e+01
1.322957890180932239e+01
1.331520715838804314e+01
1.339953403648120123e+01
1.348246368708354836e+01
1.356401271072058812e+01
1.364412274156398119e+01
1.372277289696232039e+01
1.379990481108727707e+01
1.387553508446433526e+01
1.394960535126517875e+01
1.402209472883838082e+01
1.409294485135561992e+01
1.416217231934238718e+01
1.422964380061653422e+01
1.429541337888046293e+01
1.435942268830584290e+01
1.442165084624126870e+01
1.448200200368148849e+01
1.454053024432891483e+01
1.459713971917830300e+01
1.465180954557823867e+01
1.470455632405421831e+01
1.475532168877790795e+01
1.480404727392098430e+01
1.485074968000893847e+01
1.489533305803653285e+01
1.493785149170616755e+01
1.497820913201261028e+01
1.501642257948135040e+01
1.505239598510715204e+01
1.508614594941550280e+01
1.511769209330005026e+01
1.514695366959628053e+01
1.517396540103856672e+01
1.519876201036127661e+01
1.522130325394496175e+01
1.524158637134708449e+01
1.525960860212510184e+01
1.527544215219029766e+01
1.528897181156939311e+01
1.530030726935058460e+01
1.530937079873751472e+01
1.531615963928763691e+01
1.532070851373532783e+01
1.532305214481495348e+01
1.532311280573015111e+01
1.532092521921529915e+01
1.531652410800476005e+01
1.530990671165599437e+01
1.530107026972646622e+01
1.529004950495054338e+01
1.527680417370877208e+01
1.526136899873553077e+01
1.524374121958826933e+01
1.522395555900136443e+01
1.520204673970918563e+01
1.517797451809228093e+01
1.515181110006193421e+01
1.512351624199868816e+01
1.509308718346000866e+01
1.506063361353408325e+01
1.502604032224764197e+01
1.498941699868887589e+01
1.495076088241524204e+01
1.491003172980729197e+01
1.486730174677630956e+01
1.482256817287974648e+01
1.477590321402889018e+01
1.472726662660429042e+01
1.467673061651721866e+01
1.462432990650205333e+01
1.457006173611625321e+01
1.451399831127109330e+01
1.445617435470094492e+01
1.439654962278636319e+01
1.433519632143862310e+01
1.427214917339209777e+01
1.420740541820424241e+01
1.414103726178633735e+01
1.407300446051893950e+01
1.400341670349022927e+01
1.393223103021989928e+01
1.385958102866873176e+01
1.378541015405210324e+01
1.370973682793919579e+01
1.363265443825302192e+01
1.355414392338586715e+01
1.347422370490692067e+01
1.339294968756228066e+01
1.331030280974423263e+01
1.322633897619887300e+01
1.314107660849539627e+01
1.305453412820299341e+01
1.296672995689085361e+01
1.287771999930507683e+01
1.278756016019176833e+01
1.269623137794320300e+01
1.260386452365930410e+01
1.251040305255544816e+01
1.241597783573154601e+01
1.232056981157988673e+01
1.222423488484656851e+01
1.212702896027769128e+01
1.202897045944244958e+01
1.193011528708693447e+01
1.183044438160344036e+01
1.173005113091497087e+01
1.162895395659071340e+01
1.152717128019986781e+01
1.142479648966543770e+01
1.132184800655661938e+01
1.121838173561950924e+01
1.111441609842330003e+01
1.101000699971409347e+01
1.090524782741489673e+01
1.080011951991799712e+01
1.069471546514639826e+01
1.058905408466929643e+01
1.048322876640970058e+01
1.037722044875989091e+01
1.027116000281979069e+01
1.016499088380476579e+01
1.005888144599165557e+01
9.952775144595822354e+00
9.846802850717189415e+00
9.740945502748036944e+00
9.635296488611382770e+00
9.529874229876410752e+00
9.424734631289220843e+00
9.319971080772829097e+00
9.215639483073331917e+00
9.111752844786236594e+00
9.008377478966121288e+00
8.905499317340062504e+00
8.803254224342770939e+00
8.701553165347503338e+00
8.600494521612061405e+00
8.500101708040428861e+00
8.400323173182774994e+00
8.301257298296896181e+00
8.202927498286781471e+00
8.105319704879498488e+00
8.008457332979041610e+00
7.912401280666293779e+00
7.817137479668336830e+00
7.722726828066062588e+00
7.629192740763451219e+00
7.536558632664492663e+00
7.444810435496255430e+00
7.354046530516543889e+00
7.264290332629347979e+00
7.175490290384826331e+00
7.087782268217691417e+00
7.001114714678110751e+00
6.915548527846979709e+00
6.831107122628276684e+00
6.747851397102898829e+00
6.665729799821010992e+00
6.584840712040412214e+00
6.505170065488183440e+00
6.426778758245213830e+00
6.349615238861670008e+00
6.273777888595354568e+00
6.199252639173337798e+00
6.126062905499610522e+00
6.054269585655063679e+00
5.983896094543678323e+00
5.914965847069441729e+00
5.847502258136336728e+00
5.781528742648346153e+00
5.717106198686367158e+00
5.654220557977472694e+00
5.592932718602552811e+00
5.533228612288684900e+00
5.475131653939852683e+00
5.418702741636947984e+00
5.363890323930139203e+00
5.310792782077226271e+00
5.259396047805283914e+00
5.209723536018294965e+00
5.161798661620247586e+00
5.115642106078694518e+00
5.071263617115480571e+00
5.028632725839115025e+00
4.987793929711922480e+00
4.948754243019322985e+00
4.911520680046733034e+00
4.876025288725749363e+00
4.842350049695609115e+00
4.810427010887908139e+00
4.780300669764976362e+00
4.751940557435322177e+00
4.725391171361270182e+00
4.700622042651327881e+00
4.677640185590912658e+00
4.656415131288532905e+00
4.636991377206512333e+00
4.619338454453365550e+00
4.603463377314503724e+00
4.589373160075344238e+00
4.577037333844399036e+00
4.566462912907080174e+00
4.557656911548807699e+00
4.550551377701179234e+00
4.545228292003430148e+00
4.541619702387158952e+00
4.539732623137784806e+00
4.539536585363813437e+00
4.541038603350659564e+00
4.544208208206834243e+00
4.549052414217754858e+00
4.555578235668836129e+00
4.563755203668587335e+00
4.573552849325513314e+00
4.584940703748126012e+00
4.597963264398749139e+00
4.612552579208981207e+00
4.628678179287328831e+00
4.646384562096121940e+00
4.665641258743863595e+00
4.686380317162154974e+00
4.708608751636411682e+00
4.732296093275142113e+00
4.757411873186851103e+00
4.783963105656960479e+00
4.811919321793973303e+00
4.841250052706398854e+00
4.871924829502745524e+00
4.903913183291519928e+00
4.937222128358138562e+00
4.971783712634199937e+00
5.007607211336394748e+00
5.044635977052688958e+00
5.082890589656144265e+00
5.122354145842909823e+00
5.162972259132223130e+00
5.204765509397150325e+00
5.247716993333836122e+00
5.291734841284615243e+00
5.336877116299453938e+00
5.383126915074504026e+00
5.430392367952096677e+00
5.478694054805289149e+00
5.528015072330235924e+00
5.578301034046173612e+00
5.629572519826163912e+00
5.681775143189446986e+00
5.734854517655262995e+00
5.788868706273580855e+00
5.843688356209824519e+00
5.899371530513958461e+00
5.955826359528318292e+00
6.013073423125961270e+00
6.071020851649218564e+00
6.129726708148059977e+00
6.189061639787906799e+00
6.249083709618727944e+00
6.309701047982854583e+00
6.370859268399526876e+00
6.432616433918713739e+00
6.494843191705836460e+00
6.557597604810865732e+00
6.620750320399221955e+00
6.684321918343964164e+00
6.748258012164334296e+00
6.812541698556480618e+00
6.877081107862734299e+00
6.941896819956157039e+00
7.006934448355986333e+00
7.072139606581464122e+00
7.137495391328740446e+00
7.202909932940146476e+00
7.268403811288740357e+00
7.333922639893764917e+00
7.399374549097550435e+00
7.464780118773152395e+00
7.530084962439818064e+00
7.595197210439872393e+00
7.660137442646377082e+00
7.724813789401664188e+00
7.789209347401881978e+00
7.853274360306388147e+00
7.916977592335014080e+00
7.980329921024608808e+00
8.043267257558214922e+00
8.105837962649591333e+00
8.167940464304864534e+00
8.229623123237802318e+00
8.290859333808349163e+00
8.351585007199538779e+00
8.411811020948226414e+00
8.471510769414356545e+00
8.530695130134789750e+00
8.589300014292554408e+00
8.647298816247600328e+00
8.704739896713691749e+00
8.761559166873862381e+00
8.817730021088054926e+00
8.873225853716222744e+00
8.928057542295212201e+00
8.982160998008065889e+00
9.035547098391633725e+00
9.088226720982770956e+00
9.140098293787609407e+00
9.191172694342998994e+00
9.241423317008884197e+00
9.290861039322122039e+00
9.339459255642656998e+00
9.387153877153524562e+00
9.433955781391581752e+00
9.479838362716769495e+00
9.524775015489039376e+00
9.568776617245237759e+00
9.611741595991500020e+00
9.653718312441585070e+00
9.694680160955439163e+00
9.734563052716097786e+00
9.773340382083507194e+00
9.811060509771431626e+00
9.847621863785995799e+00
9.883072804840965730e+00
9.917349244119373353e+00
9.950462059158081018e+00
9.982347161140118885e+00
1.001305291077925297e+01
1.004247773608160799e+01
1.007063251458404096e+01
1.009752812382340359e+01
1.012313795815964568e+01
1.014739792877580271e+01
1.017031891320872461e+01
1.019187676409972809e+01
1.021205716721560464e+01
1.023088574978142162e+01
1.024835065584533922e+01
1.026440254627860682e+01
1.027910453148319903e+01
1.029244475550728133e+01
1.030437387922209780e+01
1.031495501302963014e+01
1.032413881780112597e+01
1.033195092076165622e+01
1.033837946595937751e+01
1.034345008061935900e+01
1.034715090878975907e+01
1.034947009451873967e+01
1.035039578185445741e+01
1.034999108119889222e+01
1.034820665342329171e+01
1.034503064257581784e+01
1.034052615905844519e+01
1.033460638056551950e+01
1.032737190067592081e+01
1.031877338026090207e+01
1.030879896336862700e+01
1.029751176040106841e+01
1.028489991540638826e+01
1.027095157243274137e+01
1.025572984188211301e+01
1.023918538462574901e+01
1.022134382788871676e+01
1.020223079889608719e+01
1.018187192487292592e+01
1.016021786669048765e+01
1.013733173475074700e+01
1.011316418992495691e+01
1.008777834261509021e+01
1.006116233686930883e+01
1.003330431673577294e+01
1.000426739261646425e+01
9.974039708559534034e+00
9.942646891790056785e+00
9.910077086356189113e+00
9.876355919483001955e+00
9.841509018395560915e+00
9.805524527142027935e+00
9.768465556124381166e+00
9.730320249390778997e+00
9.691114234166292363e+00
9.650873137675986868e+00
9.609585103968022679e+00
9.567311531397280078e+00
9.524032003776419231e+00
9.479724392871009542e+00
9.434479019977342062e+00
9.388236273684070099e+00
9.341048992110575711e+00
9.292895047022426525e+00
9.243789793362093832e+00
9.193748586072050699e+00
9.142824263271684515e+00
9.091069663080373786e+00
9.038425174086778924e+00
8.984943634410276658e+00
8.930677882170256154e+00
8.875643272309190479e+00
8.819817676592636602e+00
8.763216449963076471e+00
8.705892430539893923e+00
8.647823490088645926e+00
8.589099949905632414e+00
8.529624715402592372e+00
8.469525591052734725e+00
8.408780448621619996e+00
8.347404643051724804e+00
8.285451012462425879e+00
8.222972394973114163e+00
8.159909179172441185e+00
8.096351686356699773e+00
8.032315271468364770e+00
7.967777806272998475e+00
7.902829612066897269e+00
7.837448560615621673e+00
7.771687490038557300e+00
7.705561755278178104e+00
7.639049228100048161e+00
7.572240229800459410e+00
7.505187598498796575e+00
7.437831722783713850e+00
7.370262923951503176e+00
7.302534040121548387e+00
7.234660426236326103e+00
7.166657437238309392e+00
7.098577911246879424e+00
7.030474686381420035e+00
6.962325634407497965e+00
6.894146110267582728e+00
6.826063918434882360e+00
6.758019447498047505e+00
6.690065535576463773e+00
6.622217537612604232e+00
6.554561989113050657e+00
6.487095316071722628e+00
6.419810158692831337e+00
6.352699157180579093e+00
6.285829918092998625e+00
6.219195081634296685e+00
6.152824771185591679e+00
6.086674143774181367e+00
6.020810805958094036e+00
5.955264881118448983e+00
5.889991526282542189e+00
5.825058348008402831e+00
5.760457986500242100e+00
5.696220565139172187e+00
5.632338724129405172e+00
5.568805103675148693e+00
5.505724793511340032e+00
5.443015467488369730e+00
5.380707248987353530e+00
5.318867744566319722e+00
5.257452111252566951e+00
5.196527955604123505e+00
5.136087917825199689e+00
5.076162121296909469e+00
5.016780689400373028e+00
4.957973745516708775e+00
4.899771413027035116e+00
4.842128848958649812e+00
4.785113659869580260e+00
4.728755969140944870e+00
4.673010933800044064e+00
4.617946160404900802e+00
4.563554289159728050e+00
4.509827960268733449e+00
4.456834780289944398e+00
4.404567389427568536e+00
4.353018427885813502e+00
4.302255502222707584e+00
4.252233769465552093e+00
4.203058319349281646e+00
4.154684308901195777e+00
4.107141861502410229e+00
4.060423617357137971e+00
4.014597183023404625e+00
3.969655198705416499e+00
3.925552821430474015e+00
3.882395140933516675e+00
3.840137314241839572e+00
3.798809464736562003e+00
3.758479198975711810e+00
3.719062013894375518e+00
3.680652114650975637e+00
3.643266563134812230e+00
3.606809971704456164e+00
3.571411851779938473e+00
3.536976815719830025e+00
3.503521925413430882e+00
3.471101725926950987e+00
3.439658312795871087e+00
3.409246231086401568e+00
3.379807576334024954e+00
3.351359410428039975e+00
3.323918795257746694e+00
3.297465309535537514e+00
3.272016015150711166e+00
3.247587973992568600e+00
3.224160764773500887e+00
3.201713966205899542e+00
3.180264640179063296e+00
3.159792365405383219e+00
3.140351686951070587e+00
3.121884700351604369e+00
3.104445950673196730e+00
3.087977533451327083e+00
3.072496510575297712e+00
3.057982460757498799e+00
3.044489929064137623e+00
3.031923527853789047e+00
3.020375285369572005e+00
3.009787297146966356e+00
3.000139141898363171e+00
2.991447881513063844e+00
2.983730577880367552e+00
2.976929326535756370e+00
2.971061189368529920e+00
2.966143228267987375e+00
2.962155021946523359e+00
2.959076149116524057e+00
2.956923671667292641e+00
2.955677168311219294e+00
2.955316217760694641e+00
2.955857881905017859e+00
2.957244256279671468e+00
2.959529885950865413e+00
2.962656866454079552e+00
2.966642259678615723e+00
2.971428161159953785e+00
2.977069115964304569e+00
2.983507219627148377e+00
2.990722050860876280e+00
2.998731830209750981e+00
3.007521929660978532e+00
3.017078879856728069e+00
3.027389211439167394e+00
3.038476938227376856e+00
3.050291107686612602e+00
3.062855733635953648e+00
3.076119863540660138e+00
3.090130001125955150e+00
3.104838942174788396e+00
3.120240713964711254e+00
3.136329343773274214e+00
3.153091362242644635e+00
3.170513300014992542e+00
3.188589184367867535e+00
3.207305545943439640e+00
3.226645167066184428e+00
3.246602075013653277e+00
3.267159052110324424e+00
3.288302628998366117e+00
3.310019336319946603e+00
3.332288208081853220e+00
3.355095774926254215e+00
3.378428567495317392e+00
3.402269368113521431e+00
3.426604707423034579e+00
3.451413619430643287e+00
3.476678886460824902e+00
3.502383290838058105e+00
3.528509614886819357e+00
3.555036892613896438e+00
3.581951654661455819e+00
3.609232935036287060e+00
3.636856019427483933e+00
3.664807438477215573e+00
3.693062477874576643e+00
3.721600171626355369e+00
3.750403302057028654e+00
3.779447154855691604e+00
3.808710764029131557e+00
3.838176911901826305e+00
3.867813387527488711e+00
3.897602973230597012e+00
3.927517206382554971e+00
3.957542617625532611e+00
3.987646996013242351e+00
4.017809375552471529e+00
4.048001293614626128e+00
4.078205532524180832e+00
4.108389881334850280e+00
4.138536331357738796e+00
4.168634954803521531e+00
4.198675032869501500e+00
4.228649595070671730e+00
4.258547922604333458e+00
4.288363044985479711e+00
4.318084243411414391e+00
4.347700799079436962e+00
4.377205741504543113e+00
4.406588351884033194e+00
4.435837911415208445e+00
4.464939952977683646e+00
4.493891254404137392e+00
4.522677348574187128e+00
4.551287516685127876e+00
4.579711039934267092e+00
4.607937199518905125e+00
4.635955276636343214e+00
4.663750804166193475e+00
4.691313063305758035e+00
4.718612593663883636e+00
4.745683656250164972e+00
4.772481797402682524e+00
4.798973808412595687e+00
4.825163963747968410e+00
4.851094021053778071e+00
4.876655805267359867e+00
4.901891074033690288e+00
4.926804101820835946e+00
4.951361679919950909e+00
4.975530599622192796e+00
4.999315135395628218e+00
5.022682078531412131e+00
5.045673186674520139e+00
5.068217767939200868e+00
5.090320096793516491e+00
5.111984447705537171e+00
5.133177611966416087e+00
5.153903864044218963e+00
5.174129995230105195e+00
5.193860279992138729e+00
5.213024026444565528e+00
5.231700475409271966e+00
5.249818935000503117e+00
5.267346196509417489e+00
5.284324017580988020e+00
5.300719189506374107e+00
5.316498503576728929e+00
5.331666234260119985e+00
5.346189172847703119e+00
5.360073451785783760e+00
5.373295152256702956e+00
5.385907179774865661e+00
5.397812507147033756e+00
5.409101523064519412e+00
5.419714683510996167e+00
5.429704894000863646e+00
5.439012610517798940e+00
5.447653255399289129e+00
5.455642250982831065e+00
5.462995019605913605e+00
5.469652017252211174e+00
5.475666149436126062e+00
5.481052838495148904e+00
5.485715057236046022e+00
5.489743194350125144e+00
5.493115188997972353e+00
5.495808980340167516e+00
5.497839990714203928e+00
5.499223642457574890e+00
5.499937874730861154e+00
5.499998109871556018e+00
5.499419770217151893e+00
5.498143311751321427e+00
5.496221639988466023e+00
5.493632694089169988e+00
5.490429379567832946e+00
5.486552152408129324e+00
5.482016434947550643e+00
5.476875132700500082e+00
5.471031218473738633e+00
5.464575080958580244e+00
5.457484659315605668e+00
5.449775375882309092e+00
5.441387686642363164e+00
5.432374497110167511e+00
5.422751229623215430e+00
5.412495823342091228e+00
5.401623700604285538e+00
5.390150283747290771e+00
5.378053511931691233e+00
5.365348807494976668e+00
5.352051592774641264e+00
5.338177290108176543e+00
5.323741321833074913e+00
5.308721627109918906e+00
5.293133628276200042e+00
5.276955264492501740e+00
5.260239441273226291e+00
5.242964097778955335e+00
5.225143955693617670e+00
5.206753450909962666e+00
5.187878768197911050e+00
5.168418676442830595e+00
5.148459360414634922e+00
5.127974555352515118e+00
5.106975479672568596e+00
5.085473351790890995e+00
5.063479390123579726e+00
5.040967329909824990e+00
5.017948389565722422e+00
4.994471270684277542e+00
4.970509708504680546e+00
4.946074921443028849e+00
4.921178127915419864e+00
4.895793063161039349e+00
4.870005911949805366e+00
4.843752926343998233e+00
4.817120291113530683e+00
4.790044258320683035e+00
4.762573529558462582e+00
4.734681840066056857e+00
4.706455374613382148e+00
4.677867868439625987e+00
4.648893056783978572e+00
4.619579641239443646e+00
4.589938840222121286e+00
4.559981872148107129e+00
4.529682472256589598e+00
4.499089342140576875e+00
4.468213700216164597e+00
4.437104248076361834e+00
4.405697237783444464e+00
4.374041370930422445e+00
4.342147865933391415e+00
4.310027941208447899e+00
4.277730298348599192e+00
4.245228672593037267e+00
4.212571765534764090e+00
4.179733312412968971e+00
4.146762014820660980e+00
4.113669091173935755e+00
4.080465759888890709e+00
4.047163239381624145e+00
4.013772748068233476e+00
3.980305504364815672e+00
3.946810209864378471e+00
3.913260599806108075e+00
3.879705375783013999e+00
3.846118273034282442e+00
3.812545775976365903e+00
3.778988017142586031e+00
3.745480395066618673e+00
3.712020825105231570e+00
3.678569739438280806e+00
3.645162536599443115e+00
3.611834615122394343e+00
3.578583890363900455e+00
3.545408277680730968e+00
3.512268209252738416e+00
3.479236566790511631e+00
3.446311265650817024e+00
3.413452738013510235e+00
3.380696382412268441e+00
3.348040114203858053e+00
3.315519331921954915e+00
3.283094467746416445e+00
3.250838403387829700e+00
3.218674087849139553e+00
3.186711886017843831e+00
3.154912230073799062e+00
3.123273035373769879e+00
3.091792217274524912e+00
3.060505174309739562e+00
3.029409821836181571e+00
2.998541558387525452e+00
2.967860816143628178e+00
2.937365510461258378e+00
2.907166006227910771e+00
2.877147769269620792e+00
2.847421164473887156e+00
2.817946624020566837e+00
2.788722063266423579e+00
2.759820363922045328e+00
2.731201958167288613e+00
2.702864761358919843e+00
2.674881655207525633e+00
2.647213071892962066e+00
2.619894409948905878e+00
2.592886101555214040e+00
2.566261028422473167e+00
2.539979622730538011e+00
2.514077283013086639e+00
2.488589407803795783e+00
2.463476429282521085e+00
2.438736262806028510e+00
2.414441790084906891e+00
2.390590926475920419e+00
2.367144104158926954e+00
2.344136721667601453e+00
2.321602645987267177e+00
2.299532134732913402e+00
2.277913913971175930e+00
2.256736709768691451e+00
2.236064214545914641e+00
2.215810188015661986e+00
2.196038322598387271e+00
2.176737344360727633e+00
2.157895979369318429e+00
2.139540436867705342e+00
2.121621959745613406e+00
2.104166757246588304e+00
2.087163555437267615e+00
2.070638563561193912e+00
2.054580507685003887e+00
2.039015597052244111e+00
2.023895074552640061e+00
2.009245149429735200e+00
1.995092030927078097e+00
1.981386961934393343e+00
1.968193634872135167e+00
1.955440802723883875e+00
1.943180912957023887e+00
1.931395195002806320e+00
1.920079871563250551e+00
1.909238661975754647e+00
1.898867788942337764e+00
1.888967223482707514e+00
1.879533188298881941e+00
1.870569402728260222e+00
1.862075837790551747e+00
1.854044967870082772e+00
1.846484260621943374e+00
1.839389938748151820e+00
1.832761973268416611e+00
1.826592838567064225e+00
1.820878757346112264e+00
1.815623448942960794e+00
1.810819387741935627e+00
1.806466544762745929e+00
1.802557394389718404e+00
1.799091907642561550e+00
1.796070055540983867e+00
1.793488060787003180e+00
1.791342146082636866e+00
1.789628534129903192e+00
1.788343447630819094e+00
1.787490605922784415e+00
1.787058735072434068e+00
1.787047806099477887e+00
1.787446910402931133e+00
1.788254097346709592e+00
1.789471529944800743e+00
1.791090126258118254e+00
1.793108300982959369e+00
1.795520720497928435e+00
1.798329547817012708e+00
1.801525701001126301e+00
1.805103846428875114e+00
1.809066147114244627e+00
1.813403521118150952e+00
1.818114383136889334e+00
1.823189651231374553e+00
1.828631488415592532e+00
1.834427064432767152e+00
1.840574793979194768e+00
1.847069343433480171e+00
1.853901630856538141e+00
1.861066322626973690e+00
1.868561833441082065e+00
1.876375333042087368e+00
1.884501487808595055e+00
1.892931215801518352e+00
1.901662931717154059e+00
1.910687553616416068e+00
1.919992251242527592e+00
1.929575439291785210e+00
1.939424287507412359e+00
1.949537210585703617e+00
1.959897629952193077e+00
1.970503960303175539e+00
1.981347119699566228e+00
1.992414277884587248e+00
2.003703849554535843e+00
2.015195507817252540e+00
2.026887667369034141e+00
2.038767497953102747e+00
2.050822169312683130e+00
2.063046347826378746e+00
2.075427203237414364e+00
2.087955653606703432e+00
2.100618868677468942e+00
2.113404018192933886e+00
2.126302020214013933e+00
2.139303792801621640e+00
2.152392757381289545e+00
2.165559832013932873e+00
2.178795934760464625e+00
2.192080738728726441e+00
2.205408910297323999e+00
2.218769225405270884e+00
2.232149388139366142e+00
2.245553702052960787e+00
2.258978974064026701e+00
2.272418262772842645e+00
2.285864626779690489e+00
2.299322369637920804e+00
2.312780801630123673e+00
2.326236729674270531e+00
2.339686960688330153e+00
2.353128301590275306e+00
2.366553810980385197e+00
2.379960295776629930e+00
2.393340814579290488e+00
2.406688425988646518e+00
2.419999936922668127e+00
2.433272154299326306e+00
2.446494388401211140e+00
2.459663446146291843e+00
2.472772386134848510e+00
2.485818015284853022e+00
2.498789643878893685e+00
2.511687827152631503e+00
2.524498127070965214e+00
2.537217350551865813e+00
2.549842304513303404e+00
2.562362299237868069e+00
2.574770393325838125e+00
2.587059645377493666e+00
2.599223113993116119e+00
2.611253857772983800e+00
2.623148683635067258e+00
2.634893153544266564e+00
2.646487822736240947e+00
2.657918253175889145e+00
2.669177503463491696e+00
2.680262380517018705e+00
2.691165942936749822e+00
2.701873752687583785e+00
2.712386365005182043e+00
2.722689341854442446e+00
2.732779490153335544e+00
2.742642371866759632e+00
2.752278542230376157e+00
2.761673563209083415e+00
2.770816745085469712e+00
2.779708643095196940e+00
2.788334819203163839e+00
2.796688332009649613e+00
2.804762240114933469e+00
2.812547088139849549e+00
2.820042106375894697e+00
2.827244011135121138e+00
2.834153267047270219e+00
2.840774087059775521e+00
2.847095690849307470e+00
2.853126039680987880e+00
2.858861849866869864e+00
2.864303586036694327e+00
2.869444216184822150e+00
2.874287953258686912e+00
2.878835261888029518e+00
2.883082858384901748e+00
2.887027459061355383e+00
2.890669528547131772e+00
2.894009531471973595e+00
2.897044184147931745e+00
2.899777699522439800e+00
2.902203045589857311e+00
2.904328183615308756e+00
2.906146081593154129e+00
2.907664700788518797e+00
2.908877009195761421e+00
2.909787219762315580e+00
2.910392048800232612e+00
2.910691960939254308e+00
2.910691169126814692e+00
2.910382641357273759e+00
2.909770590578063754e+00
2.908851733101236459e+00
2.907626533556534110e+00
2.906095456573699387e+00
2.904262715100164538e+00
2.902125025447981344e+00
2.899682852246891152e+00
2.896940408444327986e+00
2.893894410352342739e+00
2.890549070918368546e+00
2.886901106454456745e+00
2.882958478225731813e+00
2.878710405908862402e+00
2.874168599086663001e+00
2.869326025753494935e+00
2.864186898856790897e+00
2.858751683026293566e+00
2.853020842891744291e+00
2.846998591400577094e+00
2.840685393182533769e+00
2.834085461185046562e+00
2.827199260037859485e+00
2.820030873175653152e+00
2.812580117664414292e+00
2.804850429375068899e+00
2.796841495860851623e+00
2.788556752992689791e+00
2.779999636641508065e+00
2.771166086042851973e+00
2.762059537067646620e+00
2.752683425586818444e+00
2.743041187471294329e+00
2.733136258591999379e+00
2.722972074819859589e+00
2.712544575390419599e+00
2.701868441127678544e+00
2.690939611267180620e+00
2.679761521679850933e+00
2.668341356554307708e+00
2.656682551761476940e+00
2.644788543172284179e+00
2.632666514975347205e+00
2.620316154723900226e+00
2.607744646606561023e+00
2.594959174811946490e+00
2.581959426893292164e+00
2.568748838721523153e+00
2.555338342802948581e+00
2.541723878373111312e+00
2.527916377938322245e+00
2.513919277369504268e+00
2.499736012537584262e+00
2.485373767631180897e+00
2.470839726838909289e+00
2.456137326031695878e+00
2.441281246033542018e+00
2.426271174397680142e+00
2.411121791948109383e+00
2.395832786238067058e+00
2.380418838091550082e+00
2.364875886744103983e+00
2.349222361337417908e+00
2.333454201107036052e+00
2.317582338559267541e+00
2.301617706200419722e+00
2.285559991583725914e+00
2.269416378897806563e+00
2.253201548966659029e+00
2.236922685978900205e+00
2.220583225805455641e+00
2.204194100952635793e+00
2.187762495609055335e+00
2.171298223343315570e+00
2.154799125337806487e+00
2.138269420472591609e+00
2.121713327627734014e+00
2.105123820730225859e+00
2.088508866977821565e+00
2.071868936932893313e+00
2.055204501157814168e+00
2.038519778532648541e+00
2.021818987937460399e+00
2.005102599934621477e+00
1.988382330039579093e+00
1.971662397132395439e+00
1.954939523457754014e+00
1.938225424531099250e+00
1.921516822597113983e+00
1.904825433171243310e+00
1.888147978498170509e+00
1.871492425775648893e+00
1.854862993883742428e+00
1.838256405067133725e+00
1.821680626523576763e+00
1.805143625450827294e+00
1.788642124093566821e+00
1.772191586284932452e+00
1.755792482587296588e+00
1.739445283563031630e+00
1.723165453045275353e+00
1.706949713278709257e+00
1.690806031461088210e+00
1.674734878154784834e+00
1.658747968875245338e+00
1.642845774184842567e+00
1.627032512963639599e+00
1.611312404091701511e+00
1.595693414766781837e+00
1.580183512186636552e+00
1.564779418595946936e+00
1.549500346145540552e+00
1.534343017080100235e+00
1.519319146915071084e+00
1.504432954530516620e+00
1.489696155441883496e+00
1.475109220211543892e+00
1.460676367719561997e+00
1.446409313481382908e+00
1.432308528059381025e+00
1.418381978651310327e+00
1.404633884137233890e+00
1.391072211714907692e+00
1.377696459506716709e+00
1.364517229145860711e+00
1.351525408237097770e+00
1.338726877655948666e+00
1.326123769960244836e+00
1.313710721072433474e+00
1.301493611868037359e+00
1.289470826587195917e+00
1.277640749470047909e+00
1.266009261392115004e+00
1.254570998275846394e+00
1.243331840996762860e+00
1.232286425477313374e+00
1.221444380910710281e+00
1.210796594901710987e+00
1.200348948325837162e+00
1.190103573740919352e+00
1.180055107069406084e+00
1.170205680869127685e+00
1.160557427697915367e+00
1.151108731795907891e+00
1.141865474038626482e+00
1.132822290348520333e+00
1.123985061601110891e+00
1.115352172036537581e+00
1.106929502530322074e+00
1.098711689004912451e+00
1.090708360653521725e+00
1.082910405080906857e+00
1.075327451480280638e+00
1.067950387456401362e+00
1.060785093884788699e+00
1.053826206687892952e+00
1.047079606741234903e+00
1.040543678284954865e+00
1.034213057241500033e+00
1.028097372804083864e+00
1.022187512577463098e+00
1.016489357437160068e+00
1.011005039941005101e+00
1.005729196011446058e+00
1.000663958206313930e+00
9.958114590834399316e-01
9.911663345652717005e-01
9.867344655273307952e-01
9.825067395743751764e-01
9.784890375819258468e-01
9.746759954724322217e-01
9.710697458037237384e-01
9.676724211336317216e-01
9.644786649863194006e-01
9.614868996105025989e-01
9.587030514919946400e-01
9.561218021635347064e-01
9.537415814755544341e-01
9.515683159138668135e-01
9.495929386935199057e-01
9.478213763003271453e-01
9.462445619493379256e-01
9.448646738086731167e-01
9.436763934110734553e-01
9.426856472423518207e-01
9.418833685175568293e-01
9.412679870871195620e-01
9.408416811191621099e-01
9.406028804641148877e-01
9.405425183370271780e-01
9.406665212237121931e-01
9.409695706569094487e-01
9.414500964870499145e-01
9.421065285645645604e-01
9.429335484221934571e-01
9.439295859103672415e-01
9.450968191972082266e-01
9.464224331800740186e-01
9.479123543447774969e-01
9.495612642240590651e-01
9.513638443506582387e-01
9.533185245750062098e-01
9.554237347475335040e-01
9.576704080832895150e-01
9.600607227503962227e-01
9.625893602815930317e-01
9.652547505273111339e-01
9.680478267025998118e-01
9.709670186578893691e-01
9.740107562436112199e-01
9.771737209925051015e-01
9.804543427550022061e-01
9.838435547461510389e-01
9.873397868163827917e-01
9.909414688161284346e-01
9.946395339604368058e-01
9.984324120997388752e-01
1.002314784766774602e+00
1.006277585176593048e+00
1.010322991497315970e+00
1.014441936943992317e+00
1.018629103049362161e+00
1.022879171346165350e+00
1.027187451362171933e+00
1.031551764605271870e+00
1.035970560578386213e+00
1.040442288784434899e+00
1.044969147044028990e+00
1.049542088224707070e+00
1.054163310147080868e+00
1.058827513996379199e+00
1.063533149275522449e+00
1.068282413805122122e+00
1.073066260452716580e+00
1.077883138721226208e+00
1.082735246431261844e+00
1.087613536450362739e+00
1.092520206599139510e+00
1.097449958062821862e+00
1.102401240344329958e+00
1.107368754628893281e+00
1.112354698737122893e+00
1.117346277218866257e+00
1.122349436212426221e+00
1.127355128585340482e+00
1.132361803840529646e+00
1.137364163163222974e+00
1.142364404374031972e+00
1.147349732022804103e+00
1.152322343930150428e+00
1.157276941281299987e+00
1.162211973579174051e+00
1.167118393691310319e+00
1.171994651120628950e+00
1.176839195370050994e+00
1.181642979307114372e+00
1.186404452434739687e+00
1.191122064255846436e+00
1.195786767637974313e+00
1.200393263766351470e+00
1.204943750461590302e+00
1.209425432273537382e+00
1.213840507022804216e+00
1.218179927576929389e+00
1.222442143438833284e+00
1.226618107476054043e+00
1.230706269191512048e+00
1.234705078088127461e+00
1.238601738715747969e+00
1.242398448894985075e+00
1.246086161493376698e+00
1.249659577696152102e+00
1.253117147006232335e+00
1.256450984302051932e+00
1.259661600823325900e+00
1.262754418138355428e+00
1.265731109497752804e+00
1.268589599834436754e+00
1.271331562399019344e+00
1.273962418759802429e+00
1.276480093849706288e+00
1.278890009237032999e+00
1.281190089854702396e+00
1.283385757271017003e+00
1.285474936418896652e+00
1.287459300548952745e+00
1.289344271229487360e+00
1.291127773393420552e+00
1.292811480291363280e+00
1.294397065173926720e+00
1.295889949609413394e+00
1.297284310213052239e+00
1.298589316870836008e+00
1.299799146197994082e+00
1.300919219762828760e+00
1.301951210815951221e+00
1.302893044290281077e+00
1.303750141754121072e+00
1.304524176458081941e+00
1.305213073335083962e+00
1.305818505635738092e+00
1.306345894928346851e+00
1.306793166145830076e+00
1.307165740856489844e+00
1.307461543993246433e+00
1.307685997124401700e+00
1.307837025182876367e+00
1.307916301419280725e+00
1.307929247401917738e+00
1.307870039746016122e+00
1.307747848337568852e+00
1.307560598109496208e+00
1.307306213994718469e+00
1.306993865879228611e+00
1.306621478695946914e+00
1.306190725695484778e+00
1.305707028446143392e+00
1.305164563563152358e+00
1.304572500932505097e+00
1.303928765487121888e+00
1.303238778795304142e+00
1.302496717472281240e+00
1.301711751404046602e+00
