# te
1.493571575980305211e+00
1.882902109586408912e+00
1.958319665762692896e+00
1.842270946027052103e+00
1.632315687576558094e+00
1.391090180526347586e+00
1.157262827916678782e+00
9.512618410220403664e-01
7.848751055863943948e-01
6.630176485866249303e-01
5.873803584280450352e-01
5.506776491829066256e-01
5.431342135638083102e-01
5.571539015360631453e-01
5.868148502874824812e-01
6.242022659896904191e-01
6.627397878944638610e-01
7.002954906622445019e-01
7.317386408690433885e-01
7.591732118807241747e-01
7.835471814511668631e-01
8.058207602238043332e-01
8.270052687126491220e-01
8.460552434098913555e-01
8.671192668328243647e-01
8.904571328019600385e-01
9.129875481461591225e-01
9.369070388561611118e-01
9.580785128668996009e-01
9.790858309303902551e-01
9.947591751351919642e-01
1.004773949068516581e+00
1.010734819585655142e+00
1.008553379191658772e+00
1.003420073404464263e+00
9.908911213292441733e-01
9.708038046616067618e-01
9.447226163312800740e-01
9.141284583940123554e-01
8.802379655874372766e-01
8.431769685175098950e-01
8.025971246813758952e-01
7.573404549549291875e-01
7.060952991887324837e-01
6.480042180721886647e-01
5.830895762273129446e-01
5.115843184650464837e-01
4.337588727732398786e-01
3.499537606805654955e-01
2.604699660687902485e-01
1.653483679908657744e-01
6.445889183459251048e-02
-4.276206743636800506e-02
-1.570646311466575851e-01
-2.792960333150853458e-01
-4.093977396047870920e-01
-5.467420274203170782e-01
-6.905561142715880285e-01
-8.398573118778182023e-01
-9.938857994230101411e-01
-1.152953145199473228e+00
-1.317646261411975273e+00
-1.488548311947592850e+00
-1.666272447234930620e+00
-1.851325169634924661e+00
-2.043362829338756015e+00
-2.241826427256897514e+00
-2.446171957570587363e+00
-2.655952870721029146e+00
-2.870900655990833439e+00
-3.091372746721347653e+00
-3.317773423976143388e+00
-3.549967211071290762e+00
-3.787649957026764547e+00
-4.030499480176106708e+00
-4.277851597233371272e+00
-4.529575096926756750e+00
-4.785688700692095843e+00
-5.046286096319042791e+00
-5.311326927227478123e+00
-5.580609491127273003e+00
-5.853985457243069845e+00
-6.131156562091874207e+00
-6.412011958075242823e+00
-6.696236308719546670e+00
-6.983558435119371133e+00
-7.273690085378664349e+00
-7.566380490778295886e+00
-7.861453848952941748e+00
-8.158626715779726979e+00
-8.457784810936090025e+00
-8.758668729164993394e+00
-9.061168997917050660e+00
-9.365026211935225220e+00
-9.670018449139394789e+00
-9.975923787449440638e+00
-1.028252030478524048e+01
-1.058954859588975772e+01
-1.089674925550596285e+01
-1.120386287837682637e+01
-1.151074250877604221e+01
-1.181697880873893602e+01
-1.212238733936230162e+01
-1.242667121221219517e+01
-1.272949605567776388e+01
-1.303063994767888190e+01
-1.332980599978161607e+01
-1.362665984037510825e+01
-1.392097954737923793e+01
-1.421250722004694467e+01
-1.450087852614033679e+01
-1.478591805381604019e+01
-1.506730045852304656e+01
-1.534477536206416737e+01
-1.561809238624220519e+01
-1.588696366968305895e+01
-1.615110135101263111e+01
-1.641029253521064035e+01
-1.666424936090298559e+01
-1.691268396671556573e+01
-1.715538345762809413e+01
-1.739205997226648037e+01
-1.762242564925661625e+01
-1.784626759357822223e+01
-1.806333542703410089e+01
-1.827334128825016180e+01
-1.847607228220611830e+01
-1.867127803070478009e+01
-1.885867067237203898e+01
-1.903803910789503107e+01
-1.920914193761356970e+01
-1.937177704075179818e+01
-1.952566733018003475e+01
-1.967068565147623005e+01
-1.980651743433380219e+01
-1.993296055797688027e+01
-2.004985038480652193e+01
-2.015698479404685273e+01
-2.025416166492201953e+01
-2.034121635983306575e+01
-2.041790927482722395e+01
-2.048411325548244122e+01
-2.053962618102286797e+01
-2.058420844749572254e+01
-2.061777038365588410e+01
-2.064003490237366023e+01
-2.065087484922700867e+01
-2.065008810344006918e+01
-2.063747254423697797e+01
-2.061290289673764775e+01
-2.057626140422976846e+01
-2.052743218954298499e+01
-2.046637434186076732e+01
-2.039293450083584247e+01
-2.030707175565168043e+01
-2.020867022913792255e+01
-2.009765152730112092e+01
-1.997393725614783833e+01
-1.983748650486153409e+01
-1.968818339627185310e+01
-1.952602450273916546e+01
-1.935085646391621950e+01
-1.916271333534028898e+01
-1.896147923984101169e+01
-1.874715074977877194e+01
-1.851968695433703971e+01
-1.827915939222999597e+01
-1.802552715264111072e+01
-1.775878680793075759e+01
-1.747893493045931024e+01
-1.718600557576405663e+01
-1.687999531620536331e+01
-1.656093820732052180e+01
-1.622894327100063094e+01
-1.588400852252852502e+01
-1.552617523205376493e+01
-1.515552359582528830e+01
-1.477209632691511842e+01
-1.437601110474909483e+01
-1.396738560875306412e+01
-1.354630003517595505e+01
-1.311287206344361245e+01
-1.266725685615878838e+01
-1.220945964321659538e+01
-1.173971055357360704e+01
-1.125808978347875922e+01
-1.076478997871170762e+01
-1.025992881869829532e+01
-9.743698949218185135e+00
-9.216293016051047005e+00
-8.677791215445804340e+00
-8.128386193182123520e+00
-7.568345561393488907e+00
-6.997824482682648117e+00
-6.417090569183085513e+00
-5.826336466674462145e+00
-5.225792304113351605e+00
-4.615650727279415833e+00
-3.996216831483047294e+00
-3.367640487435101360e+00
-2.730237814163396948e+00
-2.084132222919313548e+00
-1.429597057661863735e+00
-7.668681791731524200e-01
-9.614396505837445595e-02
5.823734587595819079e-01
1.268369516827102084e+00
1.961563368549789521e+00
2.661662928380175153e+00
3.368380608752018723e+00
4.081422075127232318e+00
4.800497490948965051e+00
5.525314021006207277e+00
6.255564586480724998e+00
6.990938360236593319e+00
7.731113270184817310e+00
8.475823469001760202e+00
9.224713149739208973e+00
9.977508968438144166e+00
1.073382513160882645e+01
1.149342577846914715e+01
1.225588763235245615e+01
1.302093734929973401e+01
1.378815165264433062e+01
1.455725719842722654e+01
1.532786819315868243e+01
1.609963632652586085e+01
1.687221328821592792e+01
1.764525076791605329e+01
1.841836297213648521e+01
1.919120159056438979e+01
1.996338082971002592e+01
2.073451489608365605e+01
2.150429296254933931e+01
2.227229175244043802e+01
2.303812547226719687e+01
2.380144581171678553e+01
2.456186697729945934e+01
2.531892820917165210e+01
2.607235616337434791e+01
2.682169008006399480e+01
2.756654416575083388e+01
2.830660759329894915e+01
2.904145708604167808e+01
2.977074433366619743e+01
3.049408354268275900e+01
3.121105143642469670e+01
3.192133718775610518e+01
3.262451752001032190e+01
3.332014324007187867e+01
3.400792387126846705e+01
3.468750553730208708e+01
3.535849687869777114e+01
3.602061898551132657e+01
3.667351798144473207e+01
3.731695243973067733e+01
3.795045603454042293e+01
3.857431210358340934e+01
3.918745459020031774e+01
3.979031676480823165e+01
4.038220740251693996e+01
4.096318494197441140e+01
4.153255815829044906e+01
4.209076032188212935e+01
4.263672537609013347e+01
4.317013692779335798e+01
4.369142824740887221e+01
4.419953327827737155e+01
4.469488529081593242e+01
4.517641822836523602e+01
4.564456536134238007e+01
4.609863546485713215e+01
4.653906180932658998e+01
4.696477833809143476e+01
4.737621832156874291e+01
4.777269053486831041e+01
4.815387858486901251e+01
4.852021574198793985e+01
4.887101078133485288e+01
4.920632214155777717e+01
4.952583342953555956e+01
4.982922825214709661e+01
5.011619021627127069e+01
5.038677776055608604e+01
5.064104932364949008e+01
5.087868851243040069e+01
5.109900410200857834e+01
5.130280419457020713e+01
5.148902273345598957e+01
5.165809298908298786e+01
5.180969856833009857e+01
5.194389790984530464e+01
5.205999978873838074e+01
5.215843747542641040e+01
5.223889457678830439e+01
5.230067986793380896e+01
5.234422661928002185e+01
5.236959326947494020e+01
5.237646342539742506e+01
5.236489943798446234e+01
5.233497930732902148e+01
5.228678494581301095e+01
5.222039826581839606e+01
5.213552634795802021e+01
5.203225110461382030e+01
5.191065444816775454e+01
5.177081829100175270e+01
5.161282454549776588e+01
5.143675512403773809e+01
5.124194227546541214e+01
5.102921757570093320e+01
5.079828810535715178e+01
5.054923577681600477e+01
5.028214250245944328e+01
4.999709019466939708e+01
4.969453559759691785e+01
4.937418579185484901e+01
4.903612268982514166e+01
4.868080303565884748e+01
4.830830874173786782e+01
4.791834688867508163e+01
4.751137422062154769e+01
4.708784748172827506e+01
4.664747375260812845e+01
4.619070977741212403e+01
4.571726263675313362e+01
4.522758907478220181e+01
4.472252066741945953e+01
4.420138966350865672e+01
4.366465280720083086e+01
4.311239201087792594e+01
4.254543885046008711e+01
4.196350040656015068e+01
4.136703342332918965e+01
4.075611981314911247e+01
4.013159115194006432e+01
3.949315452031490992e+01
3.884164149419378020e+01
3.817713398595861918e+01
3.749971390799137083e+01
3.680946317267397916e+01
3.610721335592657510e+01
3.539267153836202340e+01
3.466629446413136151e+01
3.392816404561651211e+01
3.317873702696855531e+01
3.241809532056939958e+01
3.164744533410829419e+01
3.086649414819810389e+01
3.007606077228468777e+01
2.927653911814776677e+01
2.846793569932370005e+01
2.765138152465614851e+01
2.682650827591237785e+01
2.599369729839783716e+01
2.515332993741798617e+01
2.430578753827828820e+01
2.345107661451509884e+01
2.258995334320297133e+01
2.172189947340153537e+01
2.084785859806989095e+01
1.996813709615967625e+01
1.908307882979944736e+01
1.819310262747156770e+01
1.729862731765839357e+01
1.639999676248849170e+01
1.549766727362112562e+01
1.459202019636176573e+01
1.368339939283895035e+01
1.277226117471196076e+01
1.185894940410934240e+01
1.094388290951347287e+01
1.002748051940671026e+01
9.110048612740692775e+00
8.192043501174707032e+00
7.273809046837293124e+00
6.355726595033909909e+00
5.438214974246928790e+00
4.521655529781805960e+00
3.606392123767090396e+00
2.692843584685147729e+00
1.781428741018346251e+00
8.726039044259675803e-01
-3.324957978653000218e-02
-9.356379167829669274e-01
-1.834179761257880292e+00
-2.728418801551984352e+00
-3.617936209182925467e+00
-4.502313155668327127e+00
-5.381130812525824147e+00
-6.253970351273049566e+00
-7.120450426604540972e+00
-7.980189693214840396e+00
-8.832731839444678101e+00
-9.677699268306277247e+00
-1.051468064795265533e+01
-1.134329088476066971e+01
-1.216312614351870458e+01
-1.297379233464116233e+01
-1.377491612904331930e+01
-1.456618924771909462e+01
-1.534733541711636917e+01
-1.611805437444979816e+01
-1.687806834684018398e+01
-1.762713329626755510e+01
-1.836490398013426883e+01
-1.909111012219651471e+01
-1.980548144621047513e+01
-2.050771019275542884e+01
-2.119763853511829410e+01
-2.187495871387833901e+01
-2.253951290232247828e+01
-2.319103082420690143e+01
-2.382931716964161240e+01
-2.445417662873661513e+01
-2.506530144207118482e+01
-2.566253378293223264e+01
-2.624560337507595165e+01
-2.681431490861233868e+01
-2.736843559047449403e+01
-2.790769514441860721e+01
-2.843189826055467506e+01
-2.894084962899270153e+01
-2.943435393984269055e+01
-2.991236581592229982e+01
-3.037472743051842983e+01
-3.082131844009490607e+01
-3.125205598429247189e+01
-3.166674475322112770e+01
-3.206533936969851339e+01
-3.244771949018846158e+01
-3.281368980480097264e+01
-3.316320493635367939e+01
-3.349606957495660708e+01
-3.381220086025048488e+01
-3.411147844869912404e+01
-3.439378199676636427e+01
-3.465899116091602394e+01
-3.490709804714265374e+01
-3.513801979508698992e+01
-3.535171102756668660e+01
-3.554805140104555505e+01
-3.572703302151815308e+01
-3.588861051180212058e+01
-3.603273849471511880e+01
-3.615952152578241652e+01
-3.626895171099856441e+01
-3.636105863953503814e+01
-3.643590938374020283e+01
-3.649353494932376663e+01
-3.653393452497147109e+01
-3.655714619908421525e+01
-3.656317057688600158e+01
-3.655204574677770779e+01
-3.652377231398332924e+01
-3.647838836690375786e+01
-3.641585702758608534e+01
-3.633632883396191460e+01
-3.623995432396289829e+01
-3.612647172057463507e+01
-3.599711857385914726e+01
-3.585125827503295426e+01
-3.568937871061987011e+01
-3.551159293537460826e+01
-3.531838883582098276e+01
-3.510950463494462781e+01
-3.488542821926933613e+01
-3.464627264354984248e+01
-3.439215096254085324e+01
-3.412280139922798838e+01
-3.383908667190416253e+01
-3.354037017178590219e+01
-3.322788944893520835e+01
-3.290100789456860753e+01
-3.256021339520992086e+01
-3.220599383738294108e+01
-3.183846227584241717e+01
-3.145825652981977427e+01
-3.106518978865446812e+01
-3.065974993887030564e+01
-3.024219996792965048e+01
-2.981284034647176640e+01
-2.937197154513591357e+01
-2.891985655138445566e+01
-2.845683331903356006e+01
-2.798316483554559042e+01
-2.749922653791363203e+01
-2.700539386313076307e+01
-2.650200476501316516e+01
-2.598947216373084146e+01
-2.546809652992304507e+01
-2.493832826693668281e+01
-2.440043036223411121e+01
-2.385489070233914788e+01
-2.330200975789106366e+01
-2.274220044905985105e+01
-2.217587569601550967e+01
-2.160341093575110349e+01
-2.102514412208283900e+01
-2.044150505897482617e+01
-1.985284115286012963e+01
-1.925940424443520627e+01
-1.866163359028105972e+01
-1.805981851427107188e+01
-1.745428582345551050e+01
-1.684536232488466112e+01
-1.623341230878571650e+01
-1.561876258220894975e+01
-1.500177743538154829e+01
-1.438274619217689576e+01
-1.376203314282217249e+01
-1.314000257754456591e+01
-1.251694382021745255e+01
-1.189322116106801630e+01
-1.126923637350035889e+01
-1.064527878138785155e+01
-1.002175015813459247e+01
-9.399014793967774395e+00
-8.777399495937672214e+00
-8.157306037448391223e+00
-7.539061225550203638e+00
-6.923029350470305765e+00
-6.309612185612793134e+00
-5.699136538027948617e+00
-5.091966697942958753e+00
-4.488466955585016294e+00
-3.889039084358220322e+00
-3.293972408135938945e+00
-2.703743666676092339e+00
-2.118679667028959823e+00
-1.539257148952462240e+00
-9.657654363199665859e-01
-3.986812688893945356e-01
1.616685462889737024e-01
7.148072694572220609e-01
1.260445576741977769e+00
1.798181694739142467e+00
2.327613850044613741e+00
2.848415235608114937e+00
3.360221561202457519e+00
3.862631053423537519e+00
4.355305660268008694e+00
4.837884839826362970e+00
5.310034288412948555e+00
5.771415954024405437e+00
6.221684288022003351e+00
6.660508735037765859e+00
7.087538873619966928e+00
7.502440025251172706e+00
7.904881448866999172e+00
8.294620870578469862e+00
8.671436821379261417e+00
9.035115328898438491e+00
9.385431175811985938e+00
9.722162893113580395e+00
1.004512649497381815e+01
1.035408551911561048e+01
1.064891970111028918e+01
1.092943381017537519e+01
1.119543261552838409e+01
1.144683333591756025e+01
1.168336577420659772e+01
1.190490966596683720e+01
1.211134474676961048e+01
1.230255075218625471e+01
1.247833245143428371e+01
1.263860706326194716e+01
1.278325432324057509e+01
1.291215396694150819e+01
1.302514824675916749e+01
1.312222934779562245e+01
1.320323952244529586e+01
1.326817095581025541e+01
1.331697834981565443e+01
1.334957892320973727e+01
1.336588989474075362e+01
1.336582848315694250e+01
1.334942435673728589e+01
1.331659473423002638e+01
1.326725683438340653e+01
1.320136535912258324e+01
1.311891249354962419e+01
1.301981545641277194e+01
1.290406643281409593e+01
1.277162012467874419e+01
1.262254368346260591e+01
1.245682929426774344e+01
1.227450662537313875e+01
1.207556786188085063e+01
1.186008015524676296e+01
1.162799820739603618e+01
1.137942665296145961e+01
1.111443264339891890e+01
1.083308333016430325e+01
1.053544586471348943e+01
1.022154991532546120e+01
9.891537599809920422e+00
9.545438586445838425e+00
9.183394993042918841e+00
8.805546609645166001e+00
8.412061398410655144e+00
8.002992544201035230e+00
7.578505681408674199e+00
7.138728961249038107e+00
6.683828018114504665e+00
6.213893520043624719e+00
5.729128584605680530e+00
5.229736329369960579e+00
4.715844905551926480e+00
4.187619947543949728e+00
3.645227089738406701e+00
3.088869449704581438e+00
2.518787628188668304e+00
1.935222225936859441e+00
1.338488810049166755e+00
7.287904980948786138e-01
1.064428571740003299e-01
-5.283135119672661695e-01
-1.175200525405821539e+00
-1.833977582395474037e+00
-2.504329115836206654e+00
-3.185977041804917587e+00
-3.878680759555412916e+00
-4.582162185164591506e+00
-5.296105751532433459e+00
-6.020270857912756846e+00
-6.754341937205533775e+00
-7.497928455956945015e+00
-8.250714847066969782e+00
-9.012385543435595281e+00
-9.782550011608993401e+00
-1.056093016766405768e+01
-1.134713547814694934e+01
-1.214079040287460742e+01
-1.294153064661703212e+01
-1.374896942423808710e+01
-1.456271995060162361e+01
-1.538240668552457535e+01
-1.620764359353434259e+01
-1.703804164050415793e+01
-1.787317880711159290e+01
-1.871263007538006207e+01
-1.955596368036111343e+01
-2.040275535374171767e+01
-2.125258082720880992e+01
-2.210497460095474054e+01
-2.295957612806720505e+01
-2.381584494238473226e+01
-2.467339051045348697e+01
-2.553173642771965035e+01
-2.639055008652933054e+01
-2.724956294083626318e+01
-2.810846896141730156e+01
-2.896696211904927054e+01
-2.982466141815520899e+01
-3.068133579586577042e+01
-3.153656677342706516e+01
-3.239008580479284660e+01
-3.324154937756304662e+01
-3.409061397933759707e+01
-3.493697358089332994e+01
-3.578024718665328407e+01
-3.662009128421736648e+01
-3.745619984436244465e+01
-3.828822935468843980e+01
-3.911579881961836946e+01
-3.993856472675216907e+01
-4.075622104686667768e+01
-4.156838678438491996e+01
-4.237471842690681711e+01
-4.317490994520922953e+01
-4.396854286053824978e+01
-4.475534862684764192e+01
-4.553490876538351273e+01
-4.630687976374579051e+01
-4.707095559271132146e+01
-4.782668029034930157e+01
-4.857371034425967338e+01
-4.931170224204235808e+01
-5.004020002176655879e+01
-5.075889765420912880e+01
-5.146737666061616068e+01
-5.216536849494141137e+01
-5.285252964478481630e+01
-5.352832918186176414e+01
-5.419287339189509112e+01
-5.484581876248473264e+01
-5.548644694946153066e+01
-5.611441444042542059e+01
-5.672975255474540290e+01
-5.733211778002143433e+01
-5.792116660385343607e+01
-5.849618068207225718e+01
-5.905719133404689813e+01
-5.960348021560822929e+01
-6.013507864612523690e+01
-6.065126828142878423e+01
-6.115208044088789308e+01
-6.163717161210249884e+01
-6.210622166663539190e+01
-6.255900401190075399e+01
-6.299569027104475794e+01
-6.341532757190625347e+01
-6.381846236940050687e+01
-6.420451662313547558e+01
-6.457366195625732530e+01
-6.492606999191217199e+01
-6.526078785793892223e+01
-6.557836200925279968e+01
-6.587858923723088367e+01
-6.616089150148111742e+01
-6.642544042514965952e+01
-6.667203279961357509e+01
-6.690084024801900853e+01
-6.711165956174303915e+01
-6.730391270039356755e+01
-6.747777128711683758e+01
-6.763303211328984332e+01
-6.777024163382786526e+01
-6.788882180833884661e+01
-6.798894425996896018e+01
-6.807078061186435036e+01
-6.813412765540205385e+01
-6.817878218195914997e+01
-6.820529064645093342e+01
-6.821307500848530481e+01
-6.820268172297753040e+01
-6.817315791776647416e+01
-6.812542487953649584e+01
-6.805927939966464635e+01
-6.797414343775888312e+01
-6.787056344873447244e+01
-6.774796139219935753e+01
-6.760725855483791236e+01
-6.744787689625808014e+01
-6.726998803960600526e+01
-6.707376360802786053e+01
-6.685900039290069685e+01
-6.662549518560159356e+01
-6.637416927281485357e+01
-6.610481944591758463e+01
-6.581724249628683765e+01
-6.551161004706871438e+01
-6.518809372140944447e+01
-6.484723997422423736e+01
-6.448847076512105048e+01
-6.411233254901515011e+01
-6.371899694905271616e+01
-6.330863558837985750e+01
-6.288103979170484337e+01
-6.243635384882970385e+01
-6.197546624642585300e+01
-6.149776614408830966e+01
-6.100376719671938019e+01
-6.049360822745229171e+01
-5.996742805942028554e+01
-5.942611517929472598e+01
-5.886905874667068872e+01
-5.829677241645044461e+01
-5.770939501176723496e+01
-5.710706535575429399e+01
-5.649029710331387122e+01
-5.585847941404105654e+01
-5.521250077460725691e+01
-5.455212517637654912e+01
-5.387749144248218869e+01
-5.318873839605738851e+01
-5.248675452377354134e+01
-5.177167864876388848e+01
-5.104364959416164282e+01
-5.030280618309999596e+01
-4.955003690225041169e+01
-4.878548057474606736e+01
-4.800927602372019010e+01
-4.722231173584420105e+01
-4.642435170248222676e+01
-4.561628441030565284e+01
-4.479787385067863426e+01
-4.397038334204165011e+01
-4.313357687575884825e+01
-4.228796810673252793e+01
-4.143332102632680858e+01
-4.057052412121311136e+01
-3.969934138275555568e+01
-3.881991163408736867e+01
-3.793312336187993594e+01
-3.703836572572829766e+01
-3.613690204407296847e+01
-3.522849630827806067e+01
-3.431478666855318949e+01
-3.339553711626247434e+01
-3.247163613807732929e+01
-3.154359738890005715e+01
-3.061230935540209686e+01
-2.967753602894755005e+01
-2.874016589620783435e+01
-2.780033778031617686e+01
-2.685856533617487685e+01
-2.591461255514806439e+01
-2.496971290389004139e+01
-2.402348111483383519e+01
-2.307625173216447223e+01
-2.212873413183607596e+01
-2.118051319449545389e+01
-2.023267312786584782e+01
-1.928442398082496823e+01
-1.833722479286512552e+01
-1.739066044463315919e+01
-1.644506548031407434e+01
-1.550122424221581952e+01
-1.455943379134650861e+01
-1.362014112142188260e+01
-1.268375574298078590e+01
-1.175068716656205403e+01
-1.082134490270453142e+01
-9.895951046062506862e+00
-8.974577758582634956e+00
-8.057409651742302614e+00
-7.144631337018875428e+00
-6.236389942712839307e+00
-5.332795113947745413e+00
-4.434068945377900306e+00
-3.540695913895947289e+00
-2.653235462748371631e+00
-1.772247035181652608e+00
-8.982900744422718242e-01
-3.184905742288817593e-02
8.264790894531123255e-01
1.676209889293061917e+00
2.517196213796500714e+00
3.349215968309127156e+00
4.172196990884291523e+00
4.985992153221523893e+00
5.790416843843442685e+00
6.585398900803404842e+00
7.370678746270190373e+00
8.145921836058795051e+00
8.910606210099645708e+00
9.664322357853896150e+00
1.040654831925198387e+01
1.113687458375506445e+01
1.185481667447047727e+01
1.255992759768247247e+01
1.325198525873676836e+01
1.393066635840139966e+01
1.459577504024592365e+01
1.524704422980376251e+01
1.588423234116861948e+01
1.650708954213529722e+01
1.711540008506370114e+01
1.770906057134097722e+01
1.828799419028399242e+01
1.885212413120961372e+01
1.940137358343471519e+01
1.993568447786461917e+01
2.045497625549851151e+01
2.095913087415866016e+01
2.144791784213660435e+01
2.192110666772387972e+01
2.237842937603512539e+01
2.281961799218496978e+01
2.324444202446494501e+01
2.365259601481278651e+01
2.404392443787384082e+01
2.441842170100111886e+01
2.477626962743215699e+01
2.511746262451996259e+01
2.544218251550208265e+01
2.575046119090842112e+01
2.604244299079963199e+01
2.631819728888251575e+01
2.657760604297935103e+01
2.682062617726623088e+01
2.704710216638850895e+01
2.725699093452227473e+01
2.745009947313597820e+01
2.762642218958263030e+01
2.778580355850757755e+01
2.792820050408690946e+01
2.805353246731981542e+01
2.816175637238237783e+01
2.825275417709687531e+01
2.832652028881629747e+01
2.838293666536290516e+01
2.842199771408972353e+01
2.844381029188046384e+01
2.844851873879576942e+01
2.843634236125008741e+01
2.840735053295025736e+01
2.836176256031072995e+01
2.829968530021523065e+01
2.822130057590130647e+01
2.812671524425268643e+01
2.801599867897619234e+01
2.788933270330937830e+01
2.774678669095904837e+01
2.758846749880894578e+01
2.741451946691970321e+01
2.722501196899813536e+01
2.702008278145790143e+01
2.679984342612467785e+01
2.656432389482333889e+01
2.631366662890947694e+01
2.604793910338490193e+01
2.576720879325137048e+01
2.547158065668759264e+01
2.516123461822607510e+01
2.483631311922242801e+01
2.449699608420914743e+01
2.414346343771876846e+01
2.377589510428378361e+01
2.339447100843671379e+01
2.299933359153317269e+01
2.259070026128256359e+01
2.216878842539432526e+01
2.173374052522405009e+01
2.128584893483498774e+01
2.082525609558273416e+01
2.035217941517671747e+01
1.986683630132636935e+01
1.936955661127181827e+01
1.886059523589941733e+01
1.834028203244931632e+01
1.780890937498474713e+01
1.726684460392277742e+01
1.671434261014974254e+01
1.615173325090579581e+01
1.557930890025417270e+01
1.499732444908120499e+01
1.440607227145014591e+01
1.380580725824731836e+01
1.319685926671287923e+01
1.257944570455625311e+01
1.195389642901758265e+01
1.132050381416012108e+01
1.067963520040092895e+01
1.003158296180323994e+01
9.376714438784121697e+00
8.715359488583725778e+00
8.047810485265298297e+00
7.374434769245899801e+00
6.695599680942589949e+00
6.011710043949337390e+00
5.323095715506304337e+00
4.630161519207455889e+00
3.933312278646762028e+00
3.232915334241287741e+00
2.529300543231188581e+00
1.822947695564252513e+00
1.114119412067944959e+00
4.031092333342822243e-01
-3.099315028112410442e-01
-1.024739009012375357e+00
-1.741124464266715854e+00
-2.458861564394935417e+00
-3.177724005217710701e+00
-3.897373033024979616e+00
-4.617507377283604164e+00
-5.337863250637344237e+00
-6.058176865729970828e+00
-6.778109468851426733e+00
-7.497359789468562852e+00
-8.215739006578965942e+00
-8.932983332826408329e+00
-9.648828980854645465e+00
-1.036301216330744879e+01
-1.107530657600548629e+01
-1.178544843159252586e+01
-1.249321142588924971e+01
-1.319829428836250074e+01
-1.390039574847914672e+01
-1.459928950205984499e+01
-1.529467427857146689e+01
-1.598621132430395342e+01
-1.667371181825489046e+01
-1.735679952353730471e+01
-1.803528561914879091e+01
-1.870885384128543549e+01
-1.937725539586176282e+01
-2.004022649552155499e+01
-2.069749960459086324e+01
-2.134880718739578143e+01
-2.199389332804721775e+01
-2.263251560459976375e+01
-2.326443759241634623e+01
-2.388942886416817757e+01
-2.450725561904054217e+01
-2.511768405621873868e+01
-2.572045038834652786e+01
-2.631537329105687917e+01
-2.690211401063973895e+01
-2.748040875973886799e+01
-2.804991878464422328e+01
-2.861041778117646217e+01
-2.916156699562553811e+01
-2.970310264063522254e+01
-3.023472344567236547e+01
-3.075605317384999893e+01
-3.126682803781188724e+01
-3.176673156042982882e+01
-3.225553637090303027e+01
-3.273303737501251476e+01
-3.319906696171626237e+01
-3.365345751997221413e+01
-3.409615388826906468e+01
-3.452717587144931599e+01
-3.494658075753237370e+01
-3.535431338500693954e+01
-3.575039355871550839e+01
-3.613480360032368566e+01
-3.650760079785086987e+01
-3.686872998978576987e+01
-3.721806104826323036e+01
-3.755557629494885674e+01
-3.788122056833133655e+01
-3.819493870689935022e+01
-3.849663806596468163e+01
-3.878626348401601120e+01
-3.906360986683437631e+01
-3.932850960337774637e+01
-3.958079508260407664e+01
-3.982022372711749370e+01
-4.004666540905288485e+01
-4.025987755101435539e+01
-4.045973002513679972e+01
-4.064643005214725946e+01
-4.082010988641896887e+01
-4.098097674867898377e+01
-4.112923785965435286e+01
-4.126513792324906404e+01
-4.138880919383632317e+01
-4.150045889214320027e+01
-4.159995689030455424e+01
-4.168713557727835450e+01
-4.176186482519945997e+01
-4.182397702302581877e+01
-4.187334204289230399e+01
-4.190982975693377455e+01
-4.193327255410819987e+01
-4.194380268878880003e+01
-4.194155241534883771e+01
-4.192654153863077937e+01
-4.189923966160008462e+01
-4.185944169003776949e+01
-4.180769219326309383e+01
-4.174378607705710209e+01
-4.166789307896993932e+01
-4.157980810478265710e+01
-4.148045055558356609e+01
-4.136960908985608398e+01
-4.124704737689285849e+01
-4.111289767045800403e+01
-4.096729222431563500e+01
-4.081073812399893797e+01
-4.064299279150291255e+01
-4.046381364882258680e+01
-4.027408261326023364e+01
-4.007318227504178054e+01
-3.986124488793133480e+01
-3.963915236923117646e+01
-3.940591247739812530e+01
-3.916278196150357616e+01
-3.890914341177344937e+01
-3.864512908197183094e+01
-3.837162088940102223e+01
-3.808800142428695779e+01
-3.779477777216279577e+01
-3.749208218679267901e+01
-3.718004692194068639e+01
-3.685880423137093231e+01
-3.652886120061661046e+01
-3.618997525167273466e+01
-3.584265347007250568e+01
-3.548702810958002374e+01
-3.512285659219029554e+01
-3.475102083520561536e+01
-3.437165309239010469e+01
-3.398451078573874895e+01
-3.359047583255386371e+01
-3.318893082306134090e+01
-3.278075767456349610e+01
-3.236608864082441528e+01
-3.194505597560822707e+01
-3.151816676444810028e+01
-3.108480359756997302e+01
-3.064622322404522947e+01
-3.020218306586887991e+01
-2.975281537680501387e+01
-2.929862724238684990e+01
-2.884012574814759233e+01
-2.837706831608223013e+01
-2.791033686349306819e+01
-2.743968881237512036e+01
-2.696600608003067379e+01
-2.648904608845475295e+01
-2.600931592318054797e+01
-2.552732266974125253e+01
-2.504319858190098813e+01
-2.455745074519293425e+01
-2.406980958771397283e+01
-2.358102205727565348e+01
-2.309068361248408863e+01
-2.259943924089888867e+01
-2.210733419924907750e+01
-2.161448871061751476e+01
-2.112109796444088161e+01
-2.062735715015584503e+01
-2.013342397402217543e+01
-1.963949362547655397e+01
-1.914576129395565118e+01
-1.865234720254232315e+01
-1.815955899020397624e+01
-1.766747939684655577e+01
-1.717634109508365370e+01
-1.668637675752885485e+01
-1.619770660726500822e+01
-1.571052583372879852e+01
-1.522510459271071426e+01
-1.474152562411670964e+01
-1.426005908373727316e+01
-1.378086267783217700e+01
-1.330413159583808991e+01
-1.283006102719169483e+01
-1.235884616132967118e+01
-1.189075715404249678e+01
-1.142598919476687058e+01
-1.096481243929327576e+01
-1.050738459388148094e+01
-1.005397581432198173e+01
-9.604818773228366524e+00
-9.160071176860391517e+00
-8.719965697831657536e+00
-8.284697525578831545e+00
-7.854461849538596496e+00
-7.429416375970708586e+00
-7.009831260665666974e+00
-6.595864209883246509e+00
-6.187710413060111492e+00
-5.785602542809855642e+00
-5.389773271746062910e+00
-5.000417789305406480e+00
-4.617731284924566637e+00
-4.241946431217126445e+00
-3.873258417619764860e+00
-3.511899916746065387e+00
-3.158028634855793548e+00
-2.811839761385631409e+00
-2.473565968949157146e+00
-2.143364963806139833e+00
-1.821411990930617009e+00
-1.507840000622969301e+00
-1.202687032367120601e+00
-9.060286088238979074e-01
-6.179402526541387664e-01
-3.385349696955803345e-01
-6.781331625523789874e-02
1.940742186522365631e-01
4.470895955429248780e-01
6.911947749329044877e-01
9.263142341613378461e-01
1.152447416921218659e+00
1.369518800551715598e+00
1.577452862391989230e+00
1.776249046135036869e+00
1.965831829120023855e+00
2.146200655039934180e+00
2.317280001233937181e+00
2.479069311395023067e+00
2.631530546039270835e+00
2.774588182505842937e+00
2.908279147664645681e+00
3.032527918854838855e+00
3.147315198180959506e+00
3.252659170924450116e+00
3.348540539189841514e+00
3.434962494987816584e+00
3.511909488740594831e+00
3.579380964141166466e+00
3.637368868247137677e+00
3.685880141386875586e+00
3.724932968841826675e+00
3.754530167790897544e+00
3.774687674524918268e+00
3.785413928699334907e+00
3.786721118287283527e+00
3.778627053738438768e+00
3.761176158558079408e+00
3.734409107933793770e+00
3.698377822006245097e+00
3.653130472598403511e+00
3.598711483215546902e+00
3.535176522316029857e+00
3.462570013405130709e+00
3.380962618211966753e+00
3.290428746783345737e+00
3.191039060848383180e+00
3.082875467089268628e+00
2.965967395740519041e+00
2.840464223202759264e+00
2.706359774441938537e+00
2.563812815400393408e+00
2.412826560585778601e+00
2.253516674036480705e+00
2.085923853437065656e+00
1.910163762825919820e+00
1.726314583064516572e+00
1.534417011837426514e+00
1.334624196359943449e+00
1.126976834316631759e+00
9.116655560996982377e-01
6.887685425706201459e-01
4.583639745908724139e-01
2.205675161988380761e-01
-2.446768539018245869e-02
-2.766634493147153706e-01
-5.358666283594670787e-01
-8.019615584860476654e-01
-1.074870058832983144e+00
-1.354364015831157841e+00
-1.640440214972916033e+00
-1.932870542689144377e+00
-2.231501851764543964e+00
-2.536218478160728651e+00
-2.846754825131676547e+00
-3.162995228638998846e+00
-3.484786541467402188e+00
-3.811863166870862685e+00
-4.144109440810987088e+00
-4.481334732895577488e+00
-4.823385895909335197e+00
-5.169997333106235438e+00
-5.521090863624803724e+00
-5.876400890719012615e+00
-6.235811750350477745e+00
-6.599095328950083328e+00
-6.966060996125625238e+00
-7.336480638307984137e+00
-7.710163625104960339e+00
-8.086881842947434507e+00
-8.466407178266290856e+00
-8.848511517492418932e+00
-9.233004230233605725e+00
-9.619694686097652436e+00
-1.000828730179700443e+01
-1.039858020198638222e+01
-1.079034152477897557e+01
-1.118334315660567846e+01
-1.157735698389736889e+01
-1.197213989981417015e+01
-1.236745720481406252e+01
-1.276315280835878951e+01
-1.315909402047870635e+01
-1.355515564783955540e+01
-1.395119750383631896e+01
-1.434709439513474294e+01
-1.474271625558756860e+01
-1.513793032025880869e+01
-1.553260637306850001e+01
-1.592661224881148030e+01
-1.631982020529746791e+01
-1.671209830222034753e+01
-1.710331759792819284e+01
-1.749333790581597015e+01
-1.788201903927866709e+01
-1.826920207012280173e+01
-1.865474306342566990e+01
-1.903848683931148500e+01
-1.942027821790446040e+01
-1.979998450923496733e+01
-2.017741305025029419e+01
-2.055247613079311009e+01
-2.092493610799842685e+01
-2.129470527170889227e+01
-2.166158346223643960e+01
-2.202544548624680587e+01
-2.238612866722883155e+01
-2.274343284549443212e+01
-2.309727031088626248e+01
-2.344744090371625589e+01
-2.379381943065014937e+01
-2.413620573199986907e+01
-2.447447461443115913e+01
-2.480842591825594212e+01
-2.513793445013996219e+01
-2.546283753357205981e+01
-2.578297249204105412e+01
-2.609813916585888549e+01
-2.640817487851437662e+01
-2.671295443667328229e+01
-2.701227768064751444e+01
-2.730601941710282432e+01
-2.759394200317422730e+01
-2.787599521188128193e+01
-2.815194140035901071e+01
-2.842165537527315422e+01
-2.868497446011253160e+01
-2.894173597836600464e+01
-2.919181473669929971e+01
-2.943501057542433941e+01
-2.967125300375406027e+01
-2.990039047567486818e+01
-3.012247608042797253e+01
-3.033737549137006440e+01
-3.054510431456546371e+01
-3.074556570654774035e+01
-3.093873779020430348e+01
-3.112459868842256938e+01
-3.130308904091303646e+01
-3.147411200420928523e+01
-3.163772066755253576e+01
-3.179381818747637212e+01
-3.194234520369131403e+01
-3.208335480543857443e+01
-3.221671266607481243e+01
-3.234247187484127295e+01
-3.246061055462537581e+01
-3.257106934513758745e+01
-3.267382636926533479e+01
-3.276889723307292712e+01
-3.285622257627084508e+01
-3.293581800492344058e+01
-3.300766164191809082e+01
-3.307173161014220852e+01
-3.312800603248321352e+01
-3.317650051500539377e+01
-3.321723066377309408e+01
-3.325013711849680220e+01
-3.327523548524082742e+01
-3.329257885324640398e+01
-3.330214534540093041e+01
-3.330395056776873020e+01
-3.329801012641410551e+01
-3.328430214422449041e+01
-3.326284222726417283e+01
-3.323372094795129783e+01
-3.319691642917327101e+01
-3.315248176017134085e+01
-3.310039506383287744e+01
-3.304074691257603291e+01
-3.297355291246512365e+01
-3.289879118638755529e+01
-3.281658978993838360e+01
-3.272692684600499291e+01
-3.262985544382863168e+01
-3.252542867265050575e+01
-3.241369962171185648e+01
-3.229468389707698606e+01
-3.216843458798714295e+01
-3.203511723321426530e+01
-3.189478047311201792e+01
-3.174745515248383754e+01
-3.159324263359939877e+01
-3.143220679555147257e+01
-3.126437403425594752e+01
-3.108984571198249824e+01
-3.090868570782389568e+01
-3.072092041769600357e+01
-3.052668868704542504e+01
-3.032597942861112017e+01
-3.011889400466276712e+01
-2.990553377747004760e+01
-2.968592514294883244e+01
-2.946020694654572125e+01
-2.922848055053039218e+01
-2.899080983399562683e+01
-2.874729615921111403e+01
-2.849804088844653194e+01
-2.824314538397156937e+01
-2.798274849123281882e+01
-2.771695157249996555e+01
-2.744585599004270549e+01
-2.716960058930761335e+01
-2.688832421574131359e+01
-2.660212823161347018e+01
-2.631111399919377192e+01
-2.601545784710572917e+01
-2.571526113761902366e+01
-2.541066271618025496e+01
-2.510172646188219758e+01
-2.478866618652526199e+01
-2.447154576920223334e+01
-2.415050405535969347e+01
-2.382571737362115982e+01
-2.349736205261013566e+01
-2.316565190412703146e+01
-2.283068829044153603e+01
-2.249272250653098126e+01
-2.215189339784194900e+01
-2.180837729299794603e+01
-2.146238800379939349e+01
-2.111402689251597664e+01
-2.076350777094811306e+01
-2.041096948454239524e+01
-2.005662584509923718e+01
-1.970057821488832062e+01
-1.934307788888698454e+01
-1.898422622936490356e+01
-1.862431201447630968e+01
-1.826351157284471327e+01
-1.790201918128575898e+01
-1.753987601032216759e+01
-1.717725362819954782e+01
-1.681421115363274765e+01
-1.645080770533665060e+01
-1.608713988520301186e+01
-1.572334177830054180e+01
-1.535943502016717943e+01
-1.499555369587161380e+01
-1.463179440730561431e+01
-1.426821627318406094e+01
-1.390499086175253574e+01
-1.354213980854899368e+01
-1.317990964817286326e+01
-1.281832201616209410e+01
-1.245754848076227184e+01
-1.209768564386518364e+01
-1.173890507371642222e+01
-1.138122840585394080e+01
-1.102486469170024286e+01
-1.066991053314711202e+01
-1.031642504890940160e+01
-9.964579807232720299e+00
-9.614433926831924992e+00
-9.266158975952613730e+00
-8.919889039663468466e+00
-8.575683236679358501e+00
-8.233675652068971118e+00
-7.894075337254808034e+00
-7.556903927774821561e+00
-7.222370475051522298e+00
-6.890534097799774216e+00
-6.561566364265170037e+00
-6.235563876339491607e+00
-5.912698202268330760e+00
-5.593065943943460461e+00
-5.276838669610480537e+00
-4.964075497984245189e+00
-4.654985480487280114e+00
-4.349627735834431519e+00
-4.048173832271304562e+00
-3.750720371689668209e+00
-3.457401439158216405e+00
-3.168388602922536101e+00
-2.883740981697501926e+00
-2.603592660551787841e+00
-2.328152690907913325e+00
-2.057442708303819590e+00
-1.791709247338928890e+00
-1.531011426728102309e+00
-1.275506058378157004e+00
-1.025253445663847129e+00
-7.802991356211468332e-01
-5.406886752860274870e-01
-3.064301285175577427e-01
-7.753155917479534476e-02
1.459240025293705445e-01
3.639284927358819588e-01
5.764738475856687749e-01
7.834770368658557915e-01
9.849674798942829046e-01
1.180862146458071749e+00
1.371152972698153727e+00
1.555831894755466571e+00
1.734890848770948679e+00
1.908209321354806143e+00
2.075854215001794678e+00
2.237742499499030480e+00
2.393866110987451723e+00
2.544254468784901135e+00
2.688824542678498020e+00
2.827605751986090876e+00
2.960552549671701783e+00
3.087656871876268472e+00
3.208873171563817461e+00
3.324268351229108021e+00
3.433759380659252347e+00
3.537375679172097609e+00
3.635116679543964668e+00
3.726955576327334096e+00
3.812895550616212770e+00
3.892936035186920218e+00
3.967091456086540902e+00
4.035361246091389908e+00
4.097752334613169900e+00
4.154279147698963115e+00
4.204937369807395520e+00
4.249745175303241140e+00
4.288713241915892205e+00
4.321862367832505214e+00
4.349212601576694759e+00
4.370783242008547731e+00
4.386589090006912883e+00
4.396653567581330968e+00
4.400998597414265134e+00
4.399653598823562106e+00
4.392666732715524880e+00
4.380071166725687526e+00
4.361907565124972130e+00
4.338212843866605439e+00
4.309021057683273703e+00
4.274366061378573001e+00
4.234271351900174452e+00
4.188782916101894571e+00
4.137931747566786278e+00
4.081752588195595166e+00
4.020280179889065053e+00
3.953541767912557958e+00
3.881628318932182964e+00
3.804514601765629500e+00
3.722325317938225187e+00
3.635110202621476994e+00
3.542956474163804437e+00
3.445876384559804606e+00
3.343994635334807342e+00
3.237323478483410177e+00
3.125950132354029520e+00
3.009961815295085774e+00
2.889445745654995790e+00
2.764414175428357989e+00
2.634991806140501325e+00
2.501265856139842647e+00
2.363248577420981267e+00
2.221064671509243915e+00
2.074801356753049220e+00
1.924545851500816029e+00
1.770422857277872408e+00
1.612482109255723994e+00
1.450885792136611396e+00
1.285646157915131704e+00
1.116887908116612538e+00
9.447357442663826266e-01
7.692768847128595988e-01
5.906360309813716292e-01
4.089004014203373449e-01
2.241572143781733750e-01
3.653117138020851168e-02
-1.538530260482293965e-01
-3.468706763818124594e-01
-5.423595949183040998e-01
-7.402700464861960983e-01
-9.404023632063363003e-01
-1.142669326730310742e+00
-1.346908752355884031e+00
-1.552995938557724553e+00
-1.760806183810503578e+00
-1.970214786588896594e+00
-2.181059562190663215e+00
-2.393215809090475599e+00
-2.606558825763009235e+00
-2.820941890290898257e+00
-3.036317615073199860e+00
-3.252579108940020447e+00
-3.469731930252202723e+00
-3.687669187839854867e+00
-3.906358956886905265e+00
-4.125694346223466091e+00
-4.345643431033465731e+00
-4.566099320147015916e+00
-4.787067571924954024e+00
-5.008366328843572468e+00
-5.230001149263708626e+00
-5.451865142015472898e+00
-5.673888899105886452e+00
-5.895965529365056135e+00
-6.118063107976918324e+00
-6.340074743771576316e+00
-6.561968511932959380e+00
-6.783600038114272479e+00
-7.004899914322534116e+00
-7.225821222470907301e+00
-7.446268316342579574e+00
-7.666145549720726926e+00
-7.885349779753156874e+00
-8.103789108540739861e+00
-8.321356644913587175e+00
-8.537964239290264601e+00
-8.753501252183189862e+00
-8.967879534010926079e+00
-9.181003438556658125e+00
-9.392781067921262661e+00
-9.603120524205609243e+00
-9.811933657828264543e+00
-1.001912482257240811e+01
-1.022460212053892015e+01
-1.042828115046405379e+01
-1.063005502117791679e+01
-1.082982621230484810e+01
-1.102749832796449247e+01
-1.122297047429526629e+01
-1.141614475608973756e+01
-1.160691690600040005e+01
-1.179519502612812865e+01
-1.198087222530303286e+01
-1.216384910899060046e+01
-1.234402253433863628e+01
-1.252129310681263163e+01
-1.269555768356038783e+01
-1.286671312172970794e+01
-1.303466002678607794e+01
-1.319931504139425016e+01
-1.336064396374522900e+01
-1.351862113259389275e+01
-1.367322463501281327e+01
-1.382444755134532244e+01
-1.397224547875784140e+01
-1.411657401441679838e+01
-1.425747496679551141e+01
-1.439484021165964833e+01
-1.452871155748253962e+01
-1.465898088002984956e+01
-1.478568998777490151e+01
-1.490876823966028297e+01
-1.502818247780548688e+01
-1.514393702750692583e+01
-1.525603621406100174e+01
-1.536440939641029857e+01
-1.546906089985122712e+01
-1.556999504968020176e+01
-1.566714120483979578e+01
-1.576057865698024152e+01
-1.585019928186722282e+01
-1.593604488797404883e+01
-1.601804483424329817e+01
-1.609624092914830484e+01
-1.617060001480855647e+01
-1.624108893334355130e+01
-1.630767452687278762e+01
-1.637043608704648889e+01
-1.642926548963033184e+01
-1.648424202627455060e+01
-1.653529505592172555e+01
-1.658246638704517295e+01
-1.662572286176438396e+01
-1.666510628855269260e+01
-1.670054602635266860e+01
-1.673212136681454609e+01
-1.675976166888091257e+01
-1.678350874102508428e+01
-1.680340439172037748e+01
-1.681937797990937611e+01
-1.683147131406539643e+01
-1.683972620266176179e+01
-1.684410948781796691e+01
-1.684462549483041371e+01
-1.684135351534932923e+01
-1.683426039149420816e+01
-1.682335044856147377e+01
-1.680866549502441742e+01
-1.679020985617946948e+01
-1.676802392870788694e+01
-1.674214246212276791e+01
-1.671256131096825115e+01
-1.667927632978847186e+01
-1.664235833948139742e+01
-1.660184067776807026e+01
-1.655768171601571837e+01
-1.650995227512229846e+01
-1.645868569280887073e+01
-1.640391530679647403e+01
-1.634567445480616144e+01
-1.628395899138206815e+01
-1.621887722059906878e+01
-1.615042499700129142e+01
-1.607859817513288547e+01
-1.600350505906871490e+01
-1.592517898652982922e+01
-1.584361581206036718e+01
-1.575888635655828729e+01
-1.567102395774463730e+01
-1.558009943651738105e+01
-1.548614613059756095e+01
-1.538927234406004807e+01
-1.528947393144898115e+01
-1.518685919683922947e+01
-1.508149896112874977e+01
-1.497342656203858979e+01
-1.486271282046671516e+01
-1.474942855731107727e+01
-1.463360711029272920e+01
-1.451535678348653491e+01
-1.439474839779045645e+01
-1.427177780774862725e+01
-1.414659080061283625e+01
-1.401922071410412407e+01
-1.388973836912044924e+01
-1.375828955291359712e+01
-1.362490760320460659e+01
-1.348966334089144503e+01
-1.335266507004897285e+01
-1.321398361157515566e+01
-1.307368978636795021e+01
-1.293192938167913120e+01
-1.278869825205284272e+01
-1.264414218474085594e+01
-1.249833200064114003e+01
-1.235137600382855361e+01
-1.220330753202414797e+01
-1.205430985565661572e+01
-1.190441631244700282e+01
-1.175376103927276716e+01
-1.160235660516028844e+01
-1.145031637829235294e+01
-1.129764127732102175e+01
-1.114436970407526317e+01
-1.099057754356095096e+01
-1.083622823125323720e+01
-1.068143513533491173e+01
-1.052619917445803210e+01
-1.037055875045156306e+01
-1.021458974832138900e+01
-1.005833056989647467e+01
-9.901819617005788388e+00
-9.745057808301393010e+00
-9.588195995142980266e+00
-9.431235096182613020e+00
-9.274213513249256025e+00
-9.117244614525702673e+00
-8.960291835487096179e+00
-8.803506027493144259e+00
-8.646888109195897343e+00
-8.490513965601227397e+00
-8.334496964891938475e+00
-8.178800542543168461e+00
-8.023575549914617966e+00
-7.868822905658348077e+00
-7.714618494780234315e+00
-7.561038202286152199e+00
-7.408157913181989684e+00
-7.255978546119793648e+00
-7.104613469282361926e+00
-6.954101084498654828e+00
-6.804517276774558532e+00
-6.655900447939036013e+00
-6.508363966174881554e+00
-6.361983716487963569e+00
-6.216798100707260133e+00
-6.072957970192464749e+00
-5.930464243595638507e+00
-5.789430289099560589e+00
-5.649894508533214399e+00
-5.512007753256288112e+00
-5.375733458743931159e+00
-5.241184993178932494e+00
-5.108438241567172966e+00
-4.977569088914528983e+00
-4.848578453873060745e+00
-4.721654670979371637e+00
-4.596761175708614644e+00
-4.474048819420487710e+00
-4.353546184019603693e+00
-4.235317538066983190e+00
-4.119342363845473365e+00
-4.005637626814825047e+00
-3.894257775611709160e+00
-3.785144809342062988e+00
-3.678390659819456676e+00
-3.573974809326740054e+00
-3.471914223323667059e+00
-3.372188384093083968e+00
-3.274851740271659040e+00
-3.179883774142234998e+00
-3.087376417518389538e+00
-2.997271669506056835e+00
-2.909586495564997044e+00
-2.824412827508779422e+00
-2.741692664443345695e+00
-2.661480455005357904e+00
-2.583755681477665878e+00
-2.508572792496931658e+00
-2.435948753522911403e+00
-2.365825563661542841e+00
-2.298257671549492009e+00
-2.233262042646514178e+00
-2.170818159235453848e+00
-2.110980469952978833e+00
-2.053690973905025530e+00
-1.999004119728257090e+00
-1.946899389705524896e+00
-1.897431232473486107e+00
-1.850541647138084445e+00
-1.806322565512892053e+00
-1.764678503526937225e+00
-1.725663909816884445e+00
-1.689295749842488759e+00
-1.655516022709687007e+00
-1.624416660232055776e+00
-1.595902178338620692e+00
-1.570064508842957895e+00
-1.546808167674092127e+00
-1.526187603468690979e+00
-1.508182298509598951e+00
-1.492809218256572867e+00
-1.480047844992459227e+00
-1.469877661000102975e+00
-1.462278148562350388e+00
-1.457303756315867505e+00
-1.454933966543500379e+00
-1.455073295174275083e+00
-1.457813674021767980e+00
-1.463093787812437929e+00
-1.470910281790970497e+00
-1.481260235140265058e+00
-1.494125733772456277e+00
-1.509485115281990586e+00
-1.527324213898692440e+00
-1.547621367217007826e+00
-1.570358661149072077e+00
-1.595521929924711202e+00
-1.623089511138370522e+00
-1.653035994066803127e+00
-1.685332219669071874e+00
-1.719956525539620973e+00
-1.756883500955204624e+00
-1.796083986874885241e+00
-1.837528824257725013e+00
-1.881196350698169262e+00
-1.927049910519897935e+00
-1.975056596364283656e+00
-2.025183500872696829e+00
-2.077397716686509632e+00
-2.131662588129402902e+00
-2.187948956160439717e+00
-2.246220165103299138e+00
-2.306428314328590634e+00
-2.368536748159993710e+00
-2.432493817650425605e+00
-2.498255370488185356e+00
-2.565781002679262013e+00
-2.635026561911953724e+00
-2.705940399239179062e+00
-2.778474614031543499e+00
-2.852581305659656952e+00
-2.928205076858743983e+00
-3.005298026999411398e+00
-3.083804758816886871e+00
-3.163677371681776762e+00
-3.244860468329307412e+00
-3.327298651494704274e+00
-3.410929027277811443e+00
-3.495692450096163029e+00
-3.581526026049604461e+00
-3.668370609555668072e+00
-3.756167055031890190e+00
-3.844848720260423125e+00
-3.934356459658802319e+00
-4.024623631009179192e+00
-4.115579843776017377e+00
-4.207162204059160082e+00
-4.299300321323067386e+00
-4.391943593795684997e+00
-4.485060601675835201e+00
-4.578628468972743448e+00
-4.672620571377954057e+00
-4.767002787947620668e+00
-4.861755991008664068e+00
-4.956849807934934127e+00
-5.052253866100277158e+00
-5.147941541196233928e+00
-5.243882460596651640e+00
-5.340042503357684822e+00
-5.436387548535495107e+00
-5.532890971821617931e+00
-5.629518652272213153e+00
-5.726236468943433522e+00
-5.823010300891441560e+00
-5.919806027172390905e+00
-6.016578281889365165e+00
-6.113292944098524195e+00
-6.209908396220641613e+00
-6.306383020676490148e+00
-6.402678948204540532e+00
-6.498754561225563720e+00
-6.594568242160335991e+00
-6.690070876794250943e+00
-6.785220847548084855e+00
-6.879972788524918670e+00
-6.974281333827840434e+00
-7.068101117559929314e+00
-7.161386773824275132e+00
-7.254092936723957052e+00
-7.346170492044372224e+00
-7.437570325570908913e+00
-7.528250819724347842e+00
-7.618166608607768175e+00
-7.707261081371183487e+00
-7.795496368753060956e+00
-7.882812111585717929e+00
-7.969155447336857101e+00
-8.054473513474183832e+00
-8.138713447465395490e+00
-8.221814890142814747e+00
-8.303728727291835199e+00
-8.384402096380156877e+00
-8.463774638240103343e+00
-8.541797238657064639e+00
-8.618420783416434361e+00
-8.693592409985916092e+00
-8.767259255833211640e+00
-8.839364710108329248e+00
-8.909867351196208318e+00
-8.978749031244568357e+00
-9.045988050047604645e+00
-9.111626428800249755e+00
-9.175574997578261005e+00
-9.237875777576581626e+00
-9.298533306813231647e+00
-9.357477156952423769e+00
-9.414749349189097671e+00
-9.470354421541276935e+00
-9.524221945673177814e+00
-9.576356459602823890e+00
-9.626799984525154841e+00
-9.675482092104378040e+00
-9.722444803535436719e+00
-9.767655173659443690e+00
-9.811080257317520648e+00
-9.852762075704605493e+00
-9.892630200484905600e+00
-9.930726652853364200e+00
-9.967018487651095882e+00
-1.000151024289612955e+01
-1.003416897342958336e+01
-1.006499921726948799e+01
-1.009400551243387056e+01
-1.012119239694076178e+01
-1.014648944245436546e+01
-1.016997615334653560e+01
-1.019158210128147779e+01
-1.021131182427722450e+01
-1.022916986035179931e+01
-1.024516074752323114e+01
-1.025928902380955066e+01
-1.027152174405187601e+01
-1.028186344626823789e+01
-1.029031866847666166e+01
-1.029685446551826722e+01
-1.030151285858799071e+01
-1.030426090252695559e+01
-1.030514061853009622e+01
-1.030411906143853429e+01
-1.030116328609338616e+01
-1.029635279686650051e+01
-1.028961716542209004e+01
-1.028099841295508554e+01
-1.027046359430661404e+01
-1.025805473067160634e+01
-1.024373887689118590e+01
-1.022752057098338163e+01
-1.020944183414312967e+01
-1.018946993967280257e+01
-1.016761051789670667e+01
-1.014390690077730461e+01
-1.011836493710015716e+01
-1.009095299247391253e+01
-1.006175188203794235e+01
-1.003076745457780916e+01
-9.997930592525248628e+00
-9.963359594196546709e+00
-9.926985342023440850e+00
-9.888888651145311570e+00
-9.849037887170803529e+00
-9.807476382062382925e+00
-9.764209984605608739e+00
-9.719244543586036400e+00
-9.672623390966133883e+00
-9.624352375531461945e+00
-9.574474829244481455e+00
-9.522996600890756724e+00
-9.469961022432746844e+00
-9.415336459479107134e+00
-9.359241210346116446e+00
-9.301606157465519331e+00
-9.242474632799780210e+00
-9.181927451488272496e+00
-9.119932979139649731e+00
-9.056534547716378114e+00
-8.991775489180918512e+00
-8.925661652318835237e+00
-8.858236369092594487e+00
-8.789542971464658905e+00
-8.719624791397500019e+00
-8.648525160853585803e+00
-8.576249928618466356e+00
-8.502842426654614982e+00
-8.428345986924497879e+00
-8.352803941390581244e+00
-8.276259622015333051e+00
-8.198718877584306952e+00
-8.120262523236887020e+00
-8.040896407758623354e+00
-7.960663863111988370e+00
-7.879645704436353704e+00
-7.797810297340372898e+00
-7.715275940140330135e+00
-7.632048481621779956e+00
-7.548171253747193887e+00
-7.463725071655945342e+00
-7.378715784133593303e+00
-7.293224206319513847e+00
-7.207250072269753893e+00
-7.120881106653050630e+00
-7.034086469877897763e+00
-6.946872805529703321e+00
-6.859284240370779884e+00
-6.771327417986535480e+00
-6.683046465139281800e+00
-6.594410542237518769e+00
-6.505463776043559854e+00
-6.416212810142810419e+00
-6.326664288120678492e+00
-6.236862336739475765e+00
-6.146813599584608490e+00
-6.056562203418393686e+00
-5.966114791826234942e+00
-5.875515491570450166e+00
-5.784808429413353714e+00
-5.694000248940350950e+00
-5.603135076913755341e+00
-5.512257040095885685e+00
-5.421335298895235688e+00
-5.330451463251031363e+00
-5.239649659925587066e+00
-5.148899049327399169e+00
-5.058243758218783803e+00
-4.967765396538965206e+00
-4.877433124696438860e+00
-4.787291069453520009e+00
-4.697383357572525675e+00
-4.607754115815769325e+00
-4.518409987768658098e+00
-4.429432583370416232e+00
-4.340828546206449090e+00
-4.252642003039073693e+00
-4.164879597453692739e+00
-4.077622939389535794e+00
-3.990841189255092125e+00
-3.904653440166502953e+00
-3.819028852532261098e+00
-3.734049036291592572e+00
-3.649720635029902738e+00
-3.566087775509506397e+00
-3.483194584492718793e+00
-3.401085188741856058e+00
-3.319803715019234769e+00
-3.239356806910257625e+00
-3.159863557531062739e+00
-3.081330610467053699e+00
-3.003802092480543529e+00
-2.927284647156943365e+00
-2.851853915554437791e+00
-2.777486696853249448e+00
-2.704191304529470319e+00
-2.632013535236103596e+00
-2.560886736095426386e+00
-2.490894186937349097e+00
-2.421969234884146172e+00
-2.354195159765733791e+00
-2.287542791881292281e+00
-2.221982961530007294e+00
-2.157598948541792794e+00
-2.094324100038921443e+00
-2.032241695851307650e+00
-1.971322566278134181e+00
-1.911537541618586244e+00
-1.852969901702575362e+00
-1.795552993652378193e+00
-1.739370097297906703e+00
-1.684354559761435555e+00
-1.630552177695965499e+00
-1.577971264577594956e+00
-1.526620133882413910e+00
-1.476507099086517449e+00
-1.427602990489090562e+00
-1.379953604743136220e+00
-1.333529772147836745e+00
-1.288377289356196664e+00
-1.244504469844308847e+00
-1.201882143911360723e+00
-1.160556108210352155e+00
-1.120497193040467021e+00
-1.081751195054711179e+00
-1.044326427729177498e+00
-1.008193721363048967e+00
-9.733988726093304455e-01
-9.399127117672050336e-01
-9.077435523127659334e-01
-8.768997077221080128e-01
-8.473894914713238080e-01
-8.192212170365086310e-01
-7.923657147168449155e-01
-7.668687811653385200e-01
-7.427387298580793162e-01
-7.199089079173454087e-01
-6.984625951730468740e-01
-6.783706219243696989e-01
-6.596188117412613572e-01
-6.422304713705789814e-01
-6.261989210176523990e-01
-6.115212292055025589e-01
-5.981975270952297752e-01
-5.862252031294902244e-01
-5.755972117536357624e-01
-5.663140040484018201e-01
-5.583647861414509084e-01
-5.517387641604442061e-01
-5.464363891861171441e-01
-5.424468673461310120e-01
-5.397669014035310076e-01
-5.383819491682876324e-01
-5.382887134034441967e-01
-5.394801485543547770e-01
-5.419342157956075212e-01
-5.456513662079380822e-01
-5.506095609659349410e-01
-5.568017545149516190e-01
-5.642134046649590617e-01
-5.728374658613096804e-01
-5.826556475962841875e-01
-5.936496593621625184e-01
-6.058087072866065181e-01
-6.191145008618960111e-01
-6.335524978980026090e-01
-6.491081562048972575e-01
-6.657631852748594481e-01
-6.834992946001698932e-01
-7.023019419907992056e-01
-7.221490886213365323e-01
-7.430186956663707987e-01
-7.648999692535641826e-01
-7.877708705575059422e-01
-8.116131090704759021e-01
-8.363971493316813000e-01
-8.621047008334019601e-01
-8.887137247502269188e-01
-9.161946856213636359e-01
-9.445255446214010364e-01
-9.736805146072370354e-01
-1.003637556753460780e+00
-1.034370883916970518e+00
-1.065850960636973266e+00
-1.098048251452675705e+00
-1.130940717538667650e+00
-1.164496199611772198e+00
-1.198690784687732380e+00
-1.233495312137525390e+00
-1.268879496836818888e+00
-1.304811554334206924e+00
-1.341260075010049846e+00
-1.378194024076478952e+00
-1.415586167805215068e+00
-1.453425601201645767e+00
-1.491705220330749926e+00
-1.530414922603352768e+00
-1.569543143586380252e+00
-1.609078393813112129e+00
-1.649009446199066975e+00
-1.689324886243877888e+00
-1.730013486863063665e+00
-1.771063046409542041e+00
-1.812460351190455121e+00
-1.854190050971861625e+00
-1.896238669678664612e+00
-1.938591231908691315e+00
-1.981233511923307322e+00
-2.024151283983877558e+00
-2.067328448192923052e+00
-2.110745531167039779e+00
-2.154380810532213530e+00
-2.198213313577964012e+00
-2.242222067593813151e+00
-2.286384975373975781e+00
-2.330681813871512631e+00
-2.375090485880635871e+00
-2.419590393522638383e+00
-2.464159814423501960e+00
-2.508777775872749416e+00
-2.553422930328131280e+00
-2.598074305079171697e+00
-2.642710177751852907e+00
-2.687308938421688609e+00
-2.731845266329679944e+00
-2.776293278469172510e+00
-2.820626979383982214e+00
-2.864820636000162235e+00
-2.908847728097053498e+00
-2.952682897432478359e+00
-2.996300298482959423e+00
-3.039672961229713533e+00
-3.082774290485724933e+00
-3.125578815559286738e+00
-3.168058816768076991e+00
-3.210188448588618737e+00
-3.251941490665666290e+00
-3.293290223316896803e+00
-3.334204303037605843e+00
-3.374654135986624226e+00
-3.414604505846249083e+00
-3.454030316756541374e+00
-3.492897102063335257e+00
-3.531182388170241548e+00
-3.568870442217381811e+00
-3.605965021038034291e+00
-3.642458636512408532e+00
-3.678347548838398318e+00
-3.713635514849284558e+00
-3.748315046425275021e+00
-3.782382403764266599e+00
-3.815833847064157069e+00
-3.848665636522844657e+00
-3.880870284020534466e+00
-3.912444049755126052e+00
-3.943375697289133175e+00
-3.973665235138146290e+00
-4.003305175182370945e+00
-4.032284280984323566e+00
-4.060602561059591942e+00
-4.088248778970692499e+00
-4.115219194915522571e+00
-4.141510069091978608e+00
-4.167113913380269707e+00
-4.192019491342910520e+00
-4.216226811495490168e+00
-4.239724637400522411e+00
-4.262512977573597261e+00
-4.284580595577231144e+00
-4.305923751609320504e+00
-4.326538705867764456e+00
-4.346414221915074982e+00
-4.365546559949154748e+00
-4.383928231850208412e+00
-4.401555497816131535e+00
-4.418420869727134104e+00
-4.434516859463419891e+00
-4.449835978905197997e+00
-4.464370739932673970e+00
-4.478121151061436045e+00
-4.491075975853999758e+00
-4.503231474508264220e+00
-4.514587655539816780e+00
-4.525133282511174748e+00
-4.534868363937925473e+00
-4.543781663382584490e+00
-4.551876937678430046e+00
-4.559142950387981230e+00
-4.565583458344515400e+00
-4.571187225110549868e+00
-4.575950510883980193e+00
-4.579877072498087287e+00
-4.582955673515386685e+00
-4.585187256785532739e+00
-4.586572754176759581e+00
-4.587114031891363908e+00
-4.586820452767025103e+00
-4.585690134688353403e+00
-4.583732440493028193e+00
-4.580945488065656157e+00
-4.577338640243918455e+00
-4.572913763230112671e+00
-4.567676471544229955e+00
-4.561632379706259677e+00
-4.554790850553879444e+00
-4.547153750289391283e+00
-4.538726693432782788e+00
-4.529515294504044221e+00
-4.519547657929311235e+00
-4.508784418416279749e+00
-4.497268673661850791e+00
-4.484987296597556572e+00
-4.472002126508755282e+00
-4.458262553150068364e+00
-4.443792932629942349e+00
-4.428617621056819331e+00
-4.412723491362235073e+00
-4.396134899654634332e+00
-4.378876202042461863e+00
-4.360934271457250766e+00
-4.342333464007445798e+00
-4.323098135801491715e+00
-4.303215159770924281e+00
-4.282671408847274819e+00
-4.261528722315901518e+00
-4.239811456285245583e+00
-4.217469000509934673e+00
-4.194563194275319873e+00
-4.171080910512937834e+00
-4.147083988508140528e+00
-4.122521818015557393e+00
-4.097456238320536848e+00
-4.071874122354618208e+00
-4.045837309403152560e+00
-4.019332672397675665e+00
-3.992347084269721069e+00
-3.964979867481555509e+00
-3.937142928610890991e+00
-3.908935590119993364e+00
-3.880344724940395729e+00
-3.851432172357453609e+00
-3.822147322125790669e+00
-3.792514530353852109e+00
-3.762630338466128599e+00
-3.732392747851469572e+00
-3.701921877922411230e+00
-3.671112949030029604e+00
-3.640048597409950126e+00
-3.608699009767069477e+00
-3.577071855983192883e+00
-3.545174805940128238e+00
-3.513015529519678992e+00
-3.480639179780563364e+00
-3.448015943427675367e+00
-3.415116007165913015e+00
-3.382022007230901295e+00
-3.348741613504446324e+00
-3.315207529514534013e+00
-3.281502391496790239e+00
-3.247596386156111681e+00
-3.213497183374304900e+00
-3.179249936210083671e+00
-3.144862314545255444e+00
-3.110304505084716897e+00
-3.075621660887183140e+00
-3.040821451834459843e+00
-3.005911547808352680e+00
-2.970937101867579866e+00
-2.935868300717035417e+00
-2.900712814238525006e+00
-2.865553278667677173e+00
-2.830359880709385045e+00
-2.795140290245456072e+00
-2.759939660334605360e+00
-2.724728177681730035e+00
-2.689550995345546092e+00
-2.654415783207858315e+00
-2.619330211150473708e+00
-2.584339432232107381e+00
-2.549451116334565892e+00
-2.514635450162745922e+00
-2.479975069952272015e+00
-2.445477645584950732e+00
-2.411113363765678752e+00
-2.376927377553170739e+00
-2.342964840006144023e+00
-2.309233421006404274e+00
-2.275703307258845953e+00
-2.242457134999097157e+00
-2.209465090932051901e+00
-2.176772328116428401e+00
-2.144386516434030998e+00
-2.112352808943575244e+00
-2.080638406157982789e+00
-2.049311013352997257e+00
-2.018322900081656712e+00
-1.987738785427731525e+00
-1.957473455767348769e+00
-1.927591630184277260e+00
-1.898120544585376157e+00
-1.869012468523683301e+00
-1.840294637906058295e+00
-1.811919322285538758e+00
-1.783988723922804054e+00
-1.756417629193983254e+00
-1.729270757182842511e+00
-1.702500377442423662e+00
-1.676171209056494193e+00
-1.650235521578090836e+00
-1.624720550914074302e+00
-1.599616049794392758e+00
-1.574986737302815465e+00
-1.550747399815469052e+00
-1.526962756416124334e+00
-1.503622559834727923e+00
-1.480754045978139199e+00
-1.458346967576306996e+00
-1.436391077359180812e+00
-1.414913611233617363e+00
-1.393904321929566148e+00
-1.373375452083122283e+00
-1.353339244330380442e+00
-1.333800444672051055e+00
-1.314760050791159207e+00
-1.296222808688414219e+00
-1.278197212682221640e+00
-1.260684260455601891e+00
-1.243692446326960965e+00
-1.227226516297007963e+00
-1.211298713001840222e+00
-1.195913782442169060e+00
-1.181076470618707575e+00
-1.166791523532167973e+00
-1.153071183818645595e+00
-1.139920197478851982e+00
-1.127339562195809552e+00
-1.115334023970230071e+00
-1.103912077120518864e+00
-1.093078467647385921e+00
-1.082834193233855435e+00
-1.073187748198329183e+00
-1.064140130223829583e+00
-1.055699833628760631e+00
-1.047869627629953948e+00
-1.040640625991028356e+00
-1.034013210644795455e+00
-1.027972770253302137e+00
-1.022515938431669991e+00
-1.017631852159637029e+00
-1.013317145052323065e+00
-1.009557205771776767e+00
-1.006344919615426603e+00
-1.003676920198393496e+00
-1.001538596182724783e+00
-9.999228328658500420e-01
-9.988225155451986303e-01
-9.982267812005091168e-01
-9.981285151292110802e-01
-9.985168543110420902e-01
-9.993846840434331691e-01
-1.000724889623812563e+00
-1.002522859714228165e+00
-1.004771479612109664e+00
-1.007456137979504396e+00
-1.010573468431532396e+00
-1.014105111312550545e+00
-1.018043951919988421e+00
-1.022379127233584262e+00
-1.027096025915385846e+00
-1.032183784945131189e+00
-1.037631541302559190e+00
-1.043428431967408310e+00
-1.049556097284034983e+00
-1.056011170867559468e+00
-1.062775293062338422e+00
-1.069837600848110304e+00
-1.077183482886922672e+00
-1.084798327840823307e+00
-1.092671272689549777e+00
-1.100787706095150753e+00
-1.109129268401981783e+00
-1.117685096589781546e+00
-1.126440579320598045e+00
-1.135381105256478396e+00
-1.144488314741779256e+00
-1.153747596438547740e+00
-1.163144339008832073e+00
-1.172663931114678926e+00
-1.182284264782754724e+00
-1.191998225310487936e+00
-1.201779956406853644e+00
-1.211618595051590752e+00
-1.221492033271363686e+00
-1.231391288693480579e+00
-1.241322398170904728e+00
-1.251308272474932037e+00
-1.261364325741477721e+00
-1.271498475471072975e+00
-1.281729884117323692e+00
-1.292070217498453077e+00
-1.302538638068065913e+00
-1.313146811644386291e+00
-1.323906404045636753e+00
-1.334832829407732069e+00
-1.345941501866586343e+00
-1.357240338922731659e+00
-1.368744754712082790e+00
-1.380466415052862494e+00
-1.392416985763294424e+00
-1.404608132661601561e+00
-1.417051521566007555e+00
-1.429758818294735168e+00
-1.442741688666008049e+00
-1.456008050180358726e+00
-1.469569568656010183e+00
-1.483437909911185626e+00
-1.497620991446417360e+00
-1.512134227397619934e+00
-1.526981786947634312e+00
-1.542171587596993243e+00
-1.557715295163919489e+00
-1.573617078831254901e+00
-1.589892352734912917e+00
-1.606537789422353812e+00
-1.623572551347182591e+00
-1.641000807692240215e+00
-1.658826727640368537e+00
-1.677061977009790317e+00
-1.695710724983346962e+00
-1.714780889061571001e+00
-1.734284135062685861e+00
-1.754220883851841606e+00
-1.774599052929570320e+00
-1.795426559796404753e+00
-1.816707573635185646e+00
-1.838450011946446638e+00
-1.860654295595336460e+00
-1.883328342082388085e+00
-1.906480068908133596e+00
-1.930109896937723946e+00
-1.954225743671690774e+00
-1.978831778292875487e+00
-2.003932169984119938e+00
