# tt
5.281756176145389645e+02
4.998673118604132810e+02
4.714516093192244739e+02
4.490774343352433675e+02
4.326538798133680643e+02
4.212110508708264547e+02
4.135586703047726473e+02
4.088337235107115362e+02
4.063915248843474615e+02
4.056055785125695934e+02
4.067149713188733813e+02
4.085784452713106703e+02
4.111770229290963812e+02
4.139765395943531985e+02
4.178219301388253371e+02
4.225885628217525323e+02
4.276610584013430412e+02
4.334172856927483508e+02
4.390458584708430294e+02
4.448932717969360056e+02
4.509679032861335486e+02
4.570729948622554843e+02
4.633666397688245979e+02
4.699034977639181534e+02
4.764243648081912852e+02
4.831372884005587025e+02
4.899622876538978176e+02
4.968680179711656137e+02
5.039588518496567531e+02
5.109225526750289532e+02
5.181588053201523962e+02
5.254071010959241903e+02
5.326649533459199120e+02
5.402277829253520167e+02
5.476410708896315782e+02
5.551670798303647416e+02
5.628562320542515636e+02
5.706566510916542256e+02
5.785255577174916652e+02
5.864180149984980517e+02
5.943366799340354873e+02
6.022895484506627781e+02
6.103033580633942847e+02
6.184123429226257258e+02
6.266012294560754299e+02
6.348628706737526954e+02
6.431855916752808753e+02
6.515652141956654759e+02
6.600312948291305020e+02
6.686147341478995259e+02
6.772880872354475059e+02
6.860140082001751125e+02
6.947813893743206108e+02
7.035866197255043062e+02
7.124851964606094725e+02
7.215291574113505249e+02
7.306984575295202831e+02
7.399505618607665838e+02
7.492766703099554206e+02
7.586815984339988290e+02
7.681683996326263468e+02
7.777462463222312863e+02
7.874168142838249196e+02
7.971930242514918064e+02
8.070938069584605046e+02
8.171096566868652644e+02
8.272220844472203680e+02
8.374088529323494186e+02
8.476552214704576045e+02
8.579502502277114218e+02
8.683506791697935796e+02
8.789133007826565063e+02
8.896424311045783497e+02
9.005386378561473748e+02
9.115795294036919358e+02
9.227033531441761625e+02
9.339041117918154669e+02
9.452057946023533077e+02
9.566211458784600836e+02
9.681635018315171237e+02
9.798373213546743727e+02
9.916289136613368100e+02
1.003535832917983498e+03
1.015551884973401911e+03
1.027673641964493982e+03
1.039886251274475399e+03
1.052181374892367330e+03
1.064565668077955024e+03
1.077042037773332822e+03
1.089616656195407813e+03
1.102290015071886728e+03
1.115069619722979496e+03
1.127951730515824465e+03
1.140943852770631565e+03
1.154042246854538689e+03
1.167246921452374409e+03
1.180561633566658202e+03
1.193975146929145467e+03
1.207494966860047043e+03
1.221117353726500596e+03
1.234842316213334698e+03
1.248662366369995652e+03
1.262577512881312487e+03
1.276584016114422411e+03
1.290678136436463092e+03
1.304856134214572421e+03
1.319110521498196704e+03
1.333445055289855645e+03
1.347852247638995550e+03
1.362328341738110339e+03
1.376873260398807588e+03
1.391483160940359539e+03
1.406154200682038663e+03
1.420882536943118112e+03
1.435668075360560579e+03
1.450506973253639217e+03
1.465391639623935589e+03
1.480321980108412617e+03
1.495294152026343454e+03
1.510304312697000114e+03
1.525344871121964161e+03
1.540415732938199881e+03
1.555513055464979061e+03
1.570629247703883493e+03
1.585764215291876553e+03
1.600910367230539805e+03
1.616063860839145946e+03
1.631224601754658806e+03
1.646384998978658814e+03
1.661537547003865939e+03
1.676686327240621722e+03
1.691820513319642487e+03
1.706940523824716593e+03
1.722039280704250132e+03
1.737117202542031464e+03
1.752167211286468046e+03
1.767185977203657330e+03
1.782166422242005638e+03
1.797112713302992461e+03
1.812014024017333440e+03
1.826867024651126485e+03
1.841672133788159499e+03
1.856418525059148806e+03
1.871106617047882537e+03
1.885721835067385655e+03
1.900260849383755158e+03
1.914716581945399184e+03
1.929081954700722008e+03
1.943349889598131995e+03
1.957509516434936813e+03
1.971564782945577235e+03
1.985508348078016297e+03
1.999340367415596120e+03
2.013057248223969282e+03
2.026662894404169947e+03
2.040146216586468654e+03
2.053511118671900022e+03
2.066750259608424130e+03
2.079860046661694923e+03
2.092829390461980893e+03
2.105654698274935981e+03
2.118332377366211858e+03
2.130851338366078380e+03
2.143211736857879714e+03
2.155406231789576850e+03
2.167431230426821003e+03
2.179283140035266570e+03
2.190958367880564310e+03
2.202453321228366349e+03
2.213760659026635039e+03
2.224884285176404774e+03
2.235813110307944498e+03
2.246543541686907247e+03
2.257075734896636732e+03
2.267402436366232905e+03
2.277520490767043611e+03
2.287423081933866797e+03
2.297110890336879493e+03
2.306580848128570324e+03
2.315826139143734963e+03
2.324847443852553170e+03
2.333641694407510386e+03
2.342202074643405012e+03
2.350529265030414081e+03
2.358616449403335537e+03
2.366464308232347776e+03
2.374069773669936694e+03
2.381426029550899329e+03
2.388533756345415441e+03
2.395389886205971834e+03
2.401987602967364637e+03
2.408323838782081111e+03
2.414403022437992149e+03
2.420218337769892514e+03
2.425770465247961965e+03
2.431060085342379352e+03
2.436087878523321251e+03
2.440843280307894929e+03
2.445334467801659684e+03
2.449554603480714832e+03
2.453500512704057655e+03
2.457161502836604541e+03
2.460541874514037772e+03
2.463627186783583056e+03
2.466421740280921313e+03
2.468918590688661880e+03
2.471114542007102955e+03
2.473025139824999314e+03
2.474643439824958477e+03
2.475973742642662728e+03
2.477024097231483211e+03
2.477795055909411076e+03
2.478290919312126334e+03
2.478512239757620137e+03
2.478452072928500911e+03
2.478110971142758899e+03
2.477489486718383432e+03
2.476584423655674073e+03
2.475392585954930382e+03
2.473918274251833736e+03
2.472154544228992563e+03
2.470105696522085964e+03
2.467776031766798042e+03
2.465166102281117674e+03
2.462272712065344422e+03
2.459100161755159206e+03
2.455649003668551813e+03
2.451923538441204528e+03
2.447920570073416002e+03
2.443644399200867610e+03
2.439099326459239819e+03
2.434282155848833099e+03
2.429193439687636783e+03
2.423841226929023378e+03
2.418218573255601314e+03
2.412337275938433322e+03
2.406194138977818966e+03
2.399793463009439620e+03
2.393135800351285070e+03
2.386221703321345103e+03
2.379059220872993592e+03
2.371648905324218958e+03
2.363991308993012808e+03
2.356094480832745830e+03
2.347962721479100765e+03
2.339592834932377173e+03
2.330996618463635969e+03
2.322170876073177624e+03
2.313123656714374647e+03
2.303851681421587728e+03
2.294358836000804786e+03
2.284645174974386464e+03
2.274718249500071124e+03
2.264570617464838506e+03
2.254209830026428335e+03
2.243639690024891024e+03
2.232867748617967209e+03
2.221897808645707755e+03
2.210741169583544433e+03
2.199397885953835612e+03
2.187879257232013515e+03
2.176189086258129464e+03
2.164331175872231597e+03
2.152305580596681011e+03
2.140116103271525844e+03
2.127770295054508551e+03
2.115268210467987501e+03
2.102609904034321517e+03
2.089799178593561919e+03
2.076847333621140478e+03
2.063750675321723065e+03
2.050524251488435311e+03
2.037164368325944679e+03
2.023678576991991122e+03
2.010078176962008001e+03
1.996363222758353913e+03
1.982537517221078588e+03
1.968608611507923797e+03
1.954584056776629723e+03
1.940463907549555870e+03
1.926255714984443557e+03
1.911967030239033420e+03
1.897597907835684737e+03
1.883155898932138371e+03
1.868644806368444733e+03
1.854075929620035367e+03
1.839449323209269551e+03
1.824768789976198150e+03
1.810045629396251798e+03
1.795283644309481588e+03
1.780482889238245889e+03
1.765650915340286474e+03
1.750795273773343297e+03
1.735916019059777000e+03
1.721020702357327764e+03
1.706109378188354185e+03
1.691193346028289170e+03
1.676276408717182449e+03
1.661362369095083750e+03
1.646458626242912942e+03
1.631571970934303408e+03
1.616705293548376630e+03
1.601865232781944087e+03
1.587058427331818166e+03
1.572284019259428078e+03
1.557552395579278027e+03
1.542866446670487903e+03
1.528229062912179643e+03
1.513639386365782229e+03
1.499111552363491001e+03
1.484640954649043124e+03
1.470237980236943486e+03
1.455905519506312430e+03
1.441642714518579396e+03
1.427459952288248132e+03
1.413360123194439211e+03
1.399349865933964793e+03
1.385428322568254998e+03
1.371598383476430172e+03
1.357874183990685424e+03
1.344247369537067925e+03
1.330732075447772104e+03
1.317323695466536719e+03
1.304032616607864611e+03
1.290857980933186582e+03
1.277806427139313655e+03
1.264880845605367540e+03
1.252084126710469036e+03
1.239422909151430076e+03
1.226896334989680554e+03
1.214511042922032630e+03
1.202266175009916424e+03
1.190168369950144324e+03
1.178224266439527355e+03
1.166433006539495864e+03
1.154797480629171559e+03
1.143320579087674560e+03
1.132008940611817479e+03
1.120865455580720891e+03
1.109889266055814915e+03
1.099083262416221032e+03
1.088450335041059816e+03
1.077989625991761386e+03
1.067704025647446770e+03
1.057596424387236766e+03
1.047665964272561723e+03
1.037915535682542441e+03
1.028351777313991306e+03
1.018973831228337758e+03
1.009788298921426644e+03
1.000797884767540268e+03
9.920015076223028245e+02
9.834018346590293049e+02
9.750052813687259459e+02
9.668070182893252422e+02
9.588097125941427521e+02
9.510160314564932378e+02
9.434248937320005552e+02
9.360352182762892426e+02
9.288496722626739484e+02
9.218671745467787559e+02
9.150941406196096750e+02
9.085219927014086352e+02
9.021608946008728935e+02
8.960060168559353997e+02
8.900600266399110296e+02
8.843218428084238667e+02
8.787903842170983353e+02
8.734720663569395356e+02
8.683583114481905341e+02
8.634555349818566583e+02
8.587589074958711990e+02
8.542710961635493732e+02
8.499872715228237894e+02
8.459101007470097784e+02
8.420422510094221025e+02
8.383751445303032597e+02
8.349151968006588049e+02
8.316613266761127079e+02
8.286087046945984866e+02
8.257599980294309034e+02
8.231141255362339280e+02
8.206662577529406235e+02
8.184153135351753008e+02
8.163639600562524947e+02
8.145111161717966297e+02
8.128482041020495217e+02
8.113778910203262740e+02
8.100990957822509699e+02
8.090107372434478066e+02
8.081042376241583725e+02
8.073860124153891320e+02
8.068474838373819011e+02
8.064875707457608769e+02
8.063051919961496878e+02
8.062955181264818521e+02
8.064612163100722455e+02
8.067974570848538178e+02
8.073031593064506524e+02
8.079773730713415034e+02
8.088159251217317660e+02
8.098185217583728672e+02
8.109848692820158931e+02
8.123071773580303443e+02
8.137851522871671932e+02
8.154185003701780943e+02
8.172031795901226587e+02
8.191313996123707284e+02
8.212103633730552019e+02
8.234247839021636537e+02
8.257818641358288687e+02
8.282775620571114814e+02
8.309078356490715578e+02
8.336648945770784849e+02
8.365559417772653887e+02
8.395694385973104090e+02
8.427088396556559928e+02
8.459663546176715272e+02
8.493454381017987771e+02
8.528382997734073570e+02
8.564408976155574464e+02
8.601566862466912653e+02
8.639778753321778595e+02
8.679004228550779771e+02
8.719240351161424769e+02
8.760371734630497258e+02
8.802470408319330772e+02
8.845383502527794235e+02
8.889108080263405327e+02
8.933641204533672635e+02
8.978904971992287756e+02
9.024933928823679707e+02
9.071612688504625339e+02
9.118975797219546848e+02
9.166982834799049442e+02
9.215593381073732644e+02
9.264767015874203935e+02
9.314500802207969627e+02
9.364716836728727003e+02
9.415374699267075584e+02
9.466396486476710379e+02
9.517779261365141110e+02
9.569445120586065059e+02
9.621353643970078338e+02
9.673464411347789564e+02
9.725737002549797126e+02
9.778205963760526629e+02
9.830793391633668534e+02
9.883458865999824638e+02
9.936201272797387674e+02
9.989026789688274448e+02
1.004183096773454054e+03
1.009462180752898234e+03
1.014733234331057247e+03
1.019993309249519484e+03
1.025239457249872885e+03
1.030464981756015050e+03
1.035663186191843124e+03
1.040842367252018448e+03
1.045988331725055787e+03
1.051113124623308067e+03
1.056202552735290055e+03
1.061268661073353996e+03
1.066297256426015792e+03
1.071296635487935873e+03
1.076260101683011953e+03
1.081180958435141065e+03
1.086060005803602962e+03
1.090890547212294223e+03
1.095665886085112334e+03
1.100386822481337049e+03
1.105046659824864946e+03
1.109646198174975552e+03
1.114182489273257261e+03
1.118656333178989371e+03
1.123061033316068688e+03
1.127401138061466099e+03
1.131677447474460223e+03
1.135879516661257639e+03
1.140015642316519461e+03
1.144071631228761134e+03
1.148052031774952866e+03
1.151950147378991687e+03
1.155759281464775540e+03
1.159483982409273949e+03
1.163117553636384173e+03
1.166657046887695060e+03
1.170107010540176134e+03
1.173460748017725336e+03
1.176719059379621513e+03
1.179882744685144189e+03
1.182952603993572211e+03
1.185925689046493972e+03
1.188799051585497864e+03
1.191573491669863188e+03
1.194242312723486748e+03
1.196806314805648526e+03
1.199262549657936461e+03
1.201608069021938491e+03
1.203839972043891294e+03
1.205959295806314231e+03
1.207963376478683813e+03
1.209853298548167686e+03
1.211633894819624402e+03
1.213298753144839793e+03
1.214852706328671957e+03
1.216293090540597632e+03
1.217617241950093330e+03
1.218833741679708510e+03
1.219932429263538324e+03
1.220921885824131778e+03
1.221795699213274474e+03
1.222554953918133833e+03
1.223200734425878181e+03
1.223734125223674255e+03
1.224152462480998565e+03
1.224453082367328534e+03
1.224640817687521803e+03
1.224709256293364433e+03
1.224663230989714975e+03
1.224500077946049714e+03
1.224217133331845616e+03
1.223822978269651912e+03
1.223311200611254208e+03
1.222690381479202188e+03
1.221957857042972137e+03
1.221114711789732155e+03
1.220162030206649206e+03
1.219104645098582068e+03
1.217936144317316121e+03
1.216665108985401048e+03
1.215288875272313817e+03
1.213804779347530484e+03
1.212221402333600736e+03
1.210532332082310177e+03
1.208746149716208038e+03
1.206860191404771513e+03
1.204879289952858471e+03
1.202797033212254973e+03
1.200625750623201384e+03
1.198362778355174441e+03
1.196005452577649976e+03
1.193562354413178355e+03
1.191034568348926769e+03
1.188419430554371957e+03
1.185721773834372243e+03
1.182942682676095728e+03
1.180083241566708693e+03
1.177144534993380148e+03
1.174135006328577674e+03
1.171047554673681589e+03
1.167889934650754640e+03
1.164666152564168897e+03
1.161372718082913707e+03
1.158009889193670915e+03
1.154589168836193267e+03
1.151103318361780339e+03
1.147556344074803746e+03
1.143948503961944652e+03
1.140287552645265805e+03
1.136566251476065872e+03
1.132792355076407830e+03
1.128969869750663975e+03
1.125091556850132520e+03
1.121165170996876668e+03
1.117194718495268717e+03
1.113176709014297785e+03
1.109115148858336397e+03
1.105010296014064807e+03
1.100866156785855310e+03
1.096686737478079749e+03
1.092472296077418832e+03
1.088223090570553495e+03
1.083950623897237620e+03
1.079647657408770783e+03
1.075325694044905276e+03
1.070981243474632493e+03
1.066618312002323364e+03
1.062240905932350415e+03
1.057853031569084806e+03
1.053454946899207926e+03
1.049046909909400938e+03
1.044636675221725909e+03
1.040224500822864456e+03
1.035810644699497061e+03
1.031399113155995565e+03
1.026997660814422943e+03
1.022599049026077864e+03
1.018214780730714779e+03
1.013845113915014053e+03
1.009490306565656738e+03
1.005154364987014446e+03
1.000837547165768683e+03
9.965476077239817414e+02
9.922848046483346707e+02
9.880493959255085201e+02
9.838453878598747906e+02
9.796767867558056651e+02
9.755438505999818517e+02
9.714541588276025550e+02
9.673995968556473599e+02
9.633943648203783141e+02
9.594301729519113451e+02
9.555099764334353267e+02
9.516404787658301530e+02
9.478171384969031124e+02
9.440466591275334167e+02
9.403319958409105084e+02
9.366648588671503148e+02
9.330594483425145427e+02
9.295074744971192331e+02
9.260118925141531463e+02
9.225831542121877646e+02
9.192092215036474272e+02
9.159042945247941816e+02
9.126638318234348617e+02
9.094907885827590235e+02
9.063843716682636114e+02
9.033475362631385224e+02
9.003869858682629683e+02
8.974981790314441241e+02
8.946803226181799573e+02
8.919401201293505892e+02
8.892767784304535326e+02
8.866932527046778887e+02
8.841850014998307188e+02
8.817624766344827094e+02
8.794173883387500155e+02
8.771564401135125308e+02
8.749788388242681094e+02
8.728837913365144914e+02
8.708780011511321391e+02
8.689569268159274316e+02
8.671235235140895838e+02
8.653807464288075835e+02
8.637278024255790569e+02
8.621638983699020855e+02
8.606919894449658841e+02
8.593112825162678519e+02
8.580247327669973174e+02
8.568277987449612283e+02
8.557309322687301574e+02
8.547220952507295806e+02
8.538117395095299571e+02
8.529990719106290271e+02
8.522795510018345340e+02
8.516561319663346694e+02
8.511280216696277421e+02
8.507019236125936459e+02
8.503695163881515100e+02
8.501335969935078083e+02
8.499969307886718752e+02
8.499585348159621390e+02
8.500211744353883887e+02
8.501763700538868989e+02
8.504306353491584787e+02
8.507829873635215563e+02
8.512324431392946735e+02
8.517780197187962585e+02
8.524187341443448531e+02
8.531573517759502465e+02
8.539891413382398468e+02
8.549168681912229886e+02
8.559395493772187820e+02
8.570524536208542941e+02
8.582583462821389730e+02
8.595599927210826081e+02
8.609489133446217011e+02
8.624316218304570612e+02
8.640033869032158691e+02
8.656632256052164394e+02
8.674101549787778822e+02
8.692431920662183984e+02
8.711651022275477771e+02
8.731711541873935403e+02
8.752603649880738885e+02
8.774280033542165711e+02
8.796805829635222835e+02
8.820133725406182066e+02
8.844216408101326579e+02
8.869044048143830423e+02
8.894644299133799450e+02
8.921007331494414530e+02
8.948048349295039543e+02
8.975795006135773519e+02
9.004237472439800740e+02
9.033365918630305487e+02
9.063170515130472040e+02
9.093603949186580166e+02
9.124656391221811873e+02
9.156318011659352578e+02
9.188578980922392248e+02
9.221391986257201552e+02
9.254784681263879520e+02
9.288634786834877559e+02
9.323044922924115099e+02
9.357892810424042409e+02
9.393243586111672130e+02
9.429012454056364732e+02
9.465190998663230175e+02
9.501738977088164120e+02
9.538692526822802620e+02
9.576050302181871530e+02
9.613698507949369514e+02
9.651748247970753027e+02
9.690085727030019598e+02
9.728709599441903038e+02
9.767656002698029170e+02
9.806848624759312543e+02
9.846286119940480148e+02
9.886004625733168041e+02
9.925890346921370337e+02
9.965979420996731051e+02
1.000627050227397262e+03
1.004668727871400392e+03
1.008722840463155421e+03
1.012789253434134707e+03
1.016864083898120271e+03
1.020947197286584696e+03
1.025034710713309778e+03
1.029126489609768214e+03
1.033222399407432931e+03
1.037318557220085495e+03
1.041414828479198377e+03
1.045507330298553825e+03
1.049595928109624083e+03
1.053680487343882533e+03
1.057749628479728244e+03
1.061810713584015730e+03
1.065859859770527919e+03
1.069889435835354789e+03
1.073903055527659717e+03
1.077896835961224951e+03
1.081863145932141379e+03
1.085809347507263510e+03
1.089724061164990644e+03
1.093610900654487068e+03
1.097465983089534348e+03
1.101285425583914730e+03
1.105065345251408871e+03
1.108805607523490607e+03
1.112506077831631501e+03
1.116159124971923575e+03
1.119764614375838619e+03
1.123318663157158880e+03
1.126821136747356832e+03
1.130268152260214265e+03
1.133659575127204107e+03
1.136991522462107923e+03
1.140260274022621843e+03
1.143462760142101388e+03
1.146603570433198001e+03
1.149679797873181542e+03
1.152688535439321413e+03
1.155626876108887473e+03
1.158503157812222526e+03
1.161310725208905296e+03
1.164050419593896095e+03
1.166719333944465234e+03
1.169318309555572569e+03
1.171844439404488412e+03
1.174298564786173529e+03
1.176674030360206189e+03
1.178971677421547383e+03
1.181192347265157878e+03
1.183329384550616169e+03
1.185387378890573700e+03
1.187355926626918745e+03
1.189243365689993652e+03
1.191043040739377602e+03
1.192752044752339771e+03
1.194374967341531374e+03
1.195905153166532273e+03
1.197343443522302778e+03
1.198694428021493877e+03
1.199955199641375884e+03
1.201126599676909564e+03
1.202209469423055225e+03
1.203200901857082954e+03
1.204105486591644194e+03
1.204916568286317897e+03
1.205638736553755280e+03
1.206265336053535066e+03
1.206797208080618702e+03
1.207227697294584232e+03
1.207561393308083780e+03
1.207795389098386522e+03
1.207923029325071411e+03
1.207952651918481024e+03
1.207877601538194313e+03
1.207702467796862720e+03
1.207424343671756105e+03
1.207044070457835005e+03
1.206558741132369278e+03
1.205972945308010594e+03
1.205287524279719719e+03
1.204499571024766055e+03
1.203613675155801275e+03
1.202626929650095462e+03
1.201540198678937031e+03
1.200358186236619076e+03
1.199074374240689622e+03
1.197693489561769638e+03
1.196209014117407150e+03
1.194618178142840634e+03
1.192921960191000835e+03
1.191121338814817591e+03
1.189213544249529377e+03
1.187199555048066486e+03
1.185080349763359209e+03
1.182864403583719195e+03
1.180548946744385603e+03
1.178138706115979176e+03
1.175638408569120884e+03
1.173049032656741247e+03
1.170367808614078513e+03
1.167595714994063201e+03
1.164729982031933787e+03
1.161767839962930111e+03
1.158706519022290422e+03
1.155546997762945011e+03
1.152286506420132810e+03
1.148929771864475015e+03
1.145481520966592143e+03
1.141942732279414486e+03
1.138318132673563014e+03
1.134608700701967791e+03
1.130822911552940468e+03
1.126961743779411108e+03
1.123026175934310004e+03
1.119013438252875858e+03
1.114920760970347828e+03
1.110752870957346886e+03
1.106503250131421055e+03
1.102169128727809039e+03
1.097755233617132262e+03
1.093266291670011469e+03
1.088695784803994457e+03
1.084059684842775823e+03
1.079355222021593590e+03
1.074587123211069638e+03
1.069756366964133576e+03
1.064875176786788415e+03
1.059933286278890819e+03
1.054939170628753118e+03
1.049886311753923337e+03
1.044779436525022675e+03
1.039615775177289379e+03
1.034392557945963063e+03
1.029118122291448799e+03
1.023789009809452409e+03
1.018409121003154610e+03
1.012978608058045211e+03
1.007508868112687765e+03
1.001992556717189700e+03
9.964410710101141149e+02
9.908545631769507054e+02
9.852331854031897365e+02
9.795770898743211319e+02
9.738901770935257218e+02
9.681688509286025237e+02
9.624207602004235014e+02
9.566423087767874449e+02
9.508336488431848466e+02
9.450024292204867606e+02
9.391413054588019804e+02
9.332541780613108813e+02
9.273449475311946344e+02
9.214100177362521435e+02
9.154532891796645799e+02
9.094786623646125463e+02
9.034825411588951738e+02
8.974725743833845399e+02
8.914489142235702275e+02
8.854154611826336350e+02
8.793723674460643451e+02
8.733310301524252282e+02
8.672841048518248499e+02
8.612392403651342647e+02
8.551928405601530585e+02
8.491525542577530814e+02
8.431147853257330098e+02
8.370796859495828812e+02
8.310511566324842079e+02
8.250293495599263451e+02
8.190144169173989894e+02
8.130140075257750141e+02
8.070207769351615070e+02
8.010461222841216795e+02
7.950864474404546627e+02
7.891456529073415140e+02
7.832238908702715889e+02
7.773288101501173060e+02
7.714530662969864352e+02
7.656080564494418468e+02
7.597901844752827856e+02
7.540033508776900817e+02
7.482514561598445653e+02
7.425346525072361601e+02
7.368529410274729798e+02
7.312132151520156640e+02
7.256147205990621387e+02
7.200567030868090797e+02
7.145421566511447509e+02
7.090703270102663964e+02
7.036479565177528457e+02
6.982705425741105500e+02
6.929410792152275462e+02
6.876588121593008509e+02
6.824267354422188419e+02
6.772478430998696695e+02
6.721213808504502367e+02
6.670465944121579014e+02
6.620227295031896801e+02
6.570565284771248571e+02
6.521434887344695426e+02
6.472828559934207533e+02
6.424813726075577733e+02
6.377382842950777331e+02
6.330490884564866292e+02
6.284205274453638594e+02
6.238555952975973469e+02
6.193460410960024092e+02
6.149023555118491231e+02
6.105200359456435990e+02
6.062020764332739873e+02
6.019514710106284383e+02
5.977674653959041962e+02
5.936493053072982775e+02
5.895962364630079264e+02
5.856150012166120860e+02
5.817010969686173212e+02
5.778575177549112141e+02
5.740835092936915771e+02
5.703783173031548586e+02
5.667449358191898909e+02
5.631826105599932362e+02
5.596943355614533857e+02
5.562756082240763362e+02
5.529331709014414855e+02
5.496625209940544892e+02
5.464666525378039523e+02
5.433448112508867780e+02
5.402999911691914576e+02
5.373276896932237605e+02
5.344346491765629708e+02
5.316163670197149713e+02
5.288720889408775747e+02
5.262085572936291555e+02
5.236212468338453618e+02
5.211092900565673744e+02
5.186755451298969319e+02
5.163153735865532781e+02
5.140353819123289441e+02
5.118309316399434579e+02
5.097048809374981602e+02
5.076525913377125221e+02
5.056769210086881117e+02
5.037807281185262696e+02
5.019593741999465237e+02
5.002157174210503285e+02
4.985488676322480615e+02
4.969579346839503273e+02
4.954420284265673899e+02
4.940002587105097973e+02
4.926354837038790606e+02
4.913430649393944236e+02
4.901258605851577954e+02
4.889829804915793261e+02
4.879097861913783731e+02
4.869091358526566182e+02
4.859801393258243820e+02
4.851256547789832325e+02
4.843372954271615640e+02
4.836179194384608877e+02
4.829703849809825442e+02
4.823900535874460047e+02
4.818760351082619309e+02
4.814311877115315497e+02
4.810508729299745596e+02
4.807342006140012245e+02
4.804802806140220355e+02
4.802919710981385037e+02
4.801646335990700436e+02
4.800973779672271462e+02
4.800930623707112659e+02
4.801470483422420443e+02
4.802584457322295179e+02
4.804263643910844621e+02
4.806499141692173112e+02
4.809319532347294057e+02
4.812640948026494243e+02
4.816529453587696707e+02
4.820901181181185962e+02
4.825784712487977117e+02
4.831171146012173949e+02
4.837051580257881938e+02
4.843379630552296931e+02
4.850183878576430629e+02
4.857381619857819146e+02
4.865044736140626469e+02
4.873096339838633639e+02
4.881571992896342636e+02
4.890394807727529951e+02
4.899637829453614017e+02
4.909224170488367918e+02
4.919189392776300451e+02
4.929531575085006239e+02
4.940173829828259500e+02
4.951189202127480371e+02
4.962500804396441936e+02
4.974106715402741656e+02
4.986079980267794554e+02
4.998306228228466921e+02
5.010858504406174347e+02
5.023734887568513727e+02
5.036858490129260417e+02
5.050264874032922648e+02
5.063952118047092767e+02
5.077880817762459742e+02
5.092049051946618192e+02
5.106379933013345749e+02
5.120946506084056864e+02
5.135634400395617831e+02
5.150516661069444808e+02
5.165516400519314857e+02
5.180631697512824303e+02
5.195935597171386462e+02
5.211313728731869332e+02
5.226839137315689641e+02
5.242434935336623312e+02
5.258174167916083661e+02
5.273979947467850025e+02
5.289887835936425518e+02
5.305820945735589476e+02
5.321739872456026887e+02
5.337717661219152205e+02
5.353677424438741355e+02
5.369579757705483871e+02
5.385460222963882870e+02
5.401279415804626751e+02
5.416997931818399366e+02
5.432688816126616302e+02
5.448275181143055761e+02
5.463755105635312930e+02
5.479126668370984135e+02
5.494387948117662290e+02
5.509499540466039207e+02
5.524459524183706662e+02
5.539229790982501527e+02
5.553814900235764753e+02
5.568220707437988040e+02
5.582453068083660810e+02
5.596442871313455498e+02
5.610233455798768318e+02
5.623793193857185315e+02
5.637127940983194776e+02
5.650206069494375924e+02
5.663070918062132932e+02
5.675690859004042750e+02
5.688071747814595938e+02
5.700181956811378541e+02
5.712027341488875436e+02
5.723576274164670394e+02
5.734872093510160767e+02
5.745845688666021260e+02
5.756577881480559427e+02
5.766962077917538636e+02
5.777079099825267576e+02
5.786859836344417545e+02
5.796347626146385892e+02
5.805473358371849599e+02
5.814280371692204881e+02
5.822737038425035507e+02
5.830886697241736556e+02
5.838660237282985008e+02
5.846100997220177078e+02
5.853139866193986336e+02
5.859857666052721470e+02
5.866185285937053777e+02
5.872128581341473819e+02
5.877693407760472155e+02
5.882885620688540484e+02
5.887673592443256894e+02
5.892063178519115354e+02
5.896060234410604153e+02
5.899633132435302514e+02
5.902787728087706682e+02
5.905529876862301535e+02
5.907865434253581043e+02
5.909762772579124430e+02
5.911227747333421121e+02
5.912266214010963949e+02
5.912884028106243477e+02
5.913049561936838927e+02
5.912806154174152198e+02
5.912122177135763650e+02
5.910966003139251370e+02
5.909418454032929731e+02
5.907373152858482399e+02
5.904912006853849107e+02
5.901967207627254766e+02
5.898620879494557130e+02
5.894805214063986796e+02
5.890527369297582254e+02
5.885831986334300154e+02
5.880651256782364271e+02
5.875067304957634633e+02
5.869012322468338425e+02
5.862530950453427749e+02
5.855592863698038855e+02
5.848242703341119295e+02
5.840450144167808730e+02
5.832222344140150199e+02
5.823566461220183328e+02
5.814489653369954567e+02
5.804999078551508092e+02
5.795064411549975603e+02
5.784692810327401276e+02
5.773928916022740623e+02
5.762742403421123072e+02
5.751140430484597346e+02
5.739167638352114409e+02
5.726756218631896900e+02
5.713913329285991267e+02
5.700721094630257539e+02
5.687149189449831965e+02
5.673167288529848520e+02
5.658857516186168368e+02
5.644152064027016422e+02
5.629095573191345920e+02
5.613695201641202175e+02
5.597920624161716887e+02
5.581816481891844433e+02
5.565389932793626713e+02
5.548610651652199977e+02
5.531523279606516326e+02
5.514134974618619935e+02
5.496377928296734581e+02
5.478371748133632764e+02
5.460048625737539396e+02
5.441453202247406580e+02
5.422555152448367153e+02
5.403399117479380038e+02
5.383992255302482590e+02
5.364341723879721258e+02
5.344417197996228879e+02
5.324263318790960966e+02
5.303887244225958284e+02
5.283295208062548909e+02
5.262489747259180604e+02
5.241509957750495232e+02
5.220282485940410879e+02
5.198883910940475062e+02
5.177278362331511516e+02
5.155504936048162108e+02
5.133565244848159637e+02
5.111460901489237472e+02
5.089193518729127277e+02
5.066764709325562421e+02
5.044213569213182495e+02
5.021504227972813510e+02
4.998675781539096192e+02
4.975729842669763343e+02
4.952630540945635289e+02
4.929416972301357305e+02
4.906090749494661623e+02
4.882690968460189538e+02
4.859181758778764788e+02
4.835602216385026964e+02
4.811953954036711139e+02
4.788238584491550114e+02
4.764457720507273280e+02
4.740612974841616278e+02
4.716743443429219838e+02
4.692850739027817895e+02
4.668898991218230776e+02
4.644964779112011684e+02
4.621012232289983785e+02
4.597042963509878177e+02
4.573096068706338997e+02
4.549173160637097908e+02
4.525275852059887711e+02
4.501405755732439502e+02
4.477564484412486081e+02
4.453791134034671586e+02
4.430087317356725976e+02
4.406454647136383187e+02
4.382857252954466958e+02
4.359409197099436142e+02
4.336037125975206550e+02
4.312780135516418341e+02
4.289677321657715083e+02
4.266692813979918810e+02
4.243828225240762322e+02
4.221122651374887482e+02
4.198615188316936155e+02
4.176269965647733216e+02
4.154088596125008053e+02
4.132109131492306346e+02
4.110327963551866333e+02
4.088740439914830063e+02
4.067379391369244672e+02
4.046202682349343718e+02
4.025243143643174903e+02
4.004496122861880849e+02
3.983994450793510396e+02
3.963733475049205026e+02
3.943671060063193181e+02
3.923840036623527681e+02
3.904273235518257934e+02
3.884928521181612950e+02
3.865838724401645550e+02
3.847036675966402299e+02
3.828442757133207692e+02
3.810127281867020770e+02
3.792085597778980741e+02
3.774313052480228521e+02
3.756767510404995392e+02
3.739556768695150595e+02
3.722563725431105581e+02
3.705896177754729024e+02
3.689474506923342574e+02
3.673369026901907546e+02
3.657537602124651812e+02
3.642013063379627056e+02
3.626790758277973623e+02
3.611903517607740923e+02
3.597309205803161376e+02
3.583003170475374191e+02
3.569018242412428776e+02
3.555387252402377385e+02
3.542030581702538825e+02
3.529018544277874412e+02
3.516309004562614859e+02
3.503934793344808440e+02
3.491891258235596638e+02
3.480173746846120935e+02
3.468777606787520540e+02
3.457735668847846000e+02
3.447043280638238230e+02
3.436658306592926806e+02
3.426613577499962844e+02
3.416904440970486121e+02
3.407563727792546615e+02
3.398549302400376178e+02
3.389893995582023649e+02
3.381555671771720881e+02
3.373604644934426346e+02
3.365961121320724487e+02
3.358657056684975828e+02
3.351724231774803116e+02
3.345119460984012107e+02
3.338874525060224414e+02
3.332983721574154856e+02
3.327441348096515412e+02
3.322241702198021471e+02
3.317341598272475380e+02
3.312847783421321992e+02
3.308642105684543822e+02
3.304793828986674384e+02
3.301297250898428501e+02
3.298109185813608519e+02
3.295261414479838322e+02
3.292710751290922531e+02
3.290526460171392387e+02
3.288665355515054216e+02
3.287121734892619997e+02
3.285889895874803415e+02
3.284964136032318720e+02
3.284376236112789229e+02
3.284083010510017857e+02
3.284075008477029201e+02
3.284384010761443733e+02
3.284993069980905602e+02
3.285896483706125082e+02
3.287088549507817561e+02
3.288563564956697860e+02
3.290319575941168182e+02
3.292350880031942211e+02
3.294651774799735904e+02
3.297216557815260103e+02
3.300039526649230766e+02
3.303118727190051231e+02
3.306444708690743823e+02
3.310015517039714155e+02
3.313821701489984548e+02
3.317857559612268119e+02
3.322124885612660137e+02
3.326610480426493837e+02
3.331308641624481197e+02
3.336213666777336471e+02
3.341323601773465271e+02
3.346621499230506629e+02
3.352109153354556952e+02
3.357773365080947201e+02
3.363612180298082990e+02
3.369612399941295280e+02
3.375768321581297755e+02
3.382074981107101053e+02
3.388526619363208283e+02
3.395118215512422353e+02
3.401844748717543325e+02
3.408712443094444211e+02
3.415705032852856107e+02
3.422824993790958388e+02
3.430067305071554529e+02
3.437426945857445162e+02
3.444895146993738990e+02
3.452474384278621073e+02
3.460155888557199546e+02
3.467934638992277314e+02
3.475805614746654442e+02
3.483763794983130424e+02
3.491804158864509304e+02
3.499921685553590009e+02
3.508111354213173740e+02
3.516368144006063972e+02
3.524683285777367132e+02
3.533055507007577489e+02
3.541479786859494538e+02
3.549943607860539032e+02
3.558445697491202395e+02
3.566977286596594467e+02
3.575533354339515881e+02
3.584108879882768974e+02
3.592695094071463018e+02
3.601283227750707283e+02
3.609872008400994901e+02
3.618452666867435710e+02
3.627012685677448189e+02
3.635554540629216831e+02
3.644065714250158408e+02
3.652537437385385601e+02
3.660968437515387564e+02
3.669346197167585046e+02
3.677669443822471180e+02
3.685925660007462739e+02
3.694106076567671266e+02
3.702209420983588188e+02
3.710223175782632552e+02
3.718142320127605558e+02
3.725954336545926253e+02
3.733657952518086631e+02
3.741240650571506308e+02
3.748697409868985915e+02
3.756015712937943363e+02
3.763194287258872350e+02
3.770220615359191356e+02
3.777090516740396424e+02
3.783799423941073314e+02
3.790354854791576713e+02
3.796715598992275886e+02
3.802937902503509804e+02
3.808988051661029317e+02
3.814869815977499456e+02
3.820586964965581842e+02
3.826105784961030167e+02
3.831430045476506621e+02
3.836563516024674527e+02
3.841547449295106844e+02
3.846310648446646496e+02
3.850894366168865304e+02
3.855302371974428297e+02
3.859463469022177833e+02
3.863456393178595363e+02
3.867247430779434580e+02
3.870802868160450316e+02
3.874201441188122885e+02
3.877334469844386149e+02
3.880280689995723264e+02
3.883006387977886789e+02
3.885515333303539478e+02
3.887773812308435595e+02
3.889823077682146959e+02
3.891666898937336327e+02
3.893271562409757394e+02
3.894640837612071778e+02
3.895741010880034310e+02
3.896650818080126442e+02
3.897299062371192235e+02
3.897689513265893879e+02
3.897825940276894130e+02
3.897749596093766513e+02
3.897426767052263017e+02
3.896823739488138472e+02
3.895981766090963561e+02
3.894867133196493114e+02
3.893521093494298384e+02
3.891909933320133632e+02
3.890037422186660478e+02
3.887944812783453585e+02
3.885560908269353604e+02
3.882889478157026133e+02
3.879971775136042424e+02
3.876811568719065804e+02
3.873337662064939195e+02
3.869628791040144620e+02
3.865613758803526707e+02
3.861371457594015624e+02
3.856831472432694454e+02
3.852035994243826735e+02
3.846989730774762393e+02
3.841659906595943994e+02
3.836051229454723170e+02
3.830168407098452690e+02
3.824053630451393246e+02
3.817636640907076639e+02
3.810997112566674900e+02
3.804064786823720397e+02
3.796881854602474391e+02
3.789415540473378314e+02
3.781708035360695135e+02
3.773726563834864578e+02
3.765513316820150749e+02
3.757035518886994510e+02
3.748335360959656555e+02
3.739380067608581726e+02
3.730174346581118243e+02
3.720722905624619443e+02
3.711030452486436957e+02
3.701139178090833184e+02
3.690978823831339923e+02
3.680591580632217301e+02
3.669982156240819222e+02
3.659117775227586549e+02
3.648040628516780544e+02
3.636755423855754543e+02
3.625266868991858473e+02
3.613542188495535470e+02
3.601623573291046227e+02
3.589478247948833882e+02
3.577148403393158560e+02
3.564601264194463965e+02
3.551879021277010224e+02
3.538948899211240473e+02
3.525815605744505774e+02
3.512521331801066253e+02
3.499070785128276952e+02
3.485431190296578734e+02
3.471607255053321524e+02
3.457603687145858657e+02
3.443462677498451399e+02
3.429151450681541746e+02
3.414674714442481331e+02
3.400074659705532554e+02
3.385318511041136276e+02
3.370410976196645265e+02
3.355394246096320217e+02
3.340272459038090460e+02
3.325009992345279670e+02
3.309608137068698852e+02
3.294105667436069211e+02
3.278503874498204027e+02
3.262804049305911462e+02
3.247007482910004228e+02
3.231077983184383697e+02
3.215054324356769371e+02
3.198937797477973390e+02
3.182729693598807330e+02
3.166431303770082195e+02
3.150043919042607854e+02
3.133568830467197017e+02
3.117007329094660122e+02
3.100398189152717805e+02
3.083705218515272009e+02
3.066967191410043938e+02
3.050147915710933262e+02
3.033248682468752691e+02
3.016345749088131925e+02
2.999365440266063843e+02
2.982309047053358313e+02
2.965252826854647310e+02
2.948123104366920870e+02
2.930996136994809831e+02
2.913835732612217271e+02
2.896643182269953058e+02
2.879457260195737831e+02
2.862241774263473530e+02
2.845035498700880794e+02
2.827802241381860995e+02
2.810580776534135339e+02
2.793409878385424463e+02
2.776215871632720678e+02
2.759075013680653683e+02
2.741913629226215221e+02
2.724807975674034992e+02
2.707759344074926844e+02
2.690712800714335344e+02
2.673725861408436799e+02
2.656792320572660060e+02
2.639917217575507493e+02
2.623101843467789536e+02
2.606354985935700483e+02
2.589681684347742134e+02
2.573090726390107079e+02
2.556583403113605470e+02
2.540168502204433025e+02
2.523851063031090121e+02
2.507635451744754107e+02
2.491530838262685563e+02
2.475530726014056313e+02
2.459639863381109137e+02
2.443862998746089374e+02
2.428197383855859641e+02
2.412644018774972210e+02
2.397207651885672703e+02
2.381889283252513394e+02
2.366689912940048259e+02
2.351610541012830708e+02
2.336663412488486244e+02
2.321842030796186975e+02
2.307154892635868180e+02
2.292606746389774059e+02
2.278194843804766094e+02
2.263923933263089623e+02
2.249798763146988563e+02
2.235816585203326099e+02
2.221982147814345581e+02
2.208296451044601270e+02
2.194760494958644301e+02
2.181375279621031211e+02
2.168145553414003643e+02
2.155072316402116428e+02
2.142160316967613198e+02
2.129406806857356855e+02
2.116816534453591032e+02
2.104394248138560215e+02
2.092137199659127873e+02
2.080050137397537071e+02
2.068130313100650142e+02
2.056386223468402932e+02
2.044815120247657489e+02
2.033418003502967792e+02
2.022199621616576906e+02
2.011153478017657505e+02
2.000291817723834811e+02
1.989611892481972006e+02
1.979114702356621933e+02
1.968801247412338284e+02
1.958680024349056339e+02
1.948744536595946784e+02
1.939003280852945750e+02
1.929449760549224493e+02
1.920092472384717723e+02
1.910932416423979134e+02
1.901963096096180550e+02
1.893193008101256396e+02
1.884619404186069573e+02
1.876243125152778362e+02
1.868064374753957395e+02
1.860086945797480666e+02
1.852303386138146095e+02
1.844717488583824831e+02
1.837329297624699223e+02
1.830138857750948489e+02
1.823146213452754409e+02
1.816351409220297626e+02
1.809750741226067987e+02
1.803344253960245851e+02
1.797135740230703789e+02
1.791117747892240573e+02
1.785297818070418714e+02
1.779668498620037269e+02
1.774233582348967673e+02
1.768985617112009834e+02
1.763928395717034050e+02
1.759061962654221816e+02
1.754378865778372756e+02
1.749886646215048813e+02
1.745574103501358252e+02
1.741445030445172506e+02
1.737499471536672786e+02
1.733733722948348941e+02
1.730144080852690252e+02
1.726734338057569289e+02
1.723500790735475618e+02
1.720443483376590166e+02
1.717554963835711703e+02
1.714839024920712234e+02
1.712291962804081322e+02
1.709910073658308249e+02
1.707689653655884285e+02
1.705626998969298143e+02
1.703725902406422392e+02
1.701978911822055238e+02
1.700382323388687098e+02
1.698936181596498329e+02
1.697636782617979350e+02
1.696480422625619440e+02
1.695467146109599810e+02
1.694589500924719232e+02
1.693847531561158348e+02
1.693237534191407576e+02
1.692752056670265404e+02
1.692394891805603265e+02
1.692158587452220786e+02
1.692035691464915885e+02
1.692033744969252211e+02
1.692138205781285194e+02
1.692351151374388110e+02
1.692671317500882253e+02
1.693097439913088351e+02
1.693628254363327699e+02
1.694258748286230798e+02
1.694991405751809452e+02
1.695821214194694164e+02
1.696746909367205660e+02
1.697767227021665235e+02
1.698880902910394184e+02
1.700086672785713233e+02
1.701379524082253170e+02
1.702758192552334435e+02
1.704221413948278325e+02
1.705767924022406419e+02
1.707392710209348650e+02
1.709094508261426029e+02
1.710868305613268490e+02
1.712712838017197612e+02
1.714626841225534122e+02
1.716605302672908522e+02
1.718646958111641823e+02
1.720746794976364242e+02
1.722903549019397076e+02
1.725115955993060766e+02
1.727375255014295306e+02
1.729683930153111930e+02
1.732036968844141711e+02
1.734429358522014581e+02
1.736859834939050984e+02
1.739323385529881989e+02
1.741814997729137247e+02
1.744337155606828844e+02
1.746881098279895923e+02
1.749441813182969270e+02
1.752021784386060403e+02
1.754612251006108181e+02
1.757211948795434182e+02
1.759815865188668909e+02
1.762418987620442010e+02
1.765020051843074782e+02
1.767614045291197442e+02
1.770199703717130717e+02
1.772768266237814316e+02
1.775318468605569535e+02
1.777845298255025455e+02
1.780343742620813146e+02
1.782812537455253619e+02
1.785242921875286015e+02
1.787634144313671527e+02
1.789987503924934344e+02
1.792293567590965324e+02
1.794561643782110991e+02
1.796782299380261918e+02
1.798953597902691968e+02
1.801081099502055736e+02
1.803159119377935156e+02
1.805189469365295167e+02
1.807166464663717704e+02
1.809091917108166001e+02
1.810960141898223412e+02
1.812776699186544818e+02
1.814535904172711582e+02
1.816235820373998138e+02
1.817874511307676073e+02
1.819453788808710897e+02
1.820971716394375335e+02
1.822422609264251321e+02
1.823808279253303226e+02
1.825126789878803777e+02
1.826376204658027120e+02
1.827554587108245414e+02
1.828663749064423030e+02
1.829698005726142185e+02
1.830659168928367251e+02
1.831545302188371238e+02
1.832358217341118234e+02
1.833088481268499947e+02
1.833737905805479613e+02
1.834312051104712395e+02
1.834797735730399211e+02
1.835200519835194655e+02
1.835518466936372590e+02
1.835749640551204891e+02
1.835892104196965988e+02
1.835943921390928040e+02
1.835906903968055985e+02
1.835779115445622836e+02
1.835554871023209955e+02
1.835235982535782568e+02
1.834824261818304194e+02
1.834310275752666257e+02
1.833703332809214430e+02
1.832990251552149630e+02
1.832180340451817528e+02
1.831267914707800344e+02
1.830247289519680010e+02
1.829124025040112258e+02
1.827896184786369531e+02
1.826561979156529958e+02
1.825120206071888731e+02
1.823573558652236954e+02
1.821920981699674655e+02
1.820165168333992085e+02
1.818301315039598762e+02
1.816332114936285791e+02
1.814256512826152345e+02
1.812080950146681175e+02
1.809796875064589585e+02
1.807410729017359756e+02
1.804917708489400354e+02
1.802320506600503052e+02
1.799621816470457816e+02
1.796820582901364958e+02
1.793919499013015297e+02
1.790913761289817785e+02
1.787806062851563809e+02
1.784602845135734697e+02
1.781295556309048607e+02
1.777894386126678512e+02
1.774394531073033079e+02
1.770794935950212334e+02
1.767105790513389536e+02
1.763318542929281989e+02
1.759435886317680797e+02
1.755464262116068141e+02
1.751398866808852688e+02
1.747242393515825825e+02
1.742997535356777803e+02
1.738663237133808934e+02
1.734242191966710038e+02
1.729733344657580574e+02
1.725139388326212782e+02
1.720459267774704983e+02
1.715703172758231005e+02
1.710866299761199798e+02
1.705951341903401612e+02
1.700960992304628121e+02
1.695897944084669575e+02
1.690764890363317647e+02
1.685560775942671796e+02
1.680288293942522273e+02
1.674946389164970242e+02
1.669545251365187823e+02
1.664076328709893176e+02
1.658546062636568195e+02
1.652960894582694777e+02
1.647312272714991082e+02
1.641614135106320589e+02
1.635861399522761985e+02
1.630059113810144709e+02
1.624208298778276571e+02
1.618306226919274593e+02
1.612353919042946302e+02
1.606356144276791724e+02
1.600310175112927595e+02
1.594217032361161444e+02
1.588077736831301081e+02
1.581897057650846250e+02
1.575672267311913401e+02
1.569404386624310064e+02
1.563098184715536263e+02
1.556750934077708166e+02
1.550371152156016592e+02
1.543956111442577424e+02
1.537506832747199326e+02
1.531028085197381188e+02
1.524520889602930822e+02
1.517986266773656610e+02
1.511425237519365794e+02
1.504838822649866756e+02
1.498231791292658670e+02
1.491601415939858271e+02
1.484956214036655808e+02
1.478289709757476942e+02
1.471610420547511637e+02
1.464919367216567991e+02
1.458213822256763024e+02
1.451502303113286700e+02
1.444782082278255757e+02
1.438057928879169083e+02
1.431330863725835059e+02
1.424605655945753142e+02
1.417879578031039216e+02
1.411161147426883531e+02
1.404451384943094183e+02
1.397747563071788477e+02
1.391058199258156094e+02
1.384384314312004562e+02
1.377723180725451755e+02
1.371083315943687353e+02
1.364465740776518885e+02
1.357867727716063371e+02
1.351297794207511345e+02
1.344753212742979258e+02
1.338242500767657361e+02
1.331762930773662390e+02
1.325323020206184594e+02
1.318920041557340710e+02
1.312562136784093525e+02
1.306248449255109847e+02
1.299977746850831579e+02
1.293752545769389712e+02
1.287575362208915237e+02
1.281444964049849773e+02
1.275360119172632523e+02
1.269323343775396040e+02
1.263333405738579955e+02
1.257392821260315827e+02
1.251500358221044706e+02
1.245658532818898010e+02
1.239866112934315510e+02
1.234125614765429475e+02
1.228439554510370755e+02
1.222806700049580257e+02
1.217229567581188832e+02
1.211706924985637812e+02
1.206241288461058332e+02
1.200831425887890447e+02
1.195479853464266142e+02
1.190189087388316551e+02
1.184954147222791363e+02
1.179777549165821853e+02
1.174665557733231083e+02
1.169613192487767606e+02
1.164622969627563691e+02
1.159697405350750046e+02
1.154839015855458371e+02
1.150042820704438640e+02
1.145318832731204282e+02
1.140662071498504133e+02
1.136075053204470322e+02
1.131556545729542904e+02
1.127109065271853154e+02
1.122735128029533058e+02
1.118429753565332021e+02
1.114199206395072252e+02
1.110038506081503442e+02
1.105953917140447658e+02
1.101944207452345807e+02
1.098008144897638374e+02
1.094151993992147851e+02
1.090370774298623076e+02
1.086667002015196459e+02
1.083043193339998567e+02
1.079501864471161525e+02
1.076034286653743663e+02
1.072650472721258126e+02
1.069345442236454744e+02
1.066121590968247546e+02
1.062980832968680573e+02
1.059917465225198754e+02
1.056937029678319675e+02
1.054037571633179766e+02
1.051220884712605539e+02
1.048481265904041493e+02
1.045824257148005927e+02
1.043244155431943057e+02
1.040750251014062542e+02
1.038329344246426729e+02
1.035990725387244282e+02
1.033732439741651206e+02
1.031552532614783360e+02
1.029449049311776889e+02
1.027420035137767229e+02
1.025471032033271825e+02
1.023600085303427107e+02
1.021801491935677575e+02
1.020080793870541527e+02
1.018436036413154255e+02
1.016861516550960687e+02
1.015362776224479120e+02
1.013934112421153770e+02
1.012581067081502511e+02
1.011297937192970693e+02
1.010086516378384545e+02
1.008944849942880211e+02
1.007870983191593552e+02
1.006862961429660288e+02
1.005926326597598148e+02
1.005055375682852201e+02
1.004248153990557881e+02
1.003502706825851476e+02
1.002820827811559639e+02
1.002204310570509165e+02
1.001643703772453762e+02
1.001144549357911302e+02
1.000701144314326854e+02
1.000315282264527070e+02
9.999850085136476707e+01
9.997121166845155926e+01
9.994909037645757621e+01
9.993194150589638980e+01
9.991994441905067958e+01
9.991290364643403166e+01
9.991062371856003210e+01
9.991290916594225280e+01
9.991956451909430825e+01
9.993076914029884961e+01
9.994559715046197823e+01
9.996469901328912044e+01
9.998761995110911016e+01
1.000146548497889114e+02
1.000453489316574291e+02
1.000799970825816416e+02
1.001181445248903827e+02
1.001597113126815941e+02
1.002053671635913759e+02
1.002542824681794542e+02
1.003063772805437708e+02
1.003619464865513606e+02
1.004205353085310151e+02
1.004820638005807041e+02
1.005468268485674201e+02
1.006143696748199972e+02
1.006846123334363483e+02
1.007574748785144294e+02
1.008332521959212187e+02
1.009111146762165276e+02
1.009913572052673061e+02
1.010738998371714814e+02
1.011582877942579159e+02
1.012451907941626814e+02
1.013334043956764816e+02
1.014232234846663232e+02
1.015149429469991702e+02
1.016077331732347915e+02
1.017018890492402079e+02
1.017973306291133611e+02
1.018936031351830565e+02
1.019902517897781280e+02
1.020879463105347043e+02
1.021858570880124830e+02
1.022842790080785562e+02
1.023827572930616583e+02
1.024812119970598019e+02
1.025795631741708860e+02
1.026773560467237019e+02
1.027745106688162053e+02
1.028709470945463380e+02
1.029665853780119846e+02
1.030613455733110868e+02
1.031543980710033850e+02
1.032460377569559142e+02
1.033361846852665451e+02
1.034243840782641684e+02
1.035105559900466830e+02
1.035942456429429228e+02
1.036753730910507727e+02
1.037542609270431910e+02
1.038302180755091655e+02
1.039033308313818509e+02
1.039736854895943452e+02
1.040413683450797464e+02
1.041060908610021016e+02
1.041679393322944662e+02
1.042270000538899950e+02
1.042829844889527067e+02
1.043359789324156708e+02
1.043860696792120564e+02
1.044325933607367318e+02
1.044763859354610105e+02
1.045167840347798460e+02
1.045534991218571719e+02
1.045873671551643724e+02
1.046177247660963587e+02
1.046442834178171069e+02
1.046678790687979301e+02
1.046874735186646745e+02
1.047035278941195173e+02
1.047161284900955849e+02
1.047246119379877740e+02
1.047294393644983330e+02
1.047306970645603599e+02
1.047277216695687514e+02
1.047205994744566198e+02
1.047094167741570914e+02
1.046938850318341707e+02
1.046744653741900635e+02
1.046504944326197091e+02
1.046224333338252990e+02
1.045899935409708092e+02
1.045528865172203439e+02
1.045115733892760375e+02
1.044653907885328294e+02
1.044147998416929255e+02
1.043595120119203301e+02
1.042992387623790620e+02
1.042344412197713552e+02
1.041648308472611859e+02
1.040901191080126011e+02
1.040100174651895912e+02
1.039253618772634979e+02
1.038351141438600678e+02
1.037401102234506709e+02
1.036396867474302042e+02
1.035335551789626862e+02
1.034225514765194163e+02
1.033056374397261976e+02
1.031836590910596669e+02
1.030560033819411956e+02
1.029228169913356936e+02
1.027842465982080284e+02
1.026404388815231101e+02
1.024911656884767268e+02
1.023361988662646667e+02
1.021760599256209474e+02
1.020105207137413288e+02
1.018397279095906782e+02
1.016634533603648407e+02
1.014818437450286694e+02
1.012946709107779810e+02
1.011024563683467505e+02
1.009049719649308088e+02
1.007019895477258871e+02
1.004944054592351108e+02
1.002812418831160244e+02
1.000633951618717958e+02
9.984026231092907722e+01
9.961236484102187205e+01
9.937984943111503355e+01
9.914211309663528482e+01
9.889967734831662938e+01
9.865268886512393465e+01
9.840054466248388110e+01
9.814376625113048647e+01
9.788250031002866081e+01
9.761651868637414964e+01
9.734596805913184880e+01
9.707136993903574762e+01
9.679212134151256919e+01
9.650836894552719514e+01
9.622063426181361478e+01
9.592868913756758786e+01
9.563268025175403864e+01
9.533237945156875526e+01
9.502830824774571283e+01
9.472023848748074215e+01
9.440831684973866800e+01
9.409231518171534958e+01
9.377275499414476201e+01
9.344978296599174428e+01
9.312317094445211296e+01
9.279344044025990002e+01
9.246036330061085096e+01
9.212371137270076815e+01
9.178438099903277703e+01
9.144214402680260889e+01
9.109714713497518801e+01
9.074914924765354840e+01
9.039860726010782344e+01
9.004521548097721961e+01
8.968904305067005112e+01
8.933015910959461792e+01
8.896900762992827083e+01
8.860490808854110867e+01
8.823867928937968941e+01
8.786964070931405502e+01
8.749861115229070663e+01
8.712491009517977147e+01
8.674935634192770806e+01
8.637126936940462940e+01
8.599109314978791474e+01
8.560927165525497173e+01
8.522512436267589919e+01
8.483909524422809056e+01
8.445162827208895351e+01
8.406204292312854420e+01
8.367115800129340641e+01
8.327866781522268980e+01
8.288426667355560085e+01
8.248877338023866912e+01
8.209188224391107269e+01
8.169403723675019080e+01
8.129455783562613647e+01
8.089426284448539661e+01
8.049284657196716353e+01
8.009075299024884487e+01
7.968805123973869797e+01
7.928481046084506545e+01
7.888109979397624727e+01
7.847698837954050077e+01
7.807254535794612593e+01
7.766858953313962388e+01
7.726406555022204259e+01
7.685979221313976950e+01
7.645621349407029754e+01
7.605264886988364026e+01
7.564954231275726215e+01
7.524696296309946320e+01
7.484497996131844388e+01
7.444403727959172556e+01
7.404420405832750873e+01
7.364517460616504252e+01
7.324776772705078542e+01
7.285167772962394395e+01
7.245697375429280385e+01
7.206409977323480121e+01
7.167275009508909989e+01
7.128334831931555016e+01
7.089586172273466502e+01
7.051023720944945694e+01
7.012642168356292416e+01
6.974473688094710155e+01
6.936475487393592232e+01
6.898717223017054323e+01
6.861118619021578979e+01
6.823786815348188384e+01
6.786641536053365087e+01
6.749752437901227609e+01
6.713076728125163584e+01
6.676646580312380763e+01
6.640419201696271045e+01
6.604464249040947266e+01
6.568738929579801322e+01
6.533275416900043808e+01
6.498030918235058095e+01
6.463075090348968388e+01
6.428327657298248710e+01
6.393895759023929060e+01
6.359699119582486304e+01
6.325769912561133168e+01
6.292177794723985329e+01
6.258805006950610306e+01
6.225758689182038808e+01
6.192996048651658469e+01
6.160549258946677043e+01
6.128413010477392930e+01
6.096544510477195900e+01
6.065013415710203759e+01
6.033776933409806986e+01
6.002867237163209779e+01
5.972279017380714095e+01
5.942044447649529104e+01
5.912158218379949659e+01
5.882577536805366236e+01
5.853372059689898776e+01
5.824536477443843552e+01
5.796065480477498966e+01
5.767953759201165553e+01
5.740233487202048934e+01
5.712861871713541007e+01
5.685908569499756737e+01
5.659330787794087314e+01
5.633123217006830430e+01
5.607318030725194546e+01
5.581909919359480909e+01
5.556931056496891586e+01
5.532338649370819184e+01
5.508163997214321483e+01
5.484397418666941348e+01
5.461065841190980308e+01
5.438121225894918354e+01
5.415627983417972757e+01
5.393500591691710611e+01
5.371803461355348475e+01
5.350526036694276399e+01
5.329620278816975087e+01
5.309150598362657547e+01
5.289068956439808744e+01
5.269402280510726655e+01
5.250140014860804882e+01
5.231271603775437029e+01
5.212786491540014566e+01
5.194711605616838312e+01
5.177036390291301160e+01
5.159750289848797422e+01
5.142842748574715017e+01
5.126340693931359738e+01
5.110196087027212286e+01
5.094473338501484250e+01
5.079124409462658463e+01
5.064176227373037875e+01
5.049618236518013248e+01
5.035439881182977473e+01
5.021630605653322021e+01
5.008179854214439786e+01
4.995114554328633005e+01
4.982424150281293862e+01
4.970060603180903058e+01
4.958088323666674313e+01
4.946459272847089039e+01
4.935200378184450187e+01
4.924263600787239881e+01
4.913675868117758938e+01
4.903464107638311731e+01
4.893542797280468193e+01
4.883976347683441332e+01
4.874754203132622621e+01
4.865828324736497024e+01
4.857225639957363938e+01
4.848935593080614836e+01
4.840910145214733973e+01
4.833213706998932935e+01
4.825835722718603904e+01
4.818728153482229004e+01
4.811880443575200417e+01
4.805319520459821092e+01
4.799034828421480370e+01
4.793016604456062169e+01
4.787258256401398882e+01
4.781753984805809665e+01
4.776535473394527997e+01
4.771559439538967240e+01
4.766820083787446549e+01
4.762349089865197982e+01
4.758103175143633479e+01
4.754114023347986517e+01
4.750375835026574833e+01
4.746845327550812499e+01
4.743554184645931571e+01
4.740496606860252626e+01
4.737666794742096954e+01
4.735021465662876494e+01
4.732629786524733362e+01
4.730448474699080208e+01
4.728471730734236900e+01
4.726656272001613956e+01
4.725071265403355625e+01
4.723673428310873135e+01
4.722456961272487064e+01
4.721453548013428758e+01
4.720582422728202232e+01
4.719912752318946048e+01
4.719363770980164219e+01
4.719004645613998150e+01
4.718792093591858361e+01
4.718682832285154660e+01
4.718746028596033426e+01
4.718938399895903046e+01
4.719254146733085520e+01
4.719649986478992787e+01
4.720195086035767673e+01
4.720808679597910640e+01
4.721559934067562381e+01
4.722368083639226910e+01
4.723264812038133442e+01
4.724206836635695339e+01
4.725263324334053294e+01
4.726316026150798422e+01
4.727434108988074968e+01
4.728611773394202089e+01
4.729805736740592437e+01
4.731010199575567299e+01
4.732219362447448674e+01
4.733427425904557850e+01
4.734628590495215406e+01
4.735817056767745470e+01
4.736987025270468621e+01
4.738134124891266197e+01
4.739222214699351099e+01
4.740254065280409179e+01
4.741269930397031374e+01
4.742197614281081286e+01
4.743114853872064884e+01
4.743986936578752989e+01
4.744816632986831451e+01
4.745569230505072511e+01
4.746284982896068527e+01
4.746966660745503219e+01
4.747579551462153091e+01
4.748088942454788963e+01
4.748572570662914671e+01
4.748995723495304588e+01
4.749361171537640303e+01
4.749634202198697608e+01
4.749817586064158803e+01
4.749951576896618377e+01
4.750001462104849992e+01
4.749970012274534525e+01
4.749859997991357830e+01
4.749674189841002914e+01
4.749377875232242729e+01
4.748973824750762418e+01
4.748502292159154337e+01
4.747891081689281378e+01
4.747180447103737322e+01
4.746373158988206598e+01
4.745471987928372926e+01
4.744442221333007836e+01
4.743286629787797182e+01
4.741970500701513203e+01
4.740571571013658314e+01
4.739017644956099673e+01
4.737348976291426794e+01
4.735530852428415471e+01
4.733566043952748714e+01
4.731457321450108822e+01
4.729207455506182356e+01
4.726781733529740137e+01
4.724220409283375233e+01
4.721488770175863436e+01
4.718589586792887047e+01
4.715525629720129075e+01
4.712262186366364602e+01
4.708839510494185987e+01
4.705222889512366891e+01
4.701452577183501091e+01
4.697456377739452194e+01
4.693275256253164684e+01
4.688915539862082227e+01
4.684309300660176945e+01
4.679576026625972673e+01
4.674610306676536453e+01
4.669456662436569161e+01
4.664122132353864458e+01
4.658576271699309501e+01
4.652826118920695109e+01
4.646916195642726422e+01
4.640816057136287043e+01
4.634495258672261997e+01
4.627998321875353582e+01
4.621332285193356171e+01
4.614466703897154076e+01
4.607408616434541671e+01
4.600165061253311904e+01
4.592743076801259150e+01
4.585112218349267721e+01
4.577317007522041337e+01
4.569326999590463600e+01
4.561149233002328174e+01
4.552828229382339487e+01
4.544296060824471084e+01
4.535597248953428817e+01
4.526701349040093447e+01
4.517652882709171536e+01
4.508421405231545265e+01
4.499051438231918354e+01
4.489475053804267191e+01
4.479736773573292652e+01
4.469843635986791242e+01
4.459802679492555200e+01
4.449583459361469551e+01
4.439193014041328667e+01
4.428638381979923366e+01
4.417964084801961633e+01
4.407102194601413458e+01
4.396097233002986115e+01
4.384956238454472555e+01
4.373648766226755669e+01
4.362219337944540598e+01
4.350637508878710236e+01
4.338910317477057532e+01
4.327044802187379702e+01
4.315085484634378332e+01
4.302964436912029100e+01
4.290726180645032883e+01
4.278340271104276127e+01
4.265851229914461840e+01
4.253265656024666441e+01
4.240550907212183063e+01
4.227711384932496230e+01
4.214751490641094023e+01
4.201713108970369603e+01
4.188525675021989514e+01
4.175268556605259818e+01
4.161871188821844925e+01
4.148412939481050188e+01
4.134823243684542149e+01
4.121143986064716103e+01
4.107342084900147938e+01
4.093459424823230819e+01
4.079462924112544897e+01
4.065394467400481204e+01
4.051258456142526398e+01
4.036984325440348442e+01
4.022651443103249136e+01
4.008264210586715848e+01
3.993752062992415830e+01
3.979194368129653014e+01
3.964558044277001159e+01
3.949884976066858400e+01
3.935104598600889148e+01
3.920296279688398045e+01
3.905426937607962401e+01
3.890463490638156685e+01
3.875485306588286960e+01
3.860459303736928405e+01
3.845427366716477025e+01
3.830318930628597229e+01
3.815175880105685025e+01
3.800002616603226357e+01
3.784803541576707175e+01
3.769620539658522063e+01
3.754383045950336140e+01
3.739132945084546122e+01
3.723912121693547306e+01
3.708687494055913447e+01
3.693425980450223278e+01
3.678206948685779309e+01
3.663034800218067488e+01
3.647838970148755777e+01
3.632698826287147398e+01
3.617581286911818239e+01
3.602528236655163596e+01
3.587506593795760068e+01
3.572520759789092182e+01
3.557612619267555942e+01
3.542749090509726528e+01
3.527933553049393822e+01
3.513240265087384984e+01
3.498555047018279396e+01
3.483988618298117501e+01
3.469464282498393004e+01
3.455017792721323389e+01
3.440647418892220344e+01
3.426313947759484080e+01
3.412090615602248533e+01
3.397900725991998883e+01
3.383817515207871196e+01
3.369764286821351362e+01
3.355814277111574739e+01
3.341928272826937985e+01
3.328104543892754208e+01
3.314378843411244446e+01
3.300711958130807488e+01
3.287139641153665082e+01
3.273622679228218146e+01
3.260234308633596356e+01
3.246897832941291995e+01
3.233649005253524678e+01
3.220523578672515441e+01
3.207444856769754438e+01
3.194486075824372762e+01
3.181608022584771334e+01
3.168808966976261132e+01
3.156124662101061418e+01
3.143553377884485300e+01
3.131055901074931214e+01
3.118667984774621260e+01
3.106387898908864642e+01
3.094213913402973404e+01
3.082181781359167871e+01
3.070214806348938552e+01
3.058386224651416541e+01
3.046656823015002402e+01
3.035062354541916108e+01
3.023563605980559643e+01
3.012196330433153335e+01
3.000958797825007096e+01
2.989849278081431905e+01
2.978828557950829037e+01
2.967969873712328521e+01
2.957271495291240981e+01
2.946656726259059056e+01
2.936236286071819990e+01
2.925933478301018198e+01
2.915746572871961106e+01
2.905748806063781586e+01
2.895863145098597258e+01
2.886161144508675491e+01
2.876564089769275157e+01
2.867143199063290027e+01
2.857857241042887608e+01
2.848739950714054814e+01
2.839787579905866366e+01
2.830958897270489061e+01
2.822250154636998332e+01
2.813732570188292570e+01
2.805364912576536085e+01
2.797105950453896028e+01
2.789064385180178007e+01
2.781124019053727991e+01
2.773356070257444017e+01
2.765719307443489683e+01
2.758247465617854033e+01
2.750936796609611434e+01
2.743783552247837676e+01
2.736746501184700975e+01
2.729896861603096880e+01
2.723193402155190057e+01
2.716632374670059136e+01
2.710210030976778128e+01
2.703960106081334303e+01
2.697841368635894810e+01
2.691887553646444786e+01
2.686094912942059310e+01
2.680459698351817721e+01
2.674940678527883975e+01
2.669609071653153975e+01
2.664423646379794874e+01
2.659380654536883881e+01
2.654476347953495718e+01
2.649744461635616943e+01
2.645181247412323344e+01
2.640745473935782783e+01
2.636470876211979331e+01
2.632316222893081203e+01
2.628315248985074248e+01
2.624501689493942891e+01
2.620796829894946001e+01
2.617234405194068003e+01
2.613829408808840427e+01
2.610563099297576528e+01
2.607442973442423906e+01
2.604461534754769758e+01
2.601622531699070251e+01
2.598918467786711872e+01
2.596353091482152919e+01
