# ee
3.701102927534465764e-02
6.326228839472269883e-02
7.464311414573603087e-02
6.978383170391848356e-02
5.455756366234276039e-02
3.675864304702951973e-02
2.217022695413808919e-02
1.308401672082983025e-02
8.900319823117173665e-03
7.625852383559087073e-03
7.336672244543142492e-03
6.932639982438838604e-03
6.205731591952835628e-03
5.455685667485996211e-03
5.055057186810604265e-03
5.075162635873559785e-03
5.470735933145860937e-03
6.054688768112517078e-03
6.633410954084105297e-03
7.206838377785924205e-03
7.848318942173991564e-03
8.661374370457417676e-03
9.742271769023789357e-03
1.109818449535146176e-02
1.271442462671213726e-02
1.455412368174950968e-02
1.656769400273085460e-02
1.877235537110889460e-02
2.119297004896531292e-02
2.380932384936769799e-02
2.662318131361389451e-02
2.960732311319408394e-02
3.279478370902665779e-02
3.616234656643058099e-02
3.971051252806622606e-02
4.348519505961882803e-02
4.750562255811086043e-02
5.178144322021699386e-02
5.632244330118466036e-02
6.113714422077103777e-02
6.622850502810238849e-02
7.159793249186038877e-02
7.724474940480814678e-02
8.316554783264300255e-02
8.935525873641807226e-02
9.581352273430393529e-02
1.025345106941826512e-01
1.095116748715505434e-01
1.167492467076897827e-01
1.242526389653703378e-01
1.320276780189988397e-01
1.400770598901550923e-01
1.484041992128047882e-01
1.570139478456851201e-01
1.659049497284456609e-01
1.750768871702723661e-01
1.845318579098923217e-01
1.942726782984185441e-01
2.042949785631066606e-01
2.145933201704188775e-01
2.251579895436442991e-01
2.359789229576641778e-01
2.470453380749742245e-01
2.583486083952272194e-01
2.698755997375936744e-01
2.816210172452005556e-01
2.935786514426211302e-01
3.057444486915857906e-01
3.181150739662106930e-01
3.306888336262451822e-01
3.434612576129563721e-01
3.564259241913159126e-01
3.695706627272097311e-01
3.828825839741379911e-01
3.963470084561639406e-01
4.099535935777747775e-01
4.236909251264065479e-01
4.375483075018812285e-01
4.515150451040204072e-01
4.655798414632623672e-01
4.797304338572824234e-01
4.939525214696006139e-01
5.082325220961227963e-01
5.225561349203692307e-01
5.369116307934737042e-01
5.512860694388540539e-01
5.656676450227704489e-01
5.800445517114829475e-01
5.944006719969371355e-01
6.087235606567368285e-01
6.229989335262463568e-01
6.372125856645598496e-01
6.513524679679278950e-01
6.654036568830591358e-01
6.793526660814324103e-01
6.931852906221420696e-01
7.068866069518960904e-01
7.204431287421740882e-01
7.338435255016123593e-01
7.470735922893052550e-01
7.601119380404890435e-01
7.729587300619720214e-01
7.855853911651339283e-01
7.979849025329251999e-01
8.101430592244400763e-01
8.220528424226295483e-01
8.336928610627303282e-01
8.450560963276932958e-01
8.561211571527549413e-01
8.668811793378496944e-01
8.773299171508441852e-01
8.874469072288738714e-01
8.972188723329316273e-01
9.066469074717246057e-01
9.157177354062454588e-01
9.244108927736293113e-01
9.327274745825839819e-01
9.406542035941019009e-01
9.481849886930326932e-01
9.553065526403694552e-01
9.620128043209621449e-01
9.682976526196603873e-01
9.741478202974572786e-01
9.795644023630596386e-01
9.845341215774604526e-01
9.890580729493669843e-01
9.931229792397716638e-01
9.967299354573818659e-01
9.998656643631902430e-01
1.002531574968002381e+00
1.004730332291016159e+00
1.006450543105814166e+00
1.007709558681406437e+00
1.008488799667518254e+00
1.008798431209303459e+00
1.008634246204200835e+00
1.008006409797364000e+00
1.006910714886232849e+00
1.005350140492103028e+00
1.003342037883986126e+00
1.000875013835463401e+00
9.979592334916893570e-01
9.946048619978169469e-01
9.908076922512860651e-01
9.865850755211073020e-01
9.819471769524341642e-01
9.768969755665635191e-01
9.714446365086493174e-01
9.656003249238442887e-01
9.593742169018516508e-01
9.527765323105674700e-01
9.458246880862941630e-01
9.385361011653342578e-01
9.309138162362751157e-01
9.229824363592766812e-01
9.147450062229264267e-01
9.062333150112417135e-01
8.974504074128097919e-01
8.884208864877906064e-01
8.791621691724863519e-01
8.696916724031993340e-01
8.600411853639463589e-01
8.502137527433153430e-01
8.402339776014660089e-01
8.301264629985575239e-01
8.199158119947499435e-01
8.096266276502026571e-01
7.992835130250751652e-01
7.889038850556698845e-01
7.785195329260035102e-01
7.681550596962362087e-01
7.578350684265269255e-01
7.475841621770354939e-01
7.374413162556360257e-01
7.274239967627003089e-01
7.175714248264488671e-01
7.079084984914583156e-01
6.984601158023037160e-01
6.892655470512756288e-01
6.803568764068069763e-01
6.717661880373310135e-01
6.635183799874234678e-01
6.556527225493744560e-01
6.482084860154744277e-01
6.412105684302992215e-01
6.346917725746675787e-01
6.286942431904126716e-01
6.232515016707389499e-01
6.183999438583939190e-01
6.141738097589677370e-01
6.106102138275936175e-01
6.077448332946332465e-01
6.056155012276054350e-01
6.042600506940289939e-01
6.037163147614227343e-01
6.040235637220771059e-01
6.052196306435111417e-01
6.073423485932433197e-01
6.104295506387925618e-01
6.145200575714843128e-01
6.196458618920831496e-01
6.258392252127740196e-01
6.331316905333569389e-01
6.415555194660168548e-01
6.511415363981675197e-01
6.619227215543801446e-01
6.739306179344540793e-01
6.871960499258031874e-01
7.017519977529984576e-01
7.176307230282251703e-01
7.348623315265113698e-01
7.534798034724279336e-01
7.735154004781602533e-01
7.949941980320363033e-01
8.179563624824842671e-01
8.424269693178322305e-01
8.684310940264081680e-01
8.960081843442546656e-01
9.251833157596994761e-01
9.559815637610706851e-01
9.884423760844108786e-01
1.022583642094190948e+00
1.058437623402595396e+00
1.096022209374096112e+00
1.135376847744735018e+00
1.176526614002839644e+00
1.219489397512881101e+00
1.264297459887045116e+00
1.310975876613659219e+00
1.359535350933336550e+00
1.410008144458263057e+00
1.462419332676766270e+00
1.516786804953317080e+00
1.573135636776243462e+00
1.631490903633872946e+00
1.691856122642962479e+00
1.754256369291839368e+00
1.818702346821118088e+00
1.885226316842982808e+00
1.953838982598047558e+00
2.024551047326924813e+00
2.097380400394087019e+00
2.172337745040146206e+00
2.249440970629573933e+00
2.328686408155268506e+00
2.410099133105558344e+00
2.493689848721055924e+00
2.579454885994661328e+00
2.667419320414702089e+00
2.757563886424778232e+00
2.849900351881433203e+00
2.944417701968055745e+00
3.041119294115747884e+00
3.139986927384039728e+00
3.241023959204035076e+00
3.344219374759120011e+00
3.449554973108826417e+00
3.557034111684255429e+00
3.666638589544939819e+00
3.778357391874264781e+00
3.892179503855619505e+00
4.008093910672392290e+00
4.126082411384111914e+00
4.246119618926454287e+00
4.368187332358948183e+00
4.492260164617265517e+00
4.618319914760940392e+00
4.746348381849501585e+00
4.876312992694765924e+00
5.008195546356261296e+00
5.141970655769663168e+00
5.277591375499072868e+00
5.415046690727877809e+00
5.554296842144038848e+00
5.695316442683225233e+00
5.838072919157256457e+00
5.982533698377947573e+00
6.128651834909399021e+00
6.276387569439570768e+00
6.425715514904135617e+00
6.576581539743337146e+00
6.728953070768993960e+00
6.882790348669061586e+00
7.038046428007643129e+00
7.194681549472697668e+00
7.352634395380611032e+00
7.511872392543201826e+00
7.672341409400710077e+00
7.833994500517238890e+00
7.996799092704605982e+00
8.160614820916768153e+00
8.325502531575683207e+00
8.491379348626169943e+00
8.658090534774467883e+00
8.825696936442538387e+00
8.994043816336626307e+00
9.163120159640115503e+00
9.332843090297824773e+00
9.503129732254565809e+00
9.674042379439660166e+00
9.845361670857577963e+00
1.001715713797443641e+01
1.018935458977920838e+01
1.036187983526086853e+01
1.053473054464696190e+01
1.070776066568789275e+01
1.088096786861120080e+01
1.105427796240586424e+01
1.122754489482228379e+01
1.140083819732657666e+01
1.157401181766914355e+01
1.174706342607752951e+01
1.191984697030213880e+01
1.209228825933194607e+01
1.226445682463306319e+01
1.243613475271732050e+01
1.260731971381227012e+01
1.277793751690687785e+01
1.294798583222869404e+01
1.311731860752811762e+01
1.328586165179412504e+01
1.345354077401568738e+01
1.362028178318177574e+01
1.378608234951994227e+01
1.395086828201915452e+01
1.411449352842981320e+01
1.427688389774089828e+01
1.443803706017994948e+01
1.459780696349737106e+01
1.475619127792071161e+01
1.491311581243893691e+01
1.506843451480244944e+01
1.522214505523880312e+01
1.537410138149838978e+01
1.552430116380876157e+01
1.567267021115888603e+01
1.581913433253774137e+01
1.596361933693430046e+01
1.610612289457611013e+01
1.624642709197499002e+01
1.638452959935850117e+01
1.652035622571560225e+01
1.665376091879670284e+01
1.678474134882935331e+01
1.691315146356394195e+01
1.703898893322801911e+01
1.716203584433342044e+01
1.728243358958482645e+01
1.740003611673264672e+01
1.751484452426014826e+01
1.762680176243494401e+01
1.773585420978036709e+01
1.784202010605832101e+01
1.794517396855357205e+01
1.804533403702803440e+01
1.814244669000502697e+01
1.823645830600790063e+01
1.832724340232140037e+01
1.841482021870745101e+01
1.849913513368937856e+01
1.858013452579052327e+01
1.865776477353421114e+01
1.873204411668235991e+01
1.880291893375829559e+01
1.887033560328535486e+01
1.893431236502545190e+01
1.899472373626334587e+01
1.905173167923808464e+01
1.910506698875729015e+01
1.915496348829858420e+01
1.920115197266959228e+01
1.924379440410935516e+01
1.928283716114121660e+01
1.931822662228851328e+01
1.934990916607457123e+01
1.937790303226129396e+01
1.940215459937203946e+01
1.942261024593011953e+01
1.943928821169744836e+01
1.945220673643593656e+01
1.946116847619177648e+01
1.946640725444258990e+01
1.946779758847313602e+01
1.946535771804532189e+01
1.945917774415963919e+01
1.944920404533941038e+01
1.943552672258512004e+01
1.941809215442010483e+01
1.939691858060626828e+01
1.937202424090552100e+01
1.934335551384119611e+01
1.931100250041377819e+01
1.927491157914660036e+01
1.923502912856299218e+01
1.919151711090201218e+01
1.914425004344841952e+01
1.909331802720269522e+01
1.903866744068817241e+01
1.898046024614391314e+01
1.891857156761649961e+01
1.885309453991552786e+01
1.878412290461243117e+01
1.871160668080149492e+01
1.863556774881557487e+01
1.855617171146466760e+01
1.847336858784305846e+01
1.838710839704503641e+01
1.829762860311916128e+01
1.820487922515972912e+01
1.810888214349958858e+01
1.800973109971016584e+01
1.790744797412432732e+01
1.780212650831348853e+01
1.769386044384908629e+01
1.758259979982540244e+01
1.746851017905243708e+01
1.735161346186304243e+01
1.723193152859007427e+01
1.710948625956639901e+01
1.698444325760200968e+01
1.685675254179118454e+01
1.672643599246678292e+01
1.659365921243880848e+01
1.645844408204011700e+01
1.632088434284212752e+01
1.618114559765485438e+01
1.603932158804972019e+01
1.589543419435958072e+01
1.574957715815585857e+01
1.560198794348713847e+01
1.545261656944769690e+01
1.530155677760896005e+01
1.514897417078093156e+01
1.499481876805789682e+01
1.483925617224985416e+01
1.468230826368965936e+01
1.452414064518731429e+01
1.436477519707567296e+01
1.420430566092616331e+01
1.404289763954878900e+01
1.388057301327640580e+01
1.371749738491901383e+01
1.355376449604803923e+01
1.338939622699633603e+01
1.322463004181248536e+01
1.305948782082933768e+01
1.289413516685689487e+01
1.272866582146658310e+01
1.256310166499126346e+01
1.239767566518003683e+01
1.223238722086841790e+01
1.206737495706960139e+01
1.190270563755820277e+01
1.173844602610884280e+01
1.157466288649614228e+01
1.141142298249471665e+01
1.124886493911775709e+01
1.108705552013988793e+01
1.092606148933572463e+01
1.076594961047988619e+01
1.060693036982413595e+01
1.044907053114309470e+01
1.029243685821138143e+01
1.013716797604218733e+01
9.983330648410131403e+00
9.831063500328404814e+00
9.680433295571624797e+00
9.531506797914413909e+00
9.384350771131391156e+00
9.239103840235745935e+00
9.095904630240672972e+00
8.954748043682215553e+00
8.815700844334990904e+00
8.678973518450767699e+00
8.544632829804163165e+00
8.412673680931224141e+00
8.283306558083715743e+00
8.156598225036251648e+00
8.032687306802031912e+00
7.911496844678523210e+00
7.793309186156068158e+00
7.678119233770707375e+00
7.566065612535636475e+00
7.457215086225474465e+00
7.351634418614837685e+00
7.249390373478346028e+00
7.150693437067763725e+00
7.055466650680566332e+00
6.963920500568518968e+00
6.876121750506236197e+00
6.792065303029767520e+00
6.711889783152304112e+00
6.635733815887038034e+00
6.563664165008585627e+00
6.495675733052995504e+00
6.431907145033460615e+00
6.372425164724599078e+00
6.317296555901028121e+00
6.266659943575939806e+00
6.220504928761442009e+00
6.178943628851037317e+00
6.141939137237140578e+00
6.109670131027886697e+00
6.082027842377119242e+00
6.059119087154400951e+00
6.040993192238435228e+00
6.027685112260209976e+00
6.019215429603001155e+00
6.015611912773941583e+00
6.016895144156304553e+00
6.023085706133365136e+00
6.034218553336113899e+00
6.050314268147824137e+00
6.071386246827913169e+00
6.097462257883512038e+00
6.128548511450182978e+00
6.164672776035057922e+00
6.205841261773696438e+00
6.252067364925515847e+00
6.303371667873790329e+00
6.359760380754080344e+00
6.421239713701948126e+00
6.487801504605235969e+00
6.559444777475648358e+00
6.636161370201032028e+00
6.717950306793088799e+00
6.804810611263521380e+00
6.896726935376318757e+00
6.993683930895467249e+00
7.095680621832673118e+00
7.202687287704208075e+00
7.314688580274061103e+00
7.431669151306220300e+00
7.553620838688532402e+00
7.680513921937268229e+00
7.812318680568706597e+00
7.949012580222971636e+00
8.090551528168630213e+00
8.236905803921951374e+00
8.388052873123069020e+00
8.543948643040536695e+00
8.704556207066779905e+00
8.869838658594208169e+00
9.039730346519812443e+00
9.214201550359865323e+00
9.393186619011352434e+00
9.576576784628121786e+00
9.764478863079732562e+00
9.956640364042883107e+00
1.015316913801193621e+01
1.035388972902614491e+01
1.055877143822671016e+01
1.076778356675484005e+01
1.098082355451315451e+01
1.119786070264285982e+01
1.141879245104657947e+01
1.164358810086551976e+01
1.187214509200230239e+01
1.210443272559813543e+01
1.234027658031706842e+01
1.257971781853887627e+01
1.282258201892761562e+01
1.306883848262448922e+01
1.331838464953211876e+01
1.357118982079171410e+01
1.382700771382875260e+01
1.408587949102300563e+01
1.434770259227710554e+01
1.461230259625510719e+01
1.487964880409820800e+01
1.514956679447046817e+01
1.542202586851308688e+01
1.569692346612868938e+01
1.597408516598133232e+01
1.625348026921222200e+01
1.653493435448540794e+01
1.681834486170351894e+01
1.710368109200776132e+01
1.739069676282360533e+01
1.767936117529226792e+01
1.796949990807779329e+01
1.826101040108281381e+01
1.855386195544853223e+01
1.884773642736184840e+01
1.914267497920255323e+01
1.943850318963468027e+01
1.973504663732230568e+01
2.003220276216804763e+01
2.032986900407453490e+01
2.062787094170582236e+01
2.092610601496453882e+01
2.122439980251474623e+01
2.152264974425906274e+01
2.182068141886154322e+01
2.211839226622482713e+01
2.241560786501296221e+01
2.271215379389000688e+01
2.300799935399715679e+01
2.330289826275989640e+01
2.359675575259044322e+01
2.388943636470077792e+01
2.418088429405102957e+01
2.447097187436277466e+01
2.475957143935757188e+01
2.504662718399556454e+01
2.533208330323688884e+01
2.561574026956453309e+01
2.589754227793864416e+01
2.617736166208077719e+01
2.645499889447392761e+01
2.673047003131681976e+01
2.700364740633099814e+01
2.727440335323804277e+01
2.754261020575951591e+01
2.780821215885555020e+01
2.807115340748629606e+01
2.833137814661187548e+01
2.858861498747671703e+01
2.884295184751811547e+01
2.909426106045761529e+01
2.934227123753964861e+01
2.958707029620150308e+01
2.982845870892615991e+01
3.006638067067375886e+01
3.030063665392730954e+01
3.053117085364691974e+01
3.075785560355418724e+01
3.098063509860923048e+01
3.119945353377219988e+01
3.141403952028749558e+01
3.162448097559242299e+01
3.183057837216995267e+01
3.203220404374167884e+01
3.222937404650628679e+01
3.242188885294679324e+01
3.260976451926187991e+01
3.279280151793456355e+01
3.297101590516354008e+01
3.314420815343181204e+01
3.331239431893809666e+01
3.347537487416536095e+01
3.363316587531234347e+01
3.378563965610059228e+01
3.393259668901310278e+01
3.407405303024859933e+01
3.420988101352863708e+01
3.433995297257477120e+01
3.446428496358573312e+01
3.458274932028307802e+01
3.469536840476811079e+01
3.480211794151398408e+01
3.490297996089643817e+01
3.499793649329120626e+01
3.508689770783546891e+01
3.516998935738211429e+01
3.524712161106830166e+01
3.531827649926978552e+01
3.538336419112373221e+01
3.544243857824443467e+01
3.549540982976910186e+01
3.554225997607344567e+01
3.558304290877179454e+01
3.561766879700131483e+01
3.564619153237632077e+01
3.566859314527255265e+01
3.568492752730432471e+01
3.569510484760881042e+01
3.569910713656175716e+01
3.569706014701604602e+01
3.568894590934741018e+01
3.567467459269303731e+01
3.565437194990580849e+01
3.562802001136145691e+01
3.559560080743573707e+01
3.555716822974296321e+01
3.551277616989744246e+01
3.546233479703634117e+01
3.540589800277398780e+01
3.534351967872468947e+01
3.527510999402560543e+01
3.520079470152965229e+01
3.512048397037397507e+01
3.503430355341146907e+01
3.494237920349502247e+01
3.484469295100036845e+01
3.474144241001899047e+01
3.463253774968802645e+01
3.451817658409895984e+01
3.439848466610466460e+01
3.427337216484232840e+01
3.414296483316482522e+01
3.400731656268646930e+01
3.386655310626015591e+01
3.372065649426161116e+01
3.356960875706659664e+01
3.341367937000514843e+01
3.325277850221441156e+01
3.308703190654729553e+01
3.291656533585666722e+01
3.274142959196183256e+01
3.256166311750189379e+01
3.237744498779809987e+01
3.218873869445595659e+01
3.199572331279671289e+01
3.179843419566444140e+01
3.159705041838040174e+01
3.139146361131151508e+01
3.118199657225617472e+01
3.096861279281988999e+01
3.075141948708533235e+01
3.053052386913515193e+01
3.030596129181344978e+01
3.007791083044146063e+01
2.984640783786326423e+01
2.961148766692296164e+01
2.937325753170321008e+01
2.913182464628667390e+01
2.888736808599458072e+01
2.863992320367103162e+01
2.838974093587583170e+01
2.813685663545306426e+01
2.788152123896254508e+01
2.762384196048693141e+01
2.736392601410888403e+01
2.710188061391107084e+01
2.683788483521473012e+01
2.657197403086393450e+01
2.630439913741851754e+01
2.603512364648396726e+01
2.576439849462011367e+01
2.549225903467104004e+01
2.521895620319655151e+01
2.494445349180216809e+01
2.466907369828627594e+01
2.439292403673152165e+01
2.411603985998201338e+01
2.383867210459754205e+01
2.356092798466078264e+01
2.328298657549295925e+01
2.300502695241532436e+01
2.272715632951052811e+01
2.244955378209980523e+01
2.217239838550439046e+01
2.189586921504551853e+01
2.162007348480586089e+01
2.134519027010664516e+01
2.107132678503053569e+01
2.079866210489876721e+01
2.052737530503256735e+01
2.025756328376007076e+01
1.998935353762976774e+01
1.972279138619704497e+01
1.945799401025587017e+01
1.919515045183876012e+01
1.893430603050111571e+01
1.867564978827545730e+01
1.841915518347859759e+01
1.816508311938164866e+01
1.791347891553999006e+01
1.766445975274757885e+01
1.741807095055980881e+01
1.717442968977062989e+01
1.693358128993543232e+01
1.669571479308675066e+01
1.646087551877995736e+01
1.622903692533188291e+01
1.600045991601362161e+01
1.577526167161913051e+01
1.555348751170379451e+01
1.533525461706158133e+01
1.512075202972501131e+01
1.491002506924947824e+01
1.470319091642893561e+01
1.450036675205734227e+01
1.430166975692865883e+01
1.410714525059827373e+01
1.391691041386013694e+01
1.373101056626964045e+01
1.354963474985931526e+01
1.337275642294597588e+01
1.320049276632357227e+01
1.303296096078607214e+01
1.287020632588885682e+01
1.271227418118731123e+01
1.255928170747539774e+01
1.241127422430849947e+01
1.226836891248057704e+01
1.213068295278558750e+01
1.199826166477891221e+01
1.187129409049308926e+01
1.174989741072207572e+01
1.163418880625982688e+01
1.152421359666172940e+01
1.142016082396031607e+01
1.132200394647239960e+01
1.122978828375336491e+01
1.114355915535859687e+01
1.106336188084348571e+01
1.098924177976341099e+01
1.092116567720539066e+01
1.085907386533724406e+01
1.080318744805128439e+01
1.075336822304695872e+01
1.070983729421658026e+01
1.067252832049817002e+01
1.064151868330689332e+01
1.061688576405792084e+01
1.059863508292784573e+01
1.058677216009325583e+01
1.058130251573075498e+01
1.058208794753978488e+01
1.058920583693551620e+01
1.060258984285596462e+01
1.062217362423915823e+01
1.064803456250026059e+01
1.068010631657729270e+01
1.071839440664685128e+01
1.076283249164695555e+01
1.081356981423134656e+01
1.087046817209946781e+01
1.093360494666649352e+01
1.100291379687044291e+01
1.107840024288790737e+01
1.115999794365690967e+01
1.124771241935404653e+01
1.134140546767875968e+01
1.144108260880765116e+01
1.154667750167873841e+01
1.165819566646861638e+01
1.177549890087673212e+01
1.189859272507968413e+01
1.202748265925406201e+01
1.216210236233788855e+01
1.230238549326918474e+01
1.244833757222454551e+01
1.259989225814199187e+01
1.275698320995954660e+01
1.291947222537665674e+01
1.308729296333134329e+01
1.326030722152305863e+01
1.343844865888981666e+01
1.362157907313107508e+01
1.380956026194627739e+01
1.400239774551201499e+01
1.420002518276631776e+01
1.440244809388577529e+01
1.460952827656983111e+01
1.482127125099509080e+01
1.503761067609956470e+01
1.525855687514812153e+01
1.548385193880442046e+01
1.571345834453610379e+01
1.594719484733366777e+01
1.618495206342618431e+01
1.642662060904272536e+01
1.667194737793522918e+01
1.692096670880989606e+01
1.717349735665722932e+01
1.742957366018345411e+01
1.768908623561763349e+01
1.795192569918884473e+01
1.821819825084187272e+01
1.848772264556721723e+01
1.876046136083252591e+01
1.903630501286687604e+01
1.931514421789932712e+01
1.959679773092038602e+01
1.988115616815911579e+01
2.016818200708317121e+01
2.045762214144447100e+01
2.074936718747209952e+01
2.104323590015653878e+01
2.133919075696545065e+01
2.163705051288931713e+01
2.193663392291864511e+01
2.223775974204393791e+01
2.254031858649425502e+01
2.284420107249868437e+01
2.314922595504771508e+01
2.345528385037042440e+01
2.376233723593444580e+01
2.407013300549171575e+01
2.437870549774844875e+01
2.468787346769514102e+01
2.499745567032229587e+01
2.530741458309756098e+01
2.561756896101142544e+01
2.592766569781582930e+01
2.623766727097839180e+01
2.654739243548964467e+01
2.685665994634006992e+01
2.716536041975873417e+01
2.747316888825899639e+01
2.778011969054707819e+01
2.808588785913633146e+01
2.839036401025582634e+01
2.869336689889606262e+01
2.899464341880895901e+01
2.929415604746217028e+01
2.959159164525141250e+01
2.988697182905609750e+01
3.018018632116087829e+01
3.047112484385040432e+01
3.075967711940931082e+01
3.104587659259938093e+01
3.132946926322813042e+01
3.161041671481874715e+01
3.188875239213304624e+01
3.216429415621706767e+01
3.243693172935549285e+01
3.270662669507149900e+01
3.297334063688833794e+01
3.323689141585204965e+01
3.349724061548585752e+01
3.375434981931298495e+01
3.400796502714091929e+01
3.425811968373145788e+01
3.450463165013066913e+01
3.474746250986175511e+01
3.498643012397079843e+01
3.522149607598102250e+01
3.545262194941562228e+01
3.567969746655925434e+01
3.590254048845798707e+01
3.612118445987359650e+01
3.633544724185217945e+01
3.654536227915549773e+01
3.675074743282962686e+01
3.695149242515920918e+01
3.714755883966748229e+01
3.733883639863906012e+01
3.752528668559715896e+01
3.770665570034930170e+01
3.788297688765725724e+01
3.805406810856710109e+01
3.821996280784060218e+01
3.838055070776243838e+01
3.853572153061723071e+01
3.868529313745104758e+01
3.882937083426426739e+01
3.896777248210293010e+01
3.910038780325169938e+01
3.922725024247236547e+01
3.934824952204956361e+01
3.946334722550651719e+01
3.957236121388928041e+01
3.967539679319822454e+01
3.977234368571799195e+01
3.986309161373322496e+01
3.994753689967765098e+01
4.002574598905847125e+01
4.009764820505484550e+01
4.016324473208447188e+01
4.022246489332649588e+01
4.027530987319865829e+01
4.032178085611865015e+01
4.036195088774278616e+01
4.039574929125019054e+01
4.042332097353573062e+01
4.044452339653998507e+01
4.045950146715781415e+01
4.046825636980693730e+01
4.047071742766649294e+01
4.046702954763134841e+01
4.045705019164207528e+01
4.044085240535496695e+01
4.041843737318773577e+01
4.038980627955811542e+01
4.035488844764521588e+01
4.031390064558250685e+01
4.026670033531053861e+01
4.021336056248562585e+01
4.015402623400260751e+01
4.008855481180206226e+01
4.001716306401743140e+01
3.993970845258929359e+01
3.985640774565106881e+01
3.976726212762047652e+01
3.967220092167666223e+01
3.957151275719164829e+01
3.946505509610598494e+01
3.935304470655313480e+01
3.923541091171221495e+01
3.911222675723953301e+01
3.898356528879137528e+01
3.884949955202402805e+01
3.870995887011665104e+01
3.856516001120265003e+01
3.841496043722262499e+01
3.825950505507143617e+01
3.809893877164392961e+01
3.793319091011925792e+01
3.776247823863086950e+01
3.758687380283504353e+01
3.740645064838806633e+01
3.722120995970766444e+01
3.703129664368869101e+01
3.683685560722601338e+01
3.663788803473736522e+01
3.643446119559384755e+01
3.622661925402596950e+01
3.601440059797906201e+01
3.579784361539845605e+01
3.557698669422946836e+01
3.535201194489459908e+01
3.512310147781631287e+01
3.489043740341708144e+01
3.465420183211939076e+01
3.441464873558427939e+01
3.417181650175708540e+01
3.392595910229886869e+01
3.367704306391636493e+01
3.342510677455491930e+01
3.317004489968272196e+01
3.291196768848367071e+01
3.265069794518737467e+01
3.238627405773917189e+01
3.211880627532296018e+01
3.184826112464550363e+01
3.157503629984499938e+01
3.129917018886676061e+01
3.102091676337186499e+01
3.074045813378276648e+01
3.045804827176052498e+01
3.017379742648903829e+01
2.988781584715221484e+01
2.960021378293395244e+01
2.931110148301817375e+01
2.902051733535018130e+01
2.872864345035248235e+01
2.843551821597037588e+01
2.814125188138778810e+01
2.784595469578862392e+01
2.754988063083391481e+01
2.725313993570758342e+01
2.695591472083209439e+01
2.665838709662994077e+01
2.636073917352356943e+01
2.606300933945833975e+01
2.576545156609529030e+01
2.546796051890260770e+01
2.517071830830276014e+01
2.487376332224109277e+01
2.457706208742435905e+01
2.428086857551361177e+01
2.398507745197702334e+01
2.368994268847565721e+01
2.339579011790913299e+01
2.310280185069991887e+01
2.281121968199241579e+01
2.252109297838725155e+01
2.223274637492268369e+01
2.194628892292125855e+01
2.166175781246694854e+01
2.137919023364371185e+01
2.109869523777410905e+01
2.082031001494211253e+01
2.054407175523167695e+01
2.027008950996535219e+01
1.999840046922711778e+01
1.972911368433951296e+01
1.946219448414792907e+01
1.919782378121348643e+01
1.893603876562016808e+01
1.867687662745192512e+01
1.842044641803131100e+01
1.816685718868086852e+01
1.791614612948457363e+01
1.766842229176496559e+01
1.742372286560600969e+01
1.718222876356883333e+01
1.694397717573739826e+01
1.670907715343425437e+01
1.647763774798194447e+01
1.624969614946443386e+01
1.602528954796569849e+01
1.580459885604686043e+01
1.558766126379187966e+01
1.537451396128473569e+01
1.516533786108653636e+01
1.496009829204268726e+01
1.475890430547573295e+01
1.456186495270820735e+01
1.436901742382409353e+01
1.418039890890735499e+01
1.399604659804196238e+01
1.381614140378903777e+01
1.364072051623254822e+01
1.346974926421789398e+01
1.330340856030618824e+01
1.314173559458140694e+01
1.298483941836608402e+01
1.283275722174420430e+01
1.268559805603830171e+01
1.254339911133235042e+01
1.240626943894889322e+01
1.227417436773332859e+01
1.214729481024677504e+01
1.202559609533462925e+01
1.190903727417472169e+01
1.179776787099034330e+01
1.169178740986006382e+01
1.159109541486246364e+01
1.149561954883754211e+01
1.140543119710244824e+01
1.132052988373575531e+01
1.124091513281604193e+01
1.116665832966045357e+01
1.109768713710899490e+01
1.103407294047880960e+01
1.097567154137133194e+01
1.092262618634228311e+01
1.087493639947023105e+01
1.083245798235661539e+01
1.079533418155714664e+01
1.076342079867326262e+01
1.073678921902210881e+01
1.071543896668226026e+01
1.069922584325514414e+01
1.068829309529648519e+01
1.068249652440771236e+01
1.068183565466739893e+01
1.068638187139269391e+01
1.069599097618502626e+01
1.071066249312297103e+01
1.073039594628510862e+01
1.075519085975000344e+01
1.078497489635767081e+01
1.081967571894810298e+01
1.085929285159988034e+01
1.090382581839157794e+01
1.095320228216319691e+01
1.100734990575473837e+01
1.106619635200620877e+01
1.112974114499617961e+01
1.119791194756465380e+01
1.127063642255163778e+01
1.134784223279713089e+01
1.142952890237970465e+01
1.151555223290079688e+01
1.160591174843897733e+01
1.170053511183425243e+01
1.179934998592661977e+01
1.190228403355608222e+01
1.200926491756264625e+01
1.212022030078631474e+01
1.223507784606708704e+01
1.235369335500639032e+01
1.247599449044423459e+01
1.260198653259040746e+01
1.273155406370241849e+01
1.286465928340757081e+01
1.300126439133316758e+01
1.314118786462935873e+01
1.328453562540059174e+01
1.343112615079702366e+01
1.358099350168452979e+01
1.373395615521326008e+01
1.389004817224908983e+01
1.404915989118075004e+01
1.421118165039696279e+01
1.437607564952503658e+01
1.454380408819226211e+01
1.471418544354880531e+01
1.488725377646053083e+01
1.506282756407759749e+01
1.524086900602731021e+01
1.542134030193696148e+01
1.560398806771813973e+01
1.578891822547528889e+01
1.597594925235856422e+01
1.616497148675669138e+01
1.635594712829697883e+01
1.654876651536814336e+01
1.674324812512034910e+01
1.693935415718089743e+01
1.713704681117707551e+01
1.733614456425905814e+01
1.753653775481555854e+01
1.773811672123531125e+01
1.794084366314561407e+01
1.814453705769662406e+01
1.834915910451564258e+01
1.855445641951424918e+01
1.876046306355832272e+01
1.896699751379800603e+01
1.917395010862204074e+01
1.938121118641915430e+01
1.958867108557806702e+01
1.979614828324893594e+01
2.000360497905906243e+01
2.021093151139717747e+01
2.041787449617486061e+01
2.062439613301941677e+01
2.083038676031956271e+01
2.103573671646404009e+01
2.124019261736442132e+01
2.144378852388658885e+01
2.164627105194211509e+01
2.184761400553034605e+01
2.204769388366162275e+01
2.224639878971831664e+01
2.244383241079853164e+01
2.263973912780749131e+01
2.283422262784330314e+01
2.302702729181119423e+01
2.321832866804783535e+01
2.340787113745845716e+01
2.359568652590258253e+01
2.378166293676259357e+01
2.396576033465943567e+01
2.414793868421406842e+01
2.432815795004743364e+01
2.450623437430335017e+01
2.468219978284133020e+01
2.485594227904375231e+01
2.502742182753156897e+01
2.519652653168716228e+01
2.536321635613148118e+01
2.552737940424690066e+01
2.568904750189295427e+01
2.584803689121342885e+01
2.600437939806787213e+01
2.615796312583864136e+01
2.630874803914669613e+01
2.645662224137442564e+01
2.660161755838132791e+01
2.674362209354980990e+01
2.688259581150080280e+01
2.701842681561669224e+01
2.715114693175700111e+01
2.728050054082696363e+01
2.740659132992467306e+01
2.752930740243250440e+01
2.764860872297142436e+01
2.776431153368522331e+01
2.787651952167200164e+01
2.798504892907556396e+01
2.808985972051686275e+01
2.819098372185542445e+01
2.828830903647362405e+01
2.838172376775384009e+01
2.847125974155559547e+01
2.855673320002270188e+01
2.863824783025324550e+01
2.871561987439104158e+01
2.878888115829560590e+01
2.885784792411075372e+01
2.892255199769599372e+01
2.898303099543915096e+01
2.903913011212541306e+01
2.909091591678399880e+01
2.913845497844410559e+01
2.918167014365779721e+01
2.922055612021571136e+01
2.925510761590848219e+01
2.928546306100388463e+01
2.931140157957682746e+01
2.933313346313366310e+01
2.935050969698789913e+01
2.936352498893014484e+01
2.937224590798962254e+01
2.937673902319553321e+01
2.937685531986135246e+01
2.937266136701631325e+01
2.936422373368959882e+01
2.935153712767184686e+01
2.933459625675369864e+01
2.931346768996435515e+01
2.928807427385586948e+01
2.925848257745746750e+01
2.922468730855975849e+01
2.918675503619196832e+01
2.914475232938329086e+01
2.909860203468579343e+01
2.904844258236726162e+01
2.899419681897973078e+01
2.893585945231386347e+01
2.887364077387599437e+01
2.880731990774103934e+01
2.873710714541536149e+01
2.866299719468957719e+01
2.858491290211575730e+01
2.850299269796168034e+01
2.841723129001797687e+01
2.832776710855242897e+01
2.823452300011710037e+01
2.813763739497975891e+01
2.803717686216961980e+01
2.793313610947731362e+01
2.782565356717061889e+01
2.771479580427873302e+01
2.760048566735373754e+01
2.748286158666339674e+01
2.736199013123692225e+01
2.723786600886493758e+01
2.711062764981522832e+01
2.698019790063986179e+01
2.684678705284517264e+01
2.671031274432690594e+01
2.657103108454833773e+01
2.642883366812355916e+01
2.628375581214378442e+01
2.613597655617738980e+01
2.598545935607704749e+01
2.583223952893397524e+01
2.567642425307798248e+01
2.551797698436172368e+01
2.535700490111500116e+01
2.519354332042904332e+01
2.502762755939508565e+01
2.485929293510435656e+01
2.468864662588665482e+01
2.451579581007179343e+01
2.434070394351241262e+01
2.416362192701547329e+01
2.398444135519505949e+01
2.380341312885811433e+01
2.362050070385729938e+01
2.343581125852241698e+01
2.324945197118326590e+01
2.306145815893108519e+01
2.287193700009566300e+01
2.268085195052967151e+01
2.248838204980148348e+01
2.229456261500231662e+01
2.209942896322341710e+01
2.190316013403314699e+01
2.170579144452274889e+01
2.150743007302201804e+01
2.130811133662218637e+01
2.110794241365305268e+01
2.090710234368299680e+01
2.070555458256468029e+01
2.050347816986646521e+01
2.030090842267960127e+01
2.009802438057244345e+01
1.989478949939766039e+01
1.969145467996220233e+01
1.948791151688014267e+01
1.928448277219701978e+01
1.908106004052690352e+01
1.887789422267674055e+01
1.867494877449919599e+01
1.847240273556265322e+01
1.827029142295832642e+01
1.806872201501602149e+01
1.786787355130412180e+01
1.766785321015242261e+01
1.746868592728248970e+01
1.727049883541434028e+01
1.707326496342118460e+01
1.687724478513052162e+01
1.668226760693841015e+01
1.648852204143377520e+01
1.629605297872839742e+01
1.610476158645691669e+01
1.591483647720824912e+01
1.572632254109418426e+01
1.553919280698791638e+01
1.535349216500123859e+01
1.516933736648449305e+01
1.498670144031089357e+01
1.480570113783079478e+01
1.462638134915596666e+01
1.444878696439819876e+01
1.427289101243069069e+01
1.409888210584236923e+01
1.392680513474502213e+01
1.375656126677327684e+01
1.358841097575462875e+01
1.342225542932371596e+01
1.325821137883089484e+01
1.309632371438793896e+01
1.293670918734520292e+01
1.277926896533732304e+01
1.262419166095321721e+01
1.247145030306610280e+01
1.232116164302632733e+01
1.217322684846852709e+01
1.202783453198162711e+01
1.188495772243882520e+01
1.174464130995191624e+01
1.160700204587124595e+01
1.147208482030858967e+01
1.133993452337573515e+01
1.121059604518445596e+01
1.108411427584653453e+01
1.096060596671232545e+01
1.084004414665503546e+01
1.072254556702501205e+01
1.060808325669546726e+01
1.049670210577817997e+01
1.038851886562349769e+01
1.028343470386606562e+01
1.018163823309479987e+01
1.008310248218291072e+01
9.987872341242175267e+00
9.895992700384381280e+00
9.807503209286963397e+00
9.722422555890032569e+00
9.640692326460788664e+00
9.562397829743568778e+00
9.487552513244146724e+00
9.416169824468292759e+00
9.348119488444631031e+00
9.283558675156077911e+00
9.222357109631255767e+00
9.164600100614510580e+00
9.110229234373043994e+00
9.059329819651193105e+00
9.011843442716154229e+00
8.967783551073702952e+00
8.927091730991033813e+00
8.889853291212483910e+00
8.856009818005269096e+00
8.825574758875143644e+00
8.798561561327879588e+00
8.774911811630682124e+00
8.754638957289314405e+00
8.737756445809548467e+00
8.724134002220012007e+00
8.713928796503617846e+00
8.707010553688991905e+00
8.703392721281907995e+00
8.703016885549558879e+00
8.705896493997713037e+00
8.711973132893575666e+00
8.721260249742913473e+00
8.733771292051496715e+00
8.749447846086521707e+00
8.768231498115186540e+00
8.790063834404691079e+00
8.815030163699377752e+00
8.843000211027868929e+00
8.873915562657364475e+00
8.907861527332210372e+00
8.944779691319595827e+00
8.984539779648155644e+00
9.027155239823652977e+00
9.072567658113289468e+00
9.120718620784259656e+00
9.171621575342339128e+00
9.225218108054718869e+00
9.281449805188598745e+00
9.340258253011182177e+00
9.401585037789658372e+00
9.465443607029802919e+00
9.531703685760239964e+00
9.600383056053207298e+00
9.671373115769652529e+00
9.744713319814147567e+00
9.820371261852677947e+00
9.898242674312664136e+00
9.978367012098679822e+00
1.006071186887670521e+01
1.014510111583559393e+01
1.023164606911847940e+01
1.032031432239135782e+01
1.041092974684307215e+01
1.050353179737818721e+01
1.059808806766270095e+01
1.069449429012402497e+01
1.079278991966672940e+01
1.089287068871822939e+01
1.099463232970594895e+01
1.109818615877301973e+01
1.120328418586972319e+01
1.131003772713918742e+01
1.141827065377026607e+01
1.152802242066752392e+01
1.163911689901980395e+01
1.175166540497024492e+01
1.186541994846912296e+01
1.198049184565957326e+01
1.209670496773044235e+01
1.221395504710915070e+01
1.233235339993883528e+01
1.245165203616977045e+01
1.257196227194509142e+01
1.269303611721507608e+01
1.281491302688428569e+01
1.293748873338014427e+01
1.306073083036863736e+01
1.318446318903861503e+01
1.330872526429464386e+01
1.343341278856413901e+01
1.355842149427452270e+01
1.368371897509178758e+01
1.380912910220477841e+01
1.393469133051805819e+01
1.406030139245905275e+01
1.418578315921660504e+01
1.431117608569527455e+01
1.443637590432249063e+01
1.456120648628709269e+01
1.468570728649364554e+01
1.480970217613100104e+01
1.493315874886514827e+01
1.505598161384183342e+01
1.517811088708014466e+01
1.529956742255605562e+01
1.542022835176841333e+01
1.554018638993176360e+01
1.565924680730636886e+01
1.577750231910679446e+01
1.589490191807044539e+01
1.601132273569615805e+01
1.612678562595991139e+01
1.624123958159912107e+01
1.635470545658977315e+01
1.646706038243069514e+01
1.657825335185930271e+01
1.668837708009015230e+01
1.679730869862207854e+01
1.690499720019248642e+01
1.701139157753879161e+01
1.711651268463697662e+01
1.722023765298587961e+01
1.732258733656147598e+01
1.742358258933975179e+01
1.752302868158097837e+01
1.762094646726113467e+01
1.771728493911762570e+01
1.781206495112643395e+01
1.790523549602497511e+01
1.799667370531208022e+01
1.808640043296374245e+01
1.817436467171735970e+01
1.826051541431034764e+01
1.834487351471868166e+01
1.842724424320264021e+01
1.850772031497676551e+01
1.858625072277847678e+01
1.866271259810660510e+01
1.873705493369855901e+01
1.880937044476889852e+01
1.887946440157788786e+01
1.894742951934007635e+01
1.901314292955430219e+01
1.907662548619655851e+01
1.913775432076567284e+01
1.919662214847620163e+01
1.925303423958840909e+01
1.930701144807827774e+01
1.935857462792179007e+01
1.940767277185636530e+01
1.945418301138082739e+01
1.949812620047116241e+01
1.953945604478291287e+01
1.957814510164411814e+01
1.961424250253953261e+01
1.964772551771532605e+01
1.967849955617910496e+01
1.970668561065417990e+01
1.973226095138673841e+01
1.975513098738437989e+01
1.977541671137041490e+01
1.979302353235245704e+01
1.980800058181524648e+01
1.982032513000496010e+01
1.983004630840634519e+01
1.983714138726557508e+01
1.984158763682882665e+01
1.984336232734227323e+01
1.984258645152923606e+01
1.983916541839731451e+01
1.983307649819269258e+01
1.982444068363867729e+01
1.981309152250430827e+01
1.979922186875147005e+01
1.978273713138776557e+01
1.976361458065937882e+01
1.974197520928962035e+01
1.971779628752467417e+01
1.969105508561069939e+01
1.966187259627103501e+01
1.963015422851326974e+01
1.959594911382215798e+01
1.955930638368243635e+01
1.952027516957886633e+01
1.947876088051904020e+01
1.943488450922628630e+01
1.938855146470820046e+01
1.933988273968810390e+01
1.928885560441216640e+01
1.923544732912657196e+01
1.917977890655464179e+01
1.912182760694254213e+01
1.906164256177502025e+01
1.899920104129825660e+01
1.893455217699699844e+01
1.886774510035598951e+01
1.879875708162140313e+01
1.872770911351656764e+01
1.865457846628764926e+01
1.857941427141940238e+01
1.850226566039656362e+01
1.842310990346532051e+01
1.834206471108117498e+01
1.825909094215124284e+01
1.817414617331483484e+01
1.808740356492697643e+01
1.799874883238839374e+01
1.790828327481554183e+01
1.781596446884772789e+01
1.772182185236283303e+01
1.762588486323872417e+01
1.752825480059186702e+01
1.742903296353870601e+01
1.732810506747998147e+01
1.722557241153212715e+01
1.712153629481161587e+01
1.701602615519631811e+01
1.690899956932553039e+01
1.680048597507714092e+01
1.669058667156760478e+01
1.657925923543621849e+01
1.646667682703801816e+01
1.635265330053514887e+01
1.623743367752121713e+01
1.612097553463553368e+01
1.600330830975596896e+01
1.588453330199897096e+01
1.576475181048100005e+01
1.564384955060278592e+01
1.552199968271935226e+01
1.539923164470858019e+01
1.527550301320977333e+01
1.515098694857795714e+01
1.502564102745243346e+01
1.489956654894966093e+01
1.477279295094751355e+01
1.464527781008530027e+01
1.451719428671804124e+01
1.438864367996218974e+01
1.425951170521848077e+01
1.412997152284193447e+01
1.400012443194900413e+01
1.386999987041757265e+01
1.373962727612551582e+01
1.360910794818928338e+01
1.347854318572532506e+01
1.334789056537295515e+01
1.321717952501004056e+01
1.308665508623018958e+01
1.295620296443412656e+01
1.282592445873831011e+01
1.269584900702061425e+01
1.256614251167235707e+01
1.243679812075288815e+01
1.230780172435785502e+01
1.217913921258288568e+01
1.205094019800077731e+01
1.192319057070717214e+01
1.179594808203628276e+01
1.166912676084517742e+01
1.154285621970664266e+01
1.141719420995489642e+01
1.129205476044700340e+01
1.116756748375575548e+01
1.104371826997679662e+01
1.092056487044433055e+01
1.079809317525400836e+01
1.067628907450146869e+01
1.055535404199807203e+01
1.043513024536231804e+01
1.031567543592841751e+01
1.019711922626915701e+01
1.007937564524160834e+01
9.962574305418556264e+00
9.846701096895648320e+00
9.731813771007093550e+00
9.617970079087106328e+00
9.505227772469904579e+00
9.393644602489700901e+00
9.283134598003565330e+00
9.173827371584284407e+00
9.065780674566072506e+00
8.958908535806001439e+00
8.853340567876850642e+00
8.749062660874271202e+00
8.646060704893901772e+00
8.544464312508532444e+00
8.444259373813800096e+00
8.345431778905346931e+00
8.248111140355959492e+00
8.152211487022714920e+00
8.057934292716964819e+00
7.965193586295783668e+00
7.874047119093377844e+00
7.784480781205400213e+00
7.696624185204632873e+00
7.610463221186716254e+00
7.525911918008719503e+00
7.443171749482008437e+00
7.362156744463645097e+00
7.282924654287847410e+00
7.205605091527400141e+00
7.130036050306376438e+00
7.056398136964000756e+00
6.984724061867924050e+00
6.914830951670081660e+00
6.846967100453846378e+00
6.780949634871153542e+00
6.716811265289654109e+00
6.654656563315574758e+00
6.594374516839422107e+00
6.536069697467421058e+00
6.479631093090083560e+00
6.425091414075058793e+00
6.372483370789999491e+00
6.321767812363988881e+00
6.272977449164677921e+00
6.226144991559717567e+00
6.181231288678191049e+00
6.138197189649180707e+00
6.097075404840334834e+00
6.057826783380734881e+00
6.020555896876608415e+00
5.985151733218460279e+00
5.951718864012518928e+00
5.920146277149290093e+00
5.890466682996429171e+00
5.862640930683015839e+00
5.836773591815269668e+00
5.812681793045133993e+00
5.790541967217404107e+00
5.770243102222586629e+00
5.751746047189761235e+00
5.735083512486584212e+00
5.720288208480704739e+00
5.707249123062633878e+00
5.695998966600021696e+00
5.686570449460520926e+00
5.678924420773216575e+00
5.673021729667182100e+00
5.668895086510075565e+00
5.666505340430976645e+00
5.665813340558965017e+00
5.666851797261691637e+00
5.669509698429665789e+00
5.673891615669115041e+00
5.679886536870543345e+00
5.687527172401606101e+00
5.696702510152810817e+00
5.707517121730382392e+00
5.719859995024829225e+00
5.733691979165230102e+00
5.749048005845913245e+00
5.765900030829332223e+00
5.784222231204614317e+00
5.803988784060889472e+00
5.825245727725858025e+00
5.847895378050073312e+00
5.871983773361236558e+00
5.897413229509904653e+00
5.924272901566919991e+00
5.952472291506695434e+00
5.981999948666073763e+00
6.012844422381898646e+00
6.044979889743294699e+00
6.078380527839394531e+00
6.113034886007035595e+00
6.148917141335352277e+00
6.185994284789608777e+00
6.224254865706648765e+00
6.263665875051746212e+00
6.304201489914027512e+00
6.345835887382619056e+00
6.388528872298937955e+00
6.432254621752107937e+00
6.476987312831259835e+00
6.522693936501662293e+00
6.569348669852444367e+00
6.616911317725020503e+00
6.665348871084658455e+00
6.714628320896632196e+00
6.764716658126210369e+00
6.815573687614807419e+00
6.867173586451548850e+00
6.919476159477851773e+00
6.972434025411271108e+00
7.026021361340934135e+00
7.080190785984394886e+00
7.134902104183071359e+00
7.190122306902232197e+00
7.245804012859433207e+00
7.301907026896086172e+00
7.358398339977465952e+00
7.415216198573411077e+00
7.472327593649191968e+00
7.529677957798507570e+00
7.587241468110488718e+00
7.644956371054973943e+00
7.702782471473378578e+00
7.760665201959401571e+00
7.818571553478310676e+00
7.876439772499949754e+00
7.934235333490576636e+00
7.991939203291958727e+00
8.049530832246855283e+00
8.106996856821879760e+00
8.164316727359787862e+00
8.221477080327192155e+00
8.278457366066854561e+00
8.335237034921524568e+00
8.391802723357821847e+00
8.448133881718501215e+00
8.504209960346317487e+00
8.560003223460174837e+00
8.615507493650536475e+00
8.670695035136311901e+00
8.725545298260245275e+00
8.780037733365103847e+00
8.834151790793640657e+00
8.887866920888610522e+00
8.941155387868915838e+00
8.993996642077311421e+00
9.046334203237268667e+00
9.098233755177830062e+00
9.149610073127037779e+00
9.200399490684501913e+00
9.250610202688413608e+00
9.300322265215527295e+00
9.349328289388312285e+00
9.397708331283524785e+00
9.445470585739354163e+00
9.492551386355408738e+00
9.538887066731303932e+00
9.584485821705227337e+00
9.629283984876789049e+00
9.673361612322748826e+00
9.716583176404148148e+00
9.758956871959167501e+00
9.800490893825999805e+00
9.841121575604253380e+00
9.880857112132112263e+00
9.919633837009195432e+00
9.957459945073686924e+00
9.994199908686622891e+00
1.003000564516333704e+01
1.006474162686486906e+01
1.009834418739083617e+01
1.013089338281798923e+01
1.016232554674594724e+01
1.019257701277432027e+01
1.022165597574129592e+01
1.024949876924648429e+01
1.027611715016919547e+01
1.030146526231462545e+01
1.032564453400625126e+01
1.034846894861324884e+01
1.037011179569765851e+01
1.039045891986723547e+01
1.040961174944544432e+01
1.042745612904004027e+01
1.044402162573591575e+01
1.045933780661797208e+01
1.047343423877109991e+01
1.048619676680305624e+01
1.049772681903730565e+01
1.050805396255874768e+01
1.051699218073656183e+01
1.052471476313278487e+01
1.053117941559374593e+01
1.053634384396576529e+01
1.054023761533374071e+01
1.054289029678256995e+01
1.054425959415857328e+01
1.054437507454665202e+01
1.054326630503170037e+01
1.054081913022146821e+01
1.053713497843942548e+01
1.053217155553190132e+01
1.052603028982235500e+01
1.051859702591854351e+01
1.050990133090536283e+01
1.050004463310628466e+01
1.048884091589048140e+01
1.047646346882000046e+01
1.046286999774116211e+01
1.044809006973886589e+01
1.043200952942086168e+01
1.041472980511061763e+01
1.039628046389302973e+01
1.037661921161442358e+01
1.035577561535969515e+01
1.033377924221374045e+01
1.031058779802288861e+01
1.028623084987202674e+01
1.026073796484605793e+01
1.023413871002987641e+01
1.020646265250837992e+01
1.017766749812789229e+01
1.014778281397330595e+01
1.011676630589095005e+01
1.008471940220429275e+01
1.005159980875965431e+01
1.001743574937711401e+01
9.982178213578864145e+00
9.945992431338007478e+00
9.908684326434775258e+00
9.870419128842257805e+00
9.831146484817839593e+00
9.790887901857468378e+00
9.749664887457093698e+00
9.707498949112663311e+00
9.664339733081558137e+00
9.620208746859727711e+00
9.575199359181691960e+00
9.529261216304831805e+00
9.482415825725096781e+00
9.434684694938438199e+00
9.386017470202229873e+00
9.336579381489567453e+00
9.286248213819263242e+00
9.235189197164402231e+00
9.183280116543794946e+00
9.130614340691963093e+00
9.077141515866285815e+00
9.023026872039856983e+00
8.968220055470052188e+00
8.912670712414255902e+00
8.856472211606980949e+00
8.799646060544185744e+00
8.742213766721814494e+00
8.684124976397249895e+00
8.625473058305011875e+00
8.566279519941049969e+00
8.506637730039889433e+00
8.446425473620331914e+00
8.385736119416904444e+00
8.324591174925554782e+00
8.263012147642230687e+00
8.201092406301457416e+00
8.138781597160615888e+00
8.076173088954222479e+00
8.013216527939656331e+00
7.950005282851444477e+00
7.886560861185533788e+00
7.822904770437873800e+00
7.759058518104415825e+00
7.695043611681110285e+00
7.630881558663907605e+00
7.566665727787329487e+00
7.502345765308752412e+00
7.438015039962701636e+00
7.373623198006553636e+00
7.309259357493150588e+00
7.244923772510046156e+00
7.180684307701683089e+00
7.116536966473935522e+00
7.052405890994100091e+00
6.988358945906624875e+00
6.924463995855950849e+00
6.860717044247951257e+00
6.797114094488502012e+00
6.733579288744894420e+00
6.670252352900152282e+00
6.607129290360146179e+00
6.544134243292172748e+00
6.481335076340680068e+00
6.418727792911538721e+00
6.356380257649192345e+00
6.294216612720940240e+00
6.232376584009804432e+00
6.170712452444504059e+00
6.109435805146635978e+00
6.048470784283496826e+00
5.987813393260955408e+00
5.927459635484888523e+00
5.867477375599738032e+00
5.807862617011377182e+00
5.748683224364250499e+00
5.689863339825654620e+00
5.631398966801465455e+00
5.573501692413272757e+00
5.515951936351226159e+00
5.458961285736919855e+00
5.402453882737654922e+00
5.346425730759297501e+00
5.291016555684867839e+00
5.236150499681665238e+00
5.181823566155562943e+00
5.128175480989575874e+00
5.075130386351004219e+00
5.022756146884293393e+00
4.970976904756741810e+00
4.919932385851368828e+00
4.869546732335469308e+00
4.819887808853492217e+00
4.771023480049881194e+00
4.722877888091933762e+00
4.675447036385522281e+00
4.628870650813667886e+00
4.583144734782238494e+00
4.538193430458534294e+00
4.494084602486998925e+00
4.450883179289198743e+00
4.408570483156592168e+00
4.367124900157757672e+00
4.326524816361278170e+00
4.286892340312878247e+00
4.248062135603991152e+00
4.210156310780340583e+00
4.173153251910507677e+00
4.137031345063071797e+00
4.101840837545186247e+00
4.067488254186856445e+00
4.034023842295234807e+00
4.001425987938903361e+00
3.969744938425010528e+00
3.938959079822137888e+00
3.909118659437438748e+00
3.880130202100918968e+00
3.852043955119729635e+00
3.824910165801025386e+00
3.798635358974813414e+00
3.773341643186815197e+00
3.748892426523895427e+00
3.725388259160211657e+00
3.702793154916622864e+00
3.681099872109427018e+00
3.660315541302630482e+00
3.640432920812529449e+00
3.621451955079273866e+00
3.603365402419158148e+00
3.586180393396190880e+00
3.569896872450525560e+00
3.554500411774596635e+00
3.540005328056269995e+00
3.526404379611841389e+00
3.513697510881461650e+00
3.501870294057567001e+00
3.490915487456451860e+00
3.480840221642125698e+00
3.471630068807024294e+00
3.463284973391300259e+00
3.455790507587388927e+00
3.449146615835443352e+00
3.443353242575614370e+00
3.438403146124195509e+00
3.434289084797481628e+00
3.431003816911767146e+00
3.428540100783345146e+00
3.426905066976225989e+00
3.426077101558985927e+00
3.426056148971780235e+00
3.426821295683725843e+00
3.428368802013810335e+00
3.430702814805416612e+00
3.433805922530356991e+00
3.437675085908158845e+00
3.442300079534490020e+00
3.447685050252734751e+00
3.453812586534703577e+00
3.460672462976068342e+00
3.468268826420208839e+00
3.476584265338940494e+00
3.485615740451787570e+00
3.495345840230564605e+00
3.505778711518650503e+00
3.516889756664003386e+00
3.528675936386148404e+00
3.541127025280755181e+00
3.554225611819635144e+00
3.567961470598458362e+00
3.582331562336749098e+00
3.597311289382463251e+00
3.612890426331270888e+00
3.629051561654982105e+00
3.645791656073123388e+00
3.663093298057507941e+00
3.680931889956088554e+00
3.699304392488393045e+00
3.718186208002376425e+00
3.737574297217562069e+00
3.757436876358050792e+00
3.777770906143365970e+00
3.798558975045322139e+00
3.819776485411871203e+00
3.841420397962541866e+00
3.863451742797572752e+00
3.885867480636491678e+00
3.908643013827250545e+00
3.931753744717806587e+00
3.955189447903826760e+00
3.978925525733267854e+00
4.002944566677940408e+00
4.027221973085798545e+00
4.051733147304796390e+00
4.076460677806748478e+00
4.101387153063464019e+00
4.126480789299040275e+00
4.151724174985291782e+00
4.177099898594026861e+00
4.202568990225487688e+00
4.228121224475343887e+00
4.253735083025490304e+00
4.279386992645885179e+00
4.305085203935853144e+00
4.330823595247009550e+00
4.356588858807106668e+00
4.382367686843903876e+00
4.408168329956724030e+00
4.433970294249467869e+00
4.459767458073748969e+00
4.485553699781177350e+00
4.511322897723368364e+00
4.537061744128075169e+00
4.562764117346912229e+00
4.588416709607634481e+00
4.614006213137996859e+00
4.639526506289612051e+00
4.664971467414093631e+00
4.690320602615339673e+00
4.715567790244961976e+00
4.740699722530715476e+00
4.765710277824215524e+00
4.790578962229358417e+00
4.815306840221613705e+00
4.839866231781022599e+00
4.864251015259198674e+00
4.888455069007753728e+00
4.912457899130587613e+00
4.936246197855452600e+00
4.959806657410106290e+00
4.983125970022305395e+00
5.006190827919803077e+00
5.028995109454212020e+00
5.051511134605576103e+00
5.073739967849361321e+00
5.095653929165609775e+00
5.117239710782079065e+00
5.138491191050379214e+00
5.159395062198266046e+00
5.179923644205781663e+00
5.200078001548396500e+00
5.219830454206149994e+00
5.239174880530655720e+00
5.258083600501953114e+00
5.276557678595513501e+00
5.294569434791378981e+00
5.312098375193444966e+00
5.329145564277182778e+00
5.345683322022633632e+00
5.361698340657553352e+00
5.377177312409695098e+00
5.392102109806574894e+00
5.406471257194022328e+00
5.420278459217628964e+00
5.433524606646837896e+00
5.446217776374954411e+00
5.458337300799855463e+00
5.469898442938698757e+00
5.480894907437075858e+00
5.491327585064432526e+00
5.501182994342499910e+00
5.510469212164583297e+00
5.519187129300127559e+00
5.527330450394723371e+00
5.534892880093959633e+00
5.541875309167282104e+00
5.548278628384138322e+00
5.554096542390117186e+00
5.559337128078523094e+00
5.563986903971088083e+00
5.568061133084970749e+00
5.571546333941904905e+00
5.574457769559053588e+00
5.576781958458146171e+00
5.578526977532486164e+00
5.579686531427665130e+00
5.580261510913127054e+00
5.580259992882177222e+00
5.579668495856548560e+00
5.578495096729542801e+00
5.576733500146748845e+00
5.574384596877616005e+00
5.571449277691589153e+00
5.567935619481971798e+00
5.563837326894354618e+00
5.559155290698181595e+00
5.553897587786758905e+00
5.548057922805675446e+00
5.541644372648233841e+00
5.534650641960023876e+00
5.527091993758207700e+00
5.518947760440659600e+00
5.510240391148395922e+00
5.500956404403150479e+00
5.491103877098226782e+00
5.480683700003072367e+00
5.469696763887131219e+00
5.458151145643709512e+00
5.446047736042253895e+00
5.433394611976065214e+00
5.420192664214594558e+00
5.406449721354507076e+00
5.392165432682071824e+00
5.377346385310782573e+00
5.361991980230271793e+00
5.346108804554032368e+00
5.329703445395554517e+00
5.312768117620615627e+00
5.295309408342706803e+00
5.277333904675320930e+00
5.258848193731948228e+00
5.239858862626081581e+00
5.220372498471210321e+00
5.200381316133111831e+00
5.179913461096851357e+00
5.158961148228204507e+00
5.137530964640660613e+00
5.115636683571572085e+00
5.093284892134429143e+00
5.070482177442722893e+00
5.047242312733802194e+00
5.023564698997299516e+00
4.999463109470567268e+00
4.974951317390950756e+00
4.950028723748086001e+00
4.924701915655465001e+00
4.898991852474291697e+00
4.872890749070344363e+00
4.846419564804830493e+00
4.819584886791238532e+00
4.792393302143061362e+00
4.764858584097647842e+00
4.736994505892346830e+00
4.708807654640648543e+00
4.680326175827619117e+00
4.651549470442890133e+00
4.622505683971523283e+00
4.593194217403158142e+00
4.563643216222853738e+00
4.533844895296388344e+00
4.503834586232683179e+00
4.473604503897512963e+00
4.443175607652086967e+00
4.412568856857609134e+00
4.381783652503711934e+00
4.350833767827747778e+00
4.319747348314778357e+00
4.288538167202151641e+00
4.257212811603358738e+00
4.225792240879609807e+00
4.194290228268248377e+00
4.162725587948131967e+00
4.131094181121001796e+00
4.099404096053962832e+00
4.067663421014117375e+00
4.035858685897000697e+00
4.004005165093574625e+00
3.972103760747085488e+00
3.940155375000780058e+00
3.908168096121764190e+00
3.876150012377142851e+00
3.844102025910161924e+00
3.812046597235643208e+00
3.779991814620687229e+00
3.747931394084688339e+00
3.715887796142462562e+00
3.683854736813402031e+00
3.651854676612324546e+00
3.619881331558622684e+00
3.587949976043256051e+00
3.556068698333328726e+00
3.524231214448232841e+00
3.492452798778928003e+00
3.460748725716379148e+00
3.429112711279973968e+00
3.397574402108391123e+00
3.366134700344876052e+00
3.334794508132676416e+00
3.303583472110468655e+00
3.272495308297643568e+00
3.241545291085163427e+00
3.210734322616274117e+00
3.180084863405795659e+00
3.149597815596976158e+00
3.119281267456918805e+00
3.089143307252729453e+00
3.059199209375368600e+00
3.029464248215800293e+00
2.999932139793413111e+00
2.970639716870740799e+00
2.941580695467174600e+00
2.912777536097532760e+00
2.884238327028919358e+00
2.855985528776155302e+00
2.828020043482486479e+00
2.800349959415018297e+00
2.772997737088568559e+00
2.745964278646387147e+00
2.719264858479434999e+00
2.692907564854815305e+00
2.666907672163491672e+00
2.641264218225895188e+00
2.615997528066620781e+00
2.591090131768163829e+00
2.566553303908445827e+00
2.542391132941534515e+00
2.518593335073777695e+00
2.495171184883101301e+00
2.472121584699713104e+00
2.449441436853819543e+00
2.427142015923344776e+00
2.405213038114640156e+00
2.383665778005628066e+00
2.362489951802660304e+00
2.341704020207515669e+00
2.321290513302688652e+00
2.301260705666102080e+00
2.281618685751821474e+00
2.262354169766198630e+00
2.243471246163297739e+00
2.224974003397186539e+00
2.206859343798071915e+00
2.189138541943875360e+00
2.171801314040950004e+00
2.154858934667218673e+00
2.138308306152888694e+00
2.122160703075883781e+00
2.106405841642553955e+00
2.091062182554680682e+00
2.076112255894756231e+00
2.061574522364561624e+00
2.047431512046592239e+00
2.033694499518766907e+00
2.020353200987440090e+00
2.007418891030533281e+00
1.994888471978256694e+00
1.982751660036958574e+00
1.971026915908421273e+00
1.959696769675136396e+00
1.948772495915028768e+00
1.938258183082163466e+00
1.928143547382890510e+00
1.918432677271276532e+00
1.909129661201387940e+00
1.900224215379574311e+00
1.891727614383758471e+00
1.883622388296435135e+00
1.875919811695526684e+00
1.868609600787384917e+00
1.861695844026074020e+00
1.855182629865660848e+00
1.849059689086198111e+00
1.843323996886407468e+00
1.837986915286427658e+00
1.833038247934823950e+00
1.828474984604021580e+00
1.824308487314158844e+00
1.820521373589943481e+00
1.817125005451514896e+00
1.814102000423582828e+00
1.811456534402426710e+00
1.809178411036614254e+00
1.807278992346283975e+00
1.805740895856144501e+00
1.804561111338619739e+00
1.803743814689991343e+00
1.803285995682681886e+00
1.803170271841401329e+00
1.803408005186288410e+00
1.803988999365909285e+00
1.804910244152687415e+00
1.806168729319046706e+00
1.807754258513554202e+00
1.809663821508633141e+00
1.811901594200564958e+00
1.814443007990200973e+00
1.817299424897679927e+00
1.820460648571568862e+00
1.823916482660433713e+00
1.827663916936698163e+00
1.831699941172786339e+00
1.836007172893407091e+00
1.840589787994842519e+00
1.845437590125657668e+00
1.850547569058276887e+00
1.855902342317410358e+00
1.861498899675480212e+00
1.867334230904911463e+00
1.873398139654270267e+00
1.879687615695980529e+00
1.886185276554751100e+00
1.892888112003006107e+00
1.899793111813169455e+00
1.906882893509949772e+00
1.914154446865771408e+00
1.921597575529201185e+00
1.929194897024947730e+00
1.936950587249292255e+00
1.944847263726944053e+00
1.952874730106469281e+00
1.961022790036435426e+00
1.969282451132211342e+00
1.977649536876379344e+00
1.986121074718326440e+00
1.994694092107437422e+00
2.003372802616955273e+00
2.012139861448550615e+00
2.020999482175468653e+00
2.029941506123235762e+00
2.038962960741238284e+00
2.048068059602719426e+00
2.057239457909350033e+00
2.066474183110516449e+00
2.075776448779460992e+00
2.085128910117855394e+00
2.094535780698941974e+00
2.103986901848250213e+00
2.113479301015165124e+00
2.123002819525215301e+00
2.132561670951643951e+00
2.142131324372264611e+00
2.151723179484177795e+00
2.161319891489055234e+00
2.170918487836281496e+00
2.180508809851386065e+00
2.190095071107611702e+00
2.199652740682772389e+00
2.209186032150110890e+00
2.218684786835155354e+00
2.228146032187292125e+00
2.237552423408192492e+00
2.246900987947241468e+00
2.256188753253825841e+00
2.265398374529616010e+00
2.274526879223997877e+00
2.283571294786356454e+00
2.292514276418365249e+00
2.301345665445549749e+00
2.310069675441155379e+00
2.318661775482994791e+00
2.327126179144311191e+00
2.335445541626775867e+00
2.343616890379774720e+00
2.351622880604979038e+00
2.359460539751774277e+00
2.367126895269545894e+00
2.374597416236108760e+00
2.381876316224705192e+00
2.388946250437006036e+00
2.395797060198539885e+00
2.402425772958693972e+00
2.408817271679673855e+00
2.414972536489689681e+00
2.420901961401344504e+00
2.426608754303384075e+00
2.432088936960695502e+00
2.437345717262025424e+00
2.442389489219976451e+00
2.447216274599437025e+00
2.451836467413010201e+00
2.456246089425583534e+00
2.460455534649760079e+00
2.464460824850429166e+00
2.468265167916335656e+00
2.471878957860082604e+00
2.475298216446557564e+00
2.478526151564507174e+00
2.481565971102676293e+00
2.484428069073668421e+00
2.487101281118514251e+00
2.489603187373673698e+00
2.491922623480177901e+00
2.494069983450630357e+00
2.496048475173776371e+00
2.497854120414503498e+00
2.499497313185415237e+00
2.500981261375257780e+00
2.502301986748918239e+00
2.503462697195142805e+00
2.504473786726534534e+00
2.505331277107981869e+00
2.506045562352086975e+00
2.506612664223738740e+00
2.507042976735539330e+00
2.507332521652378077e+00
2.507484506862999840e+00
2.507509326380008119e+00
2.507395815844433606e+00
2.507161555392735330e+00
2.506802566789803510e+00
2.506314871800525701e+00
2.505716050561361374e+00
2.505002124837200306e+00
2.504176302516787356e+00
2.503248977612724691e+00
2.502208985766043892e+00
2.501073907113205319e+00
2.499839763419097416e+00
2.498516948696322793e+00
2.497094298585911698e+00
2.495589393224325825e+00
