# te
2.863415329098336848e+00
3.609824162757375721e+00
3.754411666905991041e+00
3.531927730844762525e+00
3.129409957247365703e+00
2.666942121245778452e+00
2.218657729260378630e+00
1.823720925983083330e+00
1.504730971656756067e+00
1.271110758237079752e+00
1.126101988938973841e+00
1.055737031569596196e+00
1.041275060323514134e+00
1.068153041998132879e+00
1.125017819486060944e+00
1.196695468524613615e+00
1.270578054898262144e+00
1.342578337127616761e+00
1.402859879535917509e+00
1.455456335203281881e+00
1.502185128935964897e+00
1.544887137943861566e+00
1.585501225224250410e+00
1.622023070205945494e+00
1.662406168365888171e+00
1.707148585963521148e+00
1.750342991712162899e+00
1.796200476860332573e+00
1.836789574963760163e+00
1.877063959890215683e+00
1.907112264756225972e+00
1.926312186379878222e+00
1.937740127489658182e+00
1.933557957740221767e+00
1.923716590432227314e+00
1.899696587637130785e+00
1.861185992368997510e+00
1.811184187522690836e+00
1.752530298932899466e+00
1.687556809765264232e+00
1.616504957394516051e+00
1.538706913590330183e+00
1.451942647369213191e+00
1.353697496669522549e+00
1.242327613345497683e+00
1.117875873950588073e+00
9.807888709034028318e-01
8.315850578611225785e-01
6.709172689970605008e-01
4.993625384987457894e-01
3.169992380416598032e-01
1.235779938130649319e-01
-8.198171508510790351e-02
-3.011179910740653942e-01
-5.354551171247790009e-01
-7.848808735618403309e-01
-1.048191815882737910e+00
-1.323906396591683521e+00
-1.610140645256882275e+00
-1.905437863982575530e+00
-2.210395378962303869e+00
-2.526138394659644959e+00
-2.853784929414320271e+00
-3.194510490556908611e+00
-3.549286124033820045e+00
-3.917452998258916796e+00
-4.297939422670028264e+00
-4.689702451200416178e+00
-5.091885977003630437e+00
-5.503975222136272549e+00
-5.926655443418441749e+00
-6.360701712238286731e+00
-6.805854298148509507e+00
-7.261530095128235551e+00
-7.727111429450051361e+00
-8.201324955642677494e+00
-8.683919120735321684e+00
-9.174929816711474118e+00
-9.674536658031774650e+00
-1.018266227468463292e+01
-1.069891997115524518e+01
-1.122302537364943653e+01
-1.175440666341874163e+01
-1.229285132790756485e+01
-1.283775481671676388e+01
-1.338859723656021394e+01
-1.394482596250110795e+01
-1.450596023084123054e+01
-1.507166300035948581e+01
-1.564139086338835227e+01
-1.621492472629167381e+01
-1.679176726774826989e+01
-1.737170861139126643e+01
-1.795425143589948291e+01
-1.853897028119031987e+01
-1.912543968718117782e+01
-1.971323419378945374e+01
-2.030185647969397422e+01
-2.089080922357356229e+01
-2.147959510410705164e+01
-2.206793238368898002e+01
-2.265503629604387825e+01
-2.324055324232772435e+01
-2.382391403998077806e+01
-2.440447764520470741e+01
-2.498181859791691295e+01
-2.555536771555765441e+01
-2.612448395432861048e+01
-2.668874185414717815e+01
-2.724764697807816560e+01
-2.780050084301461055e+01
-2.834696715642838427e+01
-2.888642218083708357e+01
-2.941838590123544250e+01
-2.994237830261819155e+01
-3.045784750874148727e+01
-3.096424164336149332e+01
-3.146115255271152478e+01
-3.194802836054773465e+01
-3.242431719062629014e+01
-3.288961088918048858e+01
-3.334335757996650784e+01
-3.378500538674049380e+01
-3.421414615573576157e+01
-3.463029987194703097e+01
-3.503291465913048341e+01
-3.542158236351941980e+01
-3.579582297010857417e+01
-3.615508460265409241e+01
-3.649896255004728118e+01
-3.682699401057276134e+01
-3.713879148641172634e+01
-3.743382375726823597e+01
-3.771184704780058183e+01
-3.797225827647427110e+01
-3.821466994547047591e+01
-3.843876641820894946e+01
-3.864416019687089232e+01
-3.883046378363747664e+01
-3.899736154192848403e+01
-3.914439411268651270e+01
-3.927131772056988979e+01
-3.937774486775981586e+01
-3.946321619519890334e+01
-3.952755978878406040e+01
-3.957024442821932553e+01
-3.959102633816302586e+01
-3.958951802079634774e+01
-3.956533197830047754e+01
-3.951822803871596790e+01
-3.944798044361210287e+01
-3.935436703794039914e+01
-3.923730938912951416e+01
-3.909651348089238354e+01
-3.893190088065765764e+01
-3.874324943337684601e+01
-3.853040884524001797e+01
-3.829322882243727832e+01
-3.803163093239726322e+01
-3.774539302007148223e+01
-3.743450851412715963e+01
-3.709868339827724526e+01
-3.673798296242753736e+01
-3.635218505152951707e+01
-3.594128309425043000e+01
-3.550519865801894071e+01
-3.504406889397940006e+01
-3.455781536956047262e+01
-3.404643151342938268e+01
-3.350991075425335453e+01
-3.294831838193819351e+01
-3.236164782515110971e+01
-3.174996437379792269e+01
-3.111347704026156791e+01
-3.045218201952214443e+01
-2.976615843304982079e+01
-2.905556002986623199e+01
-2.832046869775442843e+01
-2.756111004697459776e+01
-2.677770968778694183e+01
-2.597042136921307431e+01
-2.513947070151320062e+01
-2.428515515618607878e+01
-2.340748475977619592e+01
-2.250690070625946149e+01
-2.158355674465750340e+01
-2.063782220770765008e+01
-1.966992270567010692e+01
-1.868022757128220235e+01
-1.766910613728129675e+01
-1.663671215268900028e+01
-1.558341495024265200e+01
-1.450972758515674954e+01
-1.341594752893004738e+01
-1.230258783677703960e+01
-1.117001784143506349e+01
-1.001867873688003385e+01
-8.848939855849295100e+00
-7.661386114795901037e+00
-6.456304839816407792e+00
-5.234302081591365230e+00
-3.995614439206258250e+00
-2.740765956700851103e+00
-1.470208816876339419e+00
-1.843233412953451111e-01
1.116502962355648165e+00
2.431667002674444245e+00
3.760630363373560936e+00
5.102833069793945242e+00
6.457723770625171333e+00
7.824738179533865967e+00
9.203320633535295059e+00
1.059290972074562731e+01
1.199291672201038317e+01
1.340274573205122088e+01
1.482177928721823079e+01
1.624950771571934993e+01
1.768524887878996310e+01
1.912847873239028829e+01
2.057845764876485362e+01
2.203473344511244747e+01
2.349649463243902758e+01
2.496321716670481550e+01
2.643408955891575829e+01
2.790858776503207750e+01
2.938597215729830125e+01
3.086557496919750676e+01
3.234672843421278543e+01
3.382876478582722513e+01
3.531094439628532911e+01
3.679259949907019234e+01
3.827299046642632874e+01
3.975137767059825222e+01
4.122716520630761039e+01
4.269954158456036453e+01
4.416776717760102144e+01
4.563117421891265479e+01
4.708902308073979270e+01
4.854043041284979410e+01
4.998487217120289472e+01
5.142146500556647482e+01
5.284946928818503409e+01
5.426828911378023435e+01
5.567711299335800845e+01
5.707527316040146559e+01
5.846202998715511256e+01
5.983657198462486093e+01
6.119830324753241513e+01
6.254641228688369381e+01
6.388003792771176848e+01
6.519862327982831118e+01
6.650148990583359421e+01
6.778788750708922350e+01
6.905728136867260503e+01
7.030899305318398262e+01
7.154255970693928646e+01
7.275708730882307407e+01
7.395311906249126821e+01
7.512861116701127173e+01
7.628439427099328896e+01
7.741914318589046218e+01
7.853296994792728469e+01
7.962454936855684196e+01
8.069471209638940934e+01
8.174141433049233285e+01
8.276404949470442318e+01
8.376344823763594150e+01
8.473756675835424801e+01
8.568723570546960389e+01
8.661041127804932671e+01
8.750792412470373449e+01
8.837844905688587005e+01
8.922281672320600876e+01
9.003898332273151084e+01
9.082777950407262324e+01
9.158788007868244563e+01
9.231867847039976027e+01
9.302100532783487097e+01
9.369353546244079212e+01
9.433638091044213070e+01
9.494893509567764056e+01
9.553059144198616082e+01
9.608074337320645952e+01
9.659950292556314366e+01
9.708698213528067811e+01
9.754257442619793039e+01
9.796495460976792913e+01
9.835567194698666071e+01
9.871268263692154221e+01
9.903681732818277794e+01
9.932746944460917859e+01
9.958475102242532273e+01
9.980733687308422475e+01
9.999605764519618845e+01
1.001503067626000529e+02
1.002687590367488468e+02
1.003522451162528171e+02
1.004008770373365707e+02
1.004140482238388472e+02
1.003918782124672617e+02
1.003345165418615608e+02
1.002421202511444704e+02
1.001148463794388164e+02
9.995213335348165629e+01
9.975413821239573053e+01
9.952101799530386472e+01
9.925292974132881341e+01
9.895003048959334535e+01
9.861247727922027195e+01
9.823898992456091150e+01
9.783116268950948324e+01
9.738843400080307333e+01
9.691096089756440790e+01
9.639890041891632677e+01
9.585240960398155607e+01
9.527236410426864666e+01
9.465820234651462783e+01
9.401008136984228258e+01
9.332887682576014754e+01
9.261474575339094883e+01
9.186712657947175842e+01
9.108689495551114135e+01
9.027492653301752057e+01
8.943065973872801067e+01
8.855497022415104880e+01
8.764729641602376375e+01
8.670851396585463533e+01
8.574021713753789697e+01
8.474112574542488119e+01
8.371211544102408197e+01
8.265334326345826810e+01
8.156640347662171564e+01
8.045073450725142550e+01
7.930721200685596273e+01
7.813599301455806767e+01
7.693867179425195957e+01
7.571468677267473879e+01
7.446563221372062458e+01
7.319166515651238569e+01
7.189294264017280511e+01
7.056962170382466581e+01
6.922329661136220125e+01
6.785340578952245494e+01
6.646082488981396352e+01
6.504571095135946734e+01
6.360893962566752435e+01
6.215066795186086068e+01
6.067320880621944923e+01
5.917600061548039037e+01
5.766061355159904878e+01
5.612780280638980202e+01
5.457758086734248337e+01
5.301211605910409475e+01
5.143070225677875840e+01
4.983407056024200443e+01
4.822295206936939849e+01
4.659807788403648487e+01
4.495946049173308978e+01
4.330854960472048987e+01
4.164435165314850451e+01
3.996867565547127299e+01
3.828210898908719173e+01
3.658531089263325953e+01
3.487908432722359464e+01
3.316423225397230823e+01
3.144141391151639553e+01
2.971150412220854875e+01
2.797523398592432997e+01
2.623326274130070956e+01
2.448646521069038684e+01
2.273550063273033572e+01
2.098117196853470645e+01
1.922428217921759597e+01
1.746541864217742202e+01
1.570545617976689279e+01
1.394505403062297688e+01
1.218494329462122394e+01
1.042592693287576999e+01
8.668736045262161127e+00
6.914029870417381041e+00
5.162611369455549770e+00
3.415283503490794015e+00
1.672921094875819525e+00
-6.374475651382083274e-02
-1.793767367086871456e+00
-3.516415636967770375e+00
-5.230814743803803957e+00
-6.936161726480874812e+00
-8.631653623884840698e+00
-1.031648747490157980e+01
-1.198986031841696942e+01
-1.365104105455545103e+01
-1.529929858344146965e+01
-1.693375808272233840e+01
-1.855369563864635296e+01
-2.015832266234709991e+01
-2.174690086782518961e+01
-2.331865603846189572e+01
-2.487283264156057427e+01
-2.640871494562151156e+01
-2.792571193053838385e+01
-2.942329393577339403e+01
-3.090088530959605961e+01
-3.235795351701905531e+01
-3.379403069816974892e+01
-3.520845496783137918e+01
-3.660070816326432208e+01
-3.797027212172896071e+01
-3.931655681924709711e+01
-4.063925967679483620e+01
-4.193779067039397290e+01
-4.321184722102061215e+01
-4.446091116593512282e+01
-4.568460806487504300e+01
-4.688256347757788944e+01
-4.805418738006547130e+01
-4.919917719331387218e+01
-5.031701475458348227e+01
-5.140732562361182545e+01
-5.246966349889784453e+01
-5.350351021770194393e+01
-5.450849133976162619e+01
-5.548423242481440809e+01
-5.643035903259782060e+01
-5.734678416780369758e+01
-5.823320525140811554e+01
-5.908939156562573913e+01
-5.991518425390982827e+01
-6.071020887599789972e+01
-6.147437843658176604e+01
-6.220746221787609898e+01
-6.290908577961843662e+01
-6.357916212650054888e+01
-6.421731681826000226e+01
-6.482339099835003537e+01
-6.539715394898530576e+01
-6.593837495238048518e+01
-6.644682329075024541e+01
-6.692248383002497292e+01
-6.736519771365789211e+01
-6.777487794634087948e+01
-6.815129381028852151e+01
-6.849443017143126156e+01
-6.880420003446087662e+01
-6.908051640406921479e+01
-6.932357972990239148e+01
-6.953337487789073634e+01
-6.970995857520327377e+01
-6.985345941024749550e+01
-6.996393682592248808e+01
-7.004138926680921884e+01
-7.008588975445731251e+01
-7.009743944917789804e+01
-7.007611137252058597e+01
-7.002190668479644842e+01
-6.993489840755512432e+01
-6.981501583986917581e+01
-6.966254758700389971e+01
-6.947778225422473497e+01
-6.926021797317267215e+01
-6.901222732503174484e+01
-6.873258982905726100e+01
-6.842224084166176112e+01
-6.808139710687203205e+01
-6.771099398110058587e+01
-6.731052959598851260e+01
-6.688093930794831010e+01
-6.642243986100679365e+01
-6.593524799919075008e+01
-6.541886185414124100e+01
-6.487493539465650372e+01
-6.430224813999190303e+01
-6.370317267133140859e+01
-6.307648850793034967e+01
-6.242313100620126676e+01
-6.174403552255664351e+01
-6.103941880102333073e+01
-6.031050364296808652e+01
-5.955693190250915592e+01
-5.877963893605905099e+01
-5.797912893259885436e+01
-5.715597794234823681e+01
-5.631076201552684068e+01
-5.544398534111576282e+01
-5.455629583057321952e+01
-5.364819767288030761e+01
-5.272041064073383154e+01
-5.177365450683057446e+01
-5.080857718262878819e+01
-4.982597030206385824e+01
-4.882640991535541986e+01
-4.781075951767743248e+01
-4.677952329801095743e+01
-4.573363661276854231e+01
-4.467367551216985078e+01
-4.360043163015024703e+01
-4.251469660064511658e+01
-4.141719019635122834e+01
-4.030856032872686256e+01
-3.918963100063812988e+01
-3.806106824572001557e+01
-3.692335488282252953e+01
-3.577733303698853717e+01
-3.462355738830666496e+01
-3.346265447810405647e+01
-3.229525084770786947e+01
-3.112204489968386056e+01
-2.994366317535916977e+01
-2.876080407729953947e+01
-2.757402228559357837e+01
-2.638401620280700399e+01
-2.519148423150555871e+01
-2.399698105177783702e+01
-2.280120506618957066e+01
-2.160492653854506884e+01
-2.040870014893292250e+01
-1.921329616115744443e+01
-1.801941297778437345e+01
-1.682767714014086380e+01
-1.563885891203123535e+01
-1.445358483478263878e+01
-1.327255331096082358e+01
-1.209653460437008832e+01
-1.092615525633760676e+01
-9.762113669429105300e+00
-8.605108246210328105e+00
-7.455909250485582618e+00
-6.315071362343457118e+00
-5.183508568065407829e+00
-4.061847408978597862e+00
-2.951001871364483886e+00
-1.851526635311651736e+00
-7.643356871015610787e-01
3.099444319386241431e-01
1.370399735527455309e+00
2.416475543576336094e+00
3.447401592280959548e+00
4.462407617837011564e+00
5.460867078917332584e+00
6.442081572956190882e+00
7.405280836149267465e+00
8.349816768797838407e+00
9.274998154460009303e+00
1.018018407956091842e+01
1.106472644440181874e+01
1.192796277703626551e+01
1.276925935001323253e+01
1.358794434942526230e+01
1.438337614308508883e+01
1.515492064753199841e+01
1.590211338501434390e+01
1.662452976406438410e+01
1.732175956546209505e+01
1.799337101161587782e+01
1.863893951105799118e+01
1.925811233355927499e+01
1.985043614315655347e+01
2.041568037372623579e+01
2.095347073666758320e+01
2.146343294337986407e+01
2.194540828897804730e+01
2.239887876238424624e+01
2.282361379747488428e+01
2.321938282812635634e+01
2.358595528821506804e+01
2.392295688914028418e+01
2.423022892601698786e+01
2.450754083272157757e+01
2.475466204313046603e+01
2.497129012988148133e+01
2.515741011056675447e+01
2.531271955782411709e+01
2.543720348924569663e+01
2.553077506118503948e+01
2.559327556875713228e+01
2.562454630707694747e+01
2.562442857125946105e+01
2.559297924013538861e+01
2.553003960881969547e+01
2.543545097242735764e+01
2.530912648731193570e+01
2.515105117106555355e+01
2.496106631880318361e+01
2.473915694811696397e+01
2.448523621536043393e+01
2.419943286060286880e+01
2.388173190143638536e+01
2.353219021669169564e+01
2.315079282396091997e+01
2.273766846331331948e+01
2.229273029110245830e+01
2.181617890863617149e+01
2.130814305598372727e+01
2.076875147321440451e+01
2.019813290039746079e+01
1.959634421636360457e+01
1.896365788365925553e+01
1.830013078111510083e+01
1.760603537127754947e+01
1.688163965399428434e+01
1.612726563955652281e+01
1.534301529184103785e+01
1.452920615844029761e+01
1.368608392570821586e+01
1.281396614123727495e+01
1.191302663014280760e+01
1.098365480125586124e+01
1.002624006340749929e+01
9.041028102951623069e+00
8.028336467480707839e+00
6.988482704587241301e+00
5.921856223102274441e+00
4.828918293095434855e+00
3.710130184636346140e+00
2.566096890271775344e+00
1.397207818832784998e+00
2.040679628661308254e-01
-1.012861407558545812e+00
-2.253047161133054477e+00
-3.516028027787772459e+00
-4.801199014975922275e+00
-6.108026991389309934e+00
-7.436050686958306066e+00
-8.784736970374719789e+00
-1.015348084909176585e+01
-1.154182105303984152e+01
-1.294915258967214911e+01
-1.437472674396479277e+01
-1.581793852337099437e+01
-1.727818293534398109e+01
-1.875471126485984641e+01
-2.024699038061038436e+01
-2.175427156757166713e+01
-2.327583485521522277e+01
-2.481098183138413305e+01
-2.635897096717834742e+01
-2.791906073369778696e+01
-2.949053116041397971e+01
-3.107264215565163923e+01
-3.266464787883637655e+01
-3.426573925150388078e+01
-3.587510144629077047e+01
-3.749190670081065946e+01
-3.911534162492494460e+01
-4.074459282849499431e+01
-4.237876787401973644e+01
-4.401717553546612294e+01
-4.565877965285593376e+01
-4.730283151116526597e+01
-4.894841776675246336e+01
-5.059490075760653127e+01
-5.224176563805295359e+01
-5.388842570117873265e+01
-5.553429424007079263e+01
-5.717864082533898085e+01
-5.882102247254739780e+01
-6.046063689106726713e+01
-6.209696923522415091e+01
-6.372936093686643488e+01
-6.535715342784250481e+01
-6.697976000123928486e+01
-6.859645022766665079e+01
-7.020656553897293861e+01
-7.180951922824516487e+01
-7.340465272733167978e+01
-7.499123560684232359e+01
-7.656860929862546072e+01
-7.813618709576806509e+01
-7.969323856887996271e+01
-8.123910514980951802e+01
-8.277320013164373336e+01
-8.429472122375381105e+01
-8.580315358046530605e+01
-8.729769491114946334e+01
-8.877768664765464735e+01
-9.024254208306786040e+01
-9.169138706552175222e+01
-9.312356302686470144e+01
-9.453841139894511514e+01
-9.593505802989565723e+01
-9.731291621280330162e+01
-9.867118365703926486e+01
-1.000093455169291019e+02
-1.013267432243211914e+02
-1.026223589048710636e+02
-1.038963963252899987e+02
-1.051481969174263469e+02
-1.063763835007428185e+02
-1.075802975070877920e+02
-1.087599989806953289e+02
-1.099148293534138787e+02
-1.110441300570918060e+02
-1.121465239111917782e+02
-1.132220709599478994e+02
-1.142693940228228797e+02
-1.152885531440507521e+02
-1.162781711430942408e+02
-1.172383080641874500e+02
-1.181683053391787581e+02
-1.190675492307092753e+02
-1.199356053245907958e+02
-1.207728026498136273e+02
-1.215773143982108024e+02
-1.223501882111583683e+02
-1.230903158928751253e+02
-1.237980264723513102e+02
-1.244736489785771880e+02
-1.251153566033858624e+02
-1.257241969881533095e+02
-1.262997805494840549e+02
-1.268409990915969559e+02
-1.273481816434822065e+02
-1.278209386217443750e+02
-1.282595990553737124e+02
-1.286637733609748011e+02
-1.290323533427663847e+02
-1.293656680297387993e+02
-1.296633278384965138e+02
-1.299263804104155611e+02
-1.301537175497147132e+02
-1.303456682853842779e+02
-1.305025616464145060e+02
-1.306240080494098663e+02
-1.307096179109749414e+02
-1.307604388724858211e+02
-1.307753627381611636e+02
-1.307554371493770304e+02
-1.306988352979664967e+02
-1.306073234376912922e+02
-1.304805119851558857e+02
-1.303172927445791629e+02
-1.301187133573371000e+02
-1.298836656276484973e+02
-1.296139158092750563e+02
-1.293083557064356057e+02
-1.289673143481203965e+02
-1.285911207633197080e+02
-1.281793853686380373e+02
-1.277317185806799813e+02
-1.272498866532071844e+02
-1.267335000028242575e+02
-1.261821690461357122e+02
-1.255962228121317423e+02
-1.249759903298027126e+02
-1.243225192405245707e+02
-1.236347013485161028e+02
-1.229135842951533135e+02
-1.221594971094265105e+02
-1.213727688203258879e+02
-1.205529993639785147e+02
-1.197004653669871317e+02
-1.188168702002483883e+02
-1.179010427851160472e+02
-1.169539678801010609e+02
-1.159759116313286569e+02
-1.149671401849240908e+02
-1.139293569117839837e+02
-1.128613907332621409e+02
-1.117642264078694865e+02
-1.106381300817312763e+02
-1.094833679009727234e+02
-1.083009246241047094e+02
-1.070896291724810823e+02
-1.058511849169985339e+02
-1.045851393913964671e+02
-1.032917587418001801e+02
-1.019713091143348720e+02
-1.006254938798972063e+02
-9.925457918461242457e+01
-9.785883117460575420e+01
-9.643851599600236568e+01
-9.499533701969902211e+01
-9.352956039182086556e+01
-9.204145225849313761e+01
-9.053271599061255870e+01
-8.900289912191858832e+01
-8.745370502330787588e+01
-8.588468122851999453e+01
-8.429824972083724788e+01
-8.269395803399920908e+01
-8.107279092651680230e+01
-7.943429593212950124e+01
-7.778017642173401214e+01
-7.610997992906983711e+01
-7.442397260026217509e+01
-7.272385780620768969e+01
-7.100846446826017200e+01
-6.928021456970202507e+01
-6.753865564427273682e+01
-6.578692828764043554e+01
-6.402458003354462335e+01
-6.225331425288197806e+01
-6.047411570416342386e+01
-5.868868775828567408e+01
-5.689657794898820242e+01
-5.509948964716768671e+01
-5.329768899894935430e+01
-5.149216076284414356e+01
-4.968245247259155661e+01
-4.787092888083061126e+01
-4.605685136808380520e+01
-4.424086130900171554e+01
-4.242431869062064465e+01
-4.060642766281968363e+01
-3.878926682502091694e+01
-3.697132171471768913e+01
-3.515538954371775304e+01
-3.334067446190025663e+01
-3.152781784391574504e+01
-2.971832339927766498e+01
-2.791276064139804092e+01
-2.611198652864313630e+01
-2.431678615814067967e+01
-2.252794462701837475e+01
-2.074624703240395363e+01
-1.897211916523226094e+01
-1.720569937148386686e+01
-1.544734158085506337e+01
-1.369739972304210340e+01
-1.195615586650272100e+01
-1.022382021845603184e+01
-8.500818569836921412e+00
-6.788079740250218208e+00
-5.086676271777943015e+00
-3.397680706502103298e+00
-1.722165586504710522e+00
-6.105973139062585708e-02
1.584492455519576293e+00
3.213562154621018241e+00
4.825867297456013283e+00
6.420982093089687481e+00
7.998768195541482662e+00
9.558943536353689652e+00
1.110115418583003333e+01
1.262526179798996040e+01
1.413076872066001144e+01
1.561703357918964485e+01
1.708305569273541380e+01
1.852804996416960037e+01
1.995101571264877549e+01
2.135116784104521415e+01
2.272757752975405054e+01
2.407938782040899994e+01
2.540617292207522482e+01
2.670731301847368755e+01
2.798243262153656374e+01
2.923101970684271578e+01
3.045261111561320888e+01
3.164672787959666422e+01
3.281295637609846239e+01
3.395109837345844284e+01
3.506100661332552448e+01
3.614253383734860847e+01
3.719553278717661726e+01
3.821989213507772831e+01
3.921545743657703298e+01
4.018200238596098472e+01
4.111908509380035781e+01
4.202626367066589808e+01
4.290302436588982715e+01
4.374885342880432404e+01
4.456330896998013458e+01
4.534580537751089935e+01
4.609604448444452629e+01
4.681401556878321202e+01
4.750006721472200155e+01
4.815418870026312703e+01
4.877672860960162637e+01
4.936774808197827724e+01
4.992752384034959334e+01
5.045618888519488365e+01
5.095351691080065137e+01
5.141942533393052628e+01
5.185361598763240920e+01
5.225600628866992281e+01
5.262622620885240821e+01
5.296426502618208332e+01
5.326982457370683477e+01
5.354282226819029233e+01
5.378310366515751895e+01
5.399058618137213728e+01
5.416504351112063631e+01
5.430646493240520556e+01
5.441462413951231269e+01
5.448951041044420407e+01
5.453132860691876260e+01
5.454035545189248069e+01
5.451701139079898439e+01
5.446142942411765375e+01
5.437402999728210773e+01
5.425501797201026477e+01
5.410474193249718411e+01
5.392340674046076998e+01
5.371114539638039531e+01
5.346830648445111933e+01
5.319502300515225812e+01
5.289149982020177276e+01
5.255801365255611302e+01
5.219469750269465180e+01
5.180181551001395945e+01
5.137958147967097489e+01
5.092805291078556706e+01
5.044750288619331968e+01
4.993806076625271118e+01
4.939985591132215603e+01
4.883308954299869953e+01
4.823810660535649930e+01
4.761518018123116036e+01
4.696465521469683324e+01
4.628687664982769689e+01
4.558218943069790896e+01
4.485093850138163418e+01
4.409339694471448468e+01
4.330998156600917781e+01
4.250110917057847360e+01
4.166705284125794151e+01
4.080837310583748945e+01
3.992534304715270110e+01
3.901837947051631517e+01
3.808789918124108453e+01
3.713453456835544131e+01
3.615877429841071944e+01
3.516125076043537234e+01
3.414252448221927949e+01
3.310329971402946825e+01
3.204406512241725835e+01
3.096545309641111388e+01
2.986802416380090008e+01
2.875226699113793316e+01
2.761874210621211390e+01
2.646793817557474071e+01
2.530048758825427768e+01
2.411680714956346705e+01
2.291752924853075157e+01
2.170321441294603204e+01
2.047456689307633582e+01
1.923214721671153526e+01
1.797665963411867196e+01
1.670873653432619577e+01
1.542893844512400570e+01
1.413796961677912201e+01
1.283653429955857561e+01
1.152540860496796071e+01
1.020522492203575560e+01
8.876759362267549136e+00
7.540788037168940861e+00
6.198015197006966126e+00
4.849073230810089896e+00
3.494881972561052486e+00
2.135944908343279103e+00
7.728248023686831170e-01
-5.941882065730301754e-01
-1.964588395976388124e+00
-3.338013765813112155e+00
-4.714030454816326099e+00
-6.092204601719161339e+00
-7.471886761539014543e+00
-8.852499350531878974e+00
-1.023353664619230408e+01
-1.161449292601485617e+01
-1.299471874501693591e+01
-1.437363651945452148e+01
-1.575088424929932174e+01
-1.712595621204589591e+01
-1.849834668518878544e+01
-1.986754994622256731e+01
-2.123313213388034271e+01
-2.259458752565667794e+01
-2.395148226028471328e+01
-2.530323875402041622e+01
-2.664927942311978271e+01
-2.798917040631591746e+01
-2.932233411986482707e+01
-3.064812111878391221e+01
-3.196616940304487997e+01
-3.327575766642654997e+01
-3.457652390890064709e+01
-3.586786180222770071e+01
-3.714929436839770460e+01
-3.842031588490522864e+01
-3.968041344312094765e+01
-4.092907413441557907e+01
-4.216580732714377433e+01
-4.339014825970605926e+01
-4.460164366830116478e+01
-4.579985178692597003e+01
-4.698432438206588557e+01
-4.815461322020633617e+01
-4.931021257884186326e+01
-5.045077483019188946e+01
-5.157565052927381544e+01
-5.268433395358220395e+01
-5.377617565813448408e+01
-5.485074178166374992e+01
-5.590738287918742344e+01
-5.694559322820006741e+01
-5.796479524495767066e+01
-5.896426762323905280e+01
-5.994350464053876948e+01
-6.090189955964062563e+01
-6.183901647439397919e+01
-6.275446218641452134e+01
-6.364791535855663085e+01
-6.451905465367454440e+01
-6.536777431833831997e+01
-6.619411232159512792e+01
-6.699817849373070544e+01
-6.777986708131507498e+01
-6.853921605339542111e+01
-6.927619151778031892e+01
-6.999090330475551980e+01
-7.068324566089106042e+01
-7.135296911027981537e+01
-7.200003976073034551e+01
-7.262435185881274435e+01
-7.322579965109697753e+01
-7.380420552291452907e+01
-7.435946372083543565e+01
-7.489118104647538132e+01
-7.539903616268870223e+01
-7.588270773232972033e+01
-7.634173069577555282e+01
-7.677585557711913111e+01
-7.718461731673758663e+01
-7.756776643872380816e+01
-7.792570021831781446e+01
-7.825867220828251902e+01
-7.856707968385794061e+01
-7.885131992028408376e+01
-7.911186205403963356e+01
-7.934895963788738982e+01
-7.956300994706744234e+01
-7.975376350567263728e+01
-7.992089897655731079e+01
-8.006416688381435165e+01
-8.018324589029802496e+01
-8.027788652010121950e+01
-8.034783929731682406e+01
-8.039278288479914636e+01
-8.041297083531107148e+01
-8.040865670161552714e+01
-8.037987845275961263e+01
-8.032753639265342827e+01
-8.025123732291264389e+01
-8.015202526992452192e+01
-8.002950703530474641e+01
-7.988400803305479769e+01
-7.971513506479041666e+01
-7.952465076928447729e+01
-7.931214997108503439e+01
-7.907717958646915690e+01
-7.881999316703192449e+01
-7.854084426436844524e+01
-7.824070504245949564e+01
-7.791911044051445856e+01
-7.757559539774270263e+01
-7.721185069051074379e+01
-7.682669264564223965e+01
-7.642037481473225569e+01
-7.599458797414735045e+01
-7.554742983832539949e+01
-7.508130979601870081e+01
-7.459504417405086940e+01
-7.408888652401699915e+01
-7.356452762228362019e+01
-7.302078379567440436e+01
-7.245862720817009972e+01
-7.187831141136584279e+01
-7.128008995685669902e+01
-7.066421639623776230e+01
-7.003166289348983753e+01
-6.938196438782227915e+01
-6.871609304321593470e+01
-6.803430241126584122e+01
-6.733612743118139576e+01
-6.662325887932911428e+01
-6.589595030730410485e+01
-6.515373665431572192e+01
-6.439830869673048142e+01
-6.362848276137203385e+01
-6.284594962460693779e+01
-6.205096283803023738e+01
-6.124377595323707624e+01
-6.042536113420819532e+01
-5.959453470776728778e+01
-5.875370606266659479e+01
-5.790241013811548498e+01
-5.704090048570902383e+01
-5.617014926942804465e+01
-5.529112865325337367e+01
-5.440337357639432980e+01
-5.350857481521748582e+01
-5.260626730893218195e+01
-5.169814183390496254e+01
-5.078373332934520334e+01
-4.986401395923370927e+01
-4.893995588755127812e+01
-4.801181266589301799e+01
-4.708055645823971247e+01
-4.614567045218537089e+01
-4.520858666601959897e+01
-4.426852952925943896e+01
-4.332673558610201070e+01
-4.238329160092722248e+01
-4.143842806059215889e+01
-4.049251917443103821e+01
-3.954593915177807162e+01
-3.859899034072890345e+01
-3.765204695061777329e+01
-3.670548319077887811e+01
-3.575952954806930961e+01
-3.481477581553898659e+01
-3.387138061880641970e+01
-3.292979002844440117e+01
-3.199045011502573033e+01
-3.105359136540747045e+01
-3.011958798892385047e+01
-2.918895791738622236e+01
-2.826185977641310387e+01
-2.733881149781583630e+01
-2.642011542969008886e+01
-2.550614578137006561e+01
-2.459727676218999548e+01
-2.369388258148410387e+01
-2.279648117106372140e+01
-2.190544674026311611e+01
-2.102129722089361863e+01
-2.014433496105088750e+01
-1.927507789254628179e+01
-1.841397208595260793e+01
-1.756131988936548538e+01
-1.671756737335773479e+01
-1.588308874726356024e+01
-1.505825822041719064e+01
-1.424337814091425791e+01
-1.343896644056612999e+01
-1.264532546746847252e+01
-1.186282943095548070e+01
-1.109192440159996096e+01
-1.033305644997470019e+01
-9.586599785413914887e+00
-8.852928617251832222e+00
-8.132489016061237308e+00
-7.425655191176353753e+00
-6.732873213169972004e+00
-6.054445430137734618e+00
-5.390746051413873197e+00
-4.742221147571165751e+00
-4.109173066705261945e+00
-3.491937781429112153e+00
-2.890770178709124671e+00
-2.305743186313296444e+00
-1.737001593248183040e+00
-1.184690188520360676e+00
-6.490256223749587550e-01
-1.300089613414028289e-01
3.720712830965955398e-01
8.571421831710512862e-01
1.325130811113970797e+00
1.775892377918777854e+00
2.209425817056064112e+00
2.625586339519265344e+00
3.024229156301801780e+00
3.405353200874271735e+00
3.768813684230105210e+00
4.114609539839873875e+00
4.442595978697015724e+00
4.752771934272115750e+00
5.045064478797181451e+00
5.319328823265639272e+00
5.575635762386657923e+00
5.813840507153655857e+00
6.033906060417933759e+00
6.235867286269360044e+00
6.419687187559222963e+00
6.585371883881967925e+00
6.732891564212738267e+00
6.862245162022118095e+00
6.973417238532973350e+00
7.066421099463596533e+00
7.141291608903857835e+00
7.198034167835803743e+00
7.236679328674991751e+00
7.257243271589257638e+00
7.259749362870294931e+00
7.244231747995586446e+00
7.210775593921998627e+00
7.159458881482540171e+00
7.090381149881795686e+00
7.003634752200489366e+00
6.899304855395485880e+00
6.777498184795228475e+00
6.638299907356582708e+00
6.481845492903415717e+00
6.308277597383455948e+00
6.117731690620568763e+00
5.910364800810195440e+00
5.686233350413775867e+00
5.445623717856177493e+00
5.188524064610580133e+00
4.915238770353417053e+00
4.625773997809422333e+00
4.320351493419051891e+00
3.999049281145617307e+00
3.662089107429574053e+00
3.309620857472800992e+00
2.941722555238616366e+00
2.558687808406045594e+00
2.160594640938394928e+00
1.747808521753267508e+00
1.320479336052549968e+00
8.787569690381221710e-01
4.228631671504350931e-01
-4.690846193147406307e-02
-5.304080330057265869e-01
-1.027341938393298015e+00
-1.537488431653724508e+00
-2.060697627585127645e+00
-2.596532196031332340e+00
-3.144985974267602291e+00
-3.705621632137768184e+00
-4.278145561962794829e+00
-4.862336017302225422e+00
-5.457683806761321144e+00
-6.063967183899618973e+00
-6.680892541038096155e+00
-7.307950686782008987e+00
-7.944919874690886452e+00
-8.591434635847143397e+00
-9.247201362571743744e+00
-9.911710863469942012e+00
-1.058481325333986156e+01
-1.126599934078674536e+01
-1.195504737937014639e+01
-1.265152003893388866e+01
-1.335505185056037014e+01
-1.406520548409341309e+01
-1.478161547061542613e+01
-1.550384447997022797e+01
-1.623145518200164616e+01
-1.696401024655351364e+01
-1.770114420470821770e+01
-1.844249158754816165e+01
-1.918748571468774600e+01
-1.993573955883779547e+01
-2.068680860371827279e+01
-2.144025551917301797e+01
-2.219564297504584616e+01
-2.295250489668515570e+01
-2.371039132757252332e+01
-2.446900301720856774e+01
-2.522808557772249216e+01
-2.598739899349121885e+01
-2.674667450439625682e+01
-2.750567209481453901e+01
-2.826414240716196602e+01
-2.902183090984529201e+01
-2.977848795783546620e+01
-3.053386016931905189e+01
-3.128770264210875141e+01
-3.203976242555853560e+01
-3.278979231792150273e+01
-3.353752355907913341e+01
-3.428268738891294731e+01
-3.502497911668513808e+01
-3.576412279615335876e+01
-3.649982092270367673e+01
-3.723177599172215935e+01
-3.795973361533803825e+01
-3.868332442769878554e+01
-3.940238027441993296e+01
-4.011644555616266672e+01
-4.082535211854249013e+01
-4.152871622345921310e+01
-4.222629785528973656e+01
-4.291778513717243015e+01
-4.360279433100707536e+01
-4.428115728240916837e+01
-4.495249025327850489e+01
-4.561655322799200718e+01
-4.627296246844945671e+01
-4.692147795902778284e+01
-4.756171596162677417e+01
-4.819343646062336006e+01
-4.881632757915590304e+01
-4.943007744036273010e+01
-5.003430230614366536e+01
-5.062869029963702872e+01
-5.121300140521978506e+01
-5.178685188479168033e+01
-5.235000172272967944e+01
-5.290199531969496860e+01
-5.344273638254163217e+01
-5.397176931193089189e+01
-5.448885409223965581e+01
-5.499367884660627936e+01
-5.548593169816914639e+01
-5.596537263130517204e+01
-5.643161790791412358e+01
-5.688453238589535488e+01
-5.732382552732933334e+01
-5.774959911277315427e+01
-5.816159561659112853e+01
-5.855984495810183432e+01
-5.894416147290809249e+01
-5.931450321908991441e+01
-5.967082825472729013e+01
-6.001302277666167839e+01
-6.034090112049590715e+01
-6.065456506678710724e+01
-6.095382895113813504e+01
-6.123857897039044929e+01
-6.150891690510116661e+01
-6.176458522963454811e+01
-6.200568572454777438e+01
-6.223217644792084258e+01
-6.244394359659513327e+01
-6.264094522865069337e+01
-6.282321126340607975e+01
-6.299062789770268722e+01
-6.314322505085914372e+01
-6.328096078095539667e+01
-6.340379314607145034e+01
-6.351168020428734451e+01
-6.360465187492158634e+01
-6.368273807729279667e+01
-6.374582500824239162e+01
-6.379394258708892806e+01
-6.382719259438955106e+01
-6.384553308822426487e+01
-6.384899398791164771e+01
-6.383760521277023514e+01
-6.381132482088009539e+01
-6.377018273155970718e+01
-6.371435258660485346e+01
-6.364379244409551006e+01
-6.355860408458884336e+01
-6.345874556616480788e+01
-6.334439053061913683e+01
-6.321556889727041550e+01
-6.307223872419862687e+01
-6.291464551443808517e+01
-6.274274732606873783e+01
-6.255664593964778675e+01
-6.235644313573232722e+01
-6.214224069487953273e+01
-6.191406853640795305e+01
-6.167202844087476166e+01
-6.141643777255278991e+01
-6.114738978277097203e+01
-6.086494360594534214e+01
-6.056929356974085721e+01
-6.026056214058389315e+01
-5.993879992366229459e+01
-5.960420124664099717e+01
-5.925688857594639813e+01
-5.889691251676630657e+01
-5.852453925800424628e+01
-5.813974754360948793e+01
-5.774273170124696719e+01
-5.733368605858162681e+01
-5.691266122080131140e+01
-5.647992337680955188e+01
-5.603566685427128391e+01
-5.558001411961291893e+01
-5.511315950049941392e+01
-5.463529732459571875e+01
-5.414662191956679038e+01
-5.364739947431617395e+01
-5.313782431650881222e+01
-5.261809077380968347e+01
-5.208846503512229020e+01
-5.154921328935021307e+01
-5.100052986415836642e+01
-5.044260908721172854e+01
-4.987578900865240428e+01
-4.930026395614535062e+01
-4.871630011859409848e+01
-4.812401996242504509e+01
-4.752383339901884796e+01
-4.691586289480191141e+01
-4.630037463867775216e+01
-4.567770668078849639e+01
-4.504819707127623474e+01
-4.441225572152164602e+01
-4.377007695918969432e+01
-4.312214255689963238e+01
-4.246871870355498402e+01
-4.181014344929783988e+01
-4.114682670550889299e+01
-4.047896279985311452e+01
-3.980696164371117618e+01
-3.913108942598660889e+01
-3.845175605806007724e+01
-3.776915586759654531e+01
-3.708377062721528716e+01
-3.639579466458123846e+01
-3.570578161355221170e+01
-3.501406952427034014e+01
-3.432103085642950191e+01
-3.362674454049930262e+01
-3.293153950021688559e+01
-3.223552907560361547e+01
-3.153882660668091376e+01
-3.084161729470873325e+01
-3.014415820218565401e+01
-2.944649080789447737e+01
-2.874887217433374431e+01
-2.805148750276342895e+01
-2.735445013320494567e+01
-2.665808898939539162e+01
-2.596244555011759658e+01
-2.526799246158584467e+01
-2.457477120258295145e+01
-2.388311069684601051e+01
-2.319319614563502441e+01
-2.250535647268710449e+01
-2.181963315678507342e+01
-2.113642698290460586e+01
-2.045592315230570790e+01
-1.977823500500974063e+01
-1.910369146475385449e+01
-1.843240587155943189e+01
-1.776470714916359128e+01
-1.710085236006487719e+01
-1.644095484428468978e+01
-1.578527166432157891e+01
-1.513420360515122987e+01
-1.448779214555646355e+01
-1.384643807051297770e+01
-1.321025472004217072e+01
-1.257957101788115395e+01
-1.195457216528991218e+01
-1.133558708600555676e+01
-1.072280098128805470e+01
-1.011654277487453157e+01
-9.516925806786362685e+00
-8.924350861999283069e+00
-8.338931280534650270e+00
-7.760995986129601398e+00
-7.190730180044097253e+00
-6.628390924776699222e+00
-6.074307144064507114e+00
-5.528592177928938867e+00
-4.991503088868515903e+00
-4.463440661858958158e+00
-3.944446375683062112e+00
-3.434992876555106101e+00
-2.935193504496480088e+00
-2.445348892985342193e+00
-1.965574653225363733e+00
-1.495958106161251910e+00
-1.036586572737709711e+00
-5.874755126608799394e-01
-1.486403856368857523e-01
2.797596261509825988e-01
6.977090629966020696e-01
1.105192465193826523e+00
1.502050650559392242e+00
1.888340020625725701e+00
2.263901393209557522e+00
2.628719308604744231e+00
2.982778307105154791e+00
3.326062929004659274e+00
3.658342130881403254e+00
3.979744175506399362e+00
4.290109880696365785e+00
4.589423786745173928e+00
4.877742295185253596e+00
5.154906223833333634e+00
5.420971974221854950e+00
5.675852225406103457e+00
5.919531517679947008e+00
6.151922530098679509e+00
6.373153525433319366e+00
6.583065321500578548e+00
6.781714319832897075e+00
6.969099432971861852e+00
7.145169270592048427e+00
7.309929931358892574e+00
7.463380327813977644e+00
7.605548116994315322e+00
7.736432211441480966e+00
7.856045895944775204e+00
7.964416827541207944e+00
8.061536732648496795e+00
8.147440454427515633e+00
8.222148463791414841e+00
8.285700634187760372e+00
8.338135401839343430e+00
8.379489765744198237e+00
8.409792101551715859e+00
8.429087312996161430e+00
8.437417429362259469e+00
8.434838852182451774e+00
8.421443913608461784e+00
8.397296201296585494e+00
8.362473675150834396e+00
8.317047108951362233e+00
8.261081791061425150e+00
8.194642626548271025e+00
8.117774662814534636e+00
8.030566064005999038e+00
7.933076249773010069e+00
7.825371825889779309e+00
7.707519398130514787e+00
7.579571200021709032e+00
7.441701629195428325e+00
7.293862313444165579e+00
7.136292325514703272e+00
6.969087015676677765e+00
6.792413595438300256e+00
6.606295553830631384e+00
6.410971963600458956e+00
6.206466313778845389e+00
5.992945815873997439e+00
5.770577681394128966e+00
5.539529121847447612e+00
5.299823626265017573e+00
5.051700267393623989e+00
4.795326256741473614e+00
4.530725083339632420e+00
4.258135819934881994e+00
3.977725678035432200e+00
3.689661869149493789e+00
3.394183466023850126e+00
3.091385818928133578e+00
2.781579861847704560e+00
2.464789083813625048e+00
2.141252557572677073e+00
1.811209355871644888e+00
1.474826690218736802e+00
1.132343633360736179e+00
7.839273968058537712e-01
4.297451920622968879e-01
7.003609187684944892e-02
-2.949608310037060699e-01
-6.650065038325871924e-01
-1.039789992624440940e+00
-1.419215947109630394e+00
-1.802901572064218749e+00
-2.190679655980004359e+00
-2.582239264871635687e+00
-2.977341325992324261e+00
-3.375746766595284942e+00
-3.777216513933742359e+00
-4.181439634022336982e+00
-4.588177054114284559e+00
-4.997189701462811051e+00
-5.408196286711545397e+00
-5.821105960258678991e+00
-6.235713794654239805e+00
-6.652030446163986532e+00
-7.069850987337947146e+00
-7.489114213203298398e+00
-7.909615196310076257e+00
-8.331292731685461916e+00
-8.753941891879486903e+00
-9.177573333157900137e+00
-9.601838405593593251e+00
-1.002674776545231694e+01
-1.045209648528410185e+01
-1.087775149887755788e+01
-1.130350787878271213e+01
-1.172930442002675555e+01
-1.215493619515970813e+01
-1.258034199920875018e+01
-1.300524504348535082e+01
-1.342951226177811286e+01
-1.385305370461878205e+01
-1.427568600292896939e+01
-1.469722578763026988e+01
-1.511747531739658434e+01
-1.553625840927337265e+01
-1.595337013581066543e+01
-1.636864150017778385e+01
-1.678186038880090791e+01
-1.719285780484934989e+01
-1.760145037924471723e+01
-1.800746192903248044e+01
-1.841071627125809229e+01
-1.881104440909087216e+01
-1.920826297345242750e+01
-1.960219578138822527e+01
-1.999268102219144083e+01
-2.037951376841209949e+01
-2.076250705790988604e+01
-2.114147608438163317e+01
-2.151622741817553930e+01
-2.188657337853890539e+01
-2.225231406830846126e+01
-2.261327330452966677e+01
-2.296924615975255790e+01
-2.332004207877487900e+01
-2.366546332027052202e+01
-2.400531932903723487e+01
-2.433941236374890948e+01
-2.466754468307943782e+01
-2.498952573182656423e+01
-2.530519570066116586e+01
-2.561448901925120580e+01
-2.591735649089006799e+01
-2.621375610499497810e+01
-2.650367459547860705e+01
-2.678702683501503401e+01
-2.706372769627835950e+01
-2.733385733279139274e+01
-2.759720845312264004e+01
-2.785386121079492838e+01
-2.810360831437675344e+01
-2.834652991739093508e+01
-2.858249058964456779e+01
-2.881142676218330223e+01
-2.903334672729138433e+01
-2.924825877725304579e+01
-2.945602748187536690e+01
-2.965666113344259003e+01
-2.985016802423896820e+01
-3.003641272407156038e+01
-3.021554724770176747e+01
-3.038736430369810648e+01
-3.055194404558338306e+01
-3.070915104316466682e+01
-3.085906544996479894e+01
-3.100162369702942300e+01
-3.113676221540420386e+01
-3.126441743613481350e+01
-3.138474137398261377e+01
-3.149752673751614296e+01
-3.160292554149677358e+01
-3.170080235573159300e+01
-3.179123733374340688e+01
-3.187416690657787299e+01
-3.194967122775782542e+01
-3.201761486709032312e+01
-3.207814983933675990e+01
-3.213114071430423735e+01
-3.217666764551554337e+01
-3.221481078649350138e+01
-3.224543470704519166e+01
-3.226861956069342341e+01
-3.228444550096101295e+01
-3.229284895889361451e+01
-3.229383822677547045e+01
-3.228756531936794261e+01
-3.227396666771670652e+01
-3.225305056410601878e+01
-3.222489716205864596e+01
-3.218951475385885885e+01
-3.214698078639855083e+01
-3.209736188004601587e+01
-3.204065008730007946e+01
-3.197683746065956001e+01
-3.190605977510043090e+01
-3.182838094436008447e+01
-3.174372115969877584e+01
-3.165221619609245707e+01
-3.155392996727854893e+01
-3.144892638699442600e+01
-3.133726936897749127e+01
-3.121895096572657025e+01
-3.109417881345620316e+01
-3.096294496466520130e+01
-3.082524147185239372e+01
-3.068127597123233130e+01
-3.053111237654239574e+01
-3.037474274028141608e+01
-3.021230283742535505e+01
-3.004385658171161211e+01
-2.986953974811616419e+01
-2.968941625037638943e+01
-2.950369372470683871e+01
-2.931236422360633043e+01
-2.911563538328941192e+01
-2.891364297873204237e+01
-2.870645092367161766e+01
-2.849419499308411829e+01
-2.827701096194549635e+01
-2.805496274399316192e+01
-2.782825797544164104e+01
-2.759703243126691063e+01
-2.736127816396778556e+01
-2.712127467099739064e+01
-2.687708586609311467e+01
-2.662884752423092394e+01
-2.637683914286393616e+01
-2.612112463572954368e+01
-2.586183977780371634e+01
-2.559919220530099082e+01
-2.533331769319734050e+01
-2.506435201646873523e+01
-2.479257467256827496e+01
-2.451797771399479942e+01
-2.424084063820140500e+01
-2.396129922016407932e+01
-2.367956109609734483e+01
-2.339569017973860454e+01
-2.311003782977954657e+01
-2.282266795995756681e+01
-2.253383773209690233e+01
-2.224357124302919431e+01
-2.195208583767291444e+01
-2.165938327723083745e+01
-2.136553718414429071e+01
-2.107069304209318616e+01
-2.077478075104171040e+01
-2.047801765590835288e+01
-2.018040551789587056e+01
-1.988201795944559791e+01
-1.958300046423745755e+01
-1.928342665471276973e+01
-1.898337015331287247e+01
-1.868283272124054051e+01
-1.838210356465281592e+01
-1.808118444475246278e+01
-1.778014898398082266e+01
-1.747921452725637792e+01
-1.717831097454331157e+01
-1.687772753199869058e+01
-1.657746596082527191e+01
-1.627767174470294620e+01
-1.597856222855022423e+01
-1.568006731233128015e+01
-1.538247620220317202e+01
-1.508579065936866748e+01
-1.479015616750766782e+01
-1.449571821030007968e+01
-1.420262227142582745e+01
-1.391087011208765212e+01
-1.362067907720405380e+01
-1.333212278921635630e+01
-1.304534673180447868e+01
-1.276042452740975008e+01
-1.247757352095065997e+01
-1.219693919610710076e+01
-1.191859517532042645e+01
-1.164283066474768447e+01
-1.136964742559163888e+01
-1.109926280277075605e+01
-1.083175041872640065e+01
-1.056739947961560588e+01
-1.030613988540256543e+01
-1.004818898100576341e+01
-9.793692250105113573e+00
-9.542795176380517219e+00
-9.295499521034743751e+00
-9.052166351463410976e+00
-8.812725567630716128e+00
-8.577466375693715506e+00
-8.346443571729890820e+00
-8.119780368838476647e+00
-7.897437431277711362e+00
-7.679447284544398400e+00
-7.465914315373927579e+00
-7.256727326785966881e+00
-7.052062566754461415e+00
-6.851880699537655772e+00
-6.656214250632356055e+00
-6.465023884296799750e+00
-6.278413987266375784e+00
-6.096345223799314539e+00
-5.918993841869575334e+00
-5.746248644496819047e+00
-5.578142157177864213e+00
-5.414850627886654166e+00
-5.256262859642863994e+00
-5.102483239181869301e+00
-4.953472430761915568e+00
-4.809334821118377512e+00
-4.670102935748066564e+00
-4.535665577670649817e+00
-4.406127133621510872e+00
-4.281520129097459382e+00
-4.161805228356727504e+00
-4.047086818134705055e+00
-3.937253701451055132e+00
-3.832410265041155562e+00
-3.732517173163254931e+00
-3.637678812552719076e+00
-3.547783986229227082e+00
-3.463008942166728055e+00
-3.383170622146317363e+00
-3.308373412903375943e+00
-3.238649839934712116e+00
-3.173888706259991643e+00
-3.114266259853172070e+00
-3.059599442495343880e+00
-3.010064502160463729e+00
-2.965478380629620769e+00
-2.925945464638200377e+00
-2.891426418444438262e+00
-2.861953767545145855e+00
-2.837488176198561085e+00
-2.817990308662919219e+00
-2.803420829196459074e+00
-2.793884124534562918e+00
-2.789340858935468237e+00
-2.789607974180266847e+00
-2.794861718242916293e+00
-2.804984539948105926e+00
-2.819970007693931802e+00
-2.839812521807372203e+00
-2.864477738119975303e+00
-2.893924126339437741e+00
-2.928124528421161887e+00
-2.967037414072843493e+00
-3.010628439126031619e+00
-3.058870445536132632e+00
-3.111721903010840506e+00
-3.169134095133989693e+00
-3.231051119365558222e+00
-3.297431445413237849e+00
-3.368226356860865689e+00
-3.443379951168419328e+00
-3.522836325795875023e+00
-3.606553950450928081e+00
-3.694462550345840146e+00
-3.786499036816733277e+00
-3.882600321199726867e+00
-3.982703314830941643e+00
-4.086737742922641914e+00
-4.194647702934807931e+00
-4.306362920079697787e+00
-4.421791561198007869e+00
-4.540863351501999823e+00
-4.663479271708508733e+00
-4.789554674782083410e+00
-4.919012099811129524e+00
-5.051766899760195884e+00
-5.187720055346118464e+00
-5.326779733409586548e+00
-5.468854100791294748e+00
-5.613836952084219512e+00
-5.761636454129049234e+00
-5.912146401518764804e+00
-6.065274961094057282e+00
-6.220915927447903115e+00
-6.378963095173279640e+00
-6.539295886615448694e+00
-6.701800910243531639e+00
-6.866357588402792089e+00
-7.032852529562346078e+00
-7.201172342191315856e+00
-7.371189262511107287e+00
-7.542789898990839959e+00
-7.715846487851917956e+00
-7.890224079191892059e+00
-8.065802095356023216e+00
-8.242445586441856875e+00
-8.420057540768059567e+00
-8.598577721556038611e+00
-8.777962271876740274e+00
-8.958160148677261958e+00
-9.139105936656976681e+00
-9.320762965010693790e+00
-9.503073004561649384e+00
-9.685977826133076007e+00
-9.869426386672069285e+00
-1.005336045700186354e+01
-1.023771462182183356e+01
-1.042242346583136303e+01
-1.060743594597753869e+01
-1.079268664695974600e+01
-1.097811015347735086e+01
-1.116364105022974584e+01
-1.134921392191630041e+01
-1.153474179486481965e+01
-1.172015925377468548e+01
-1.190538651109756074e+01
-1.209034377928510473e+01
-1.227495845691284693e+01
-1.245915075643244130e+01
-1.264284089029555602e+01
-1.282593469870613845e+01
-1.300835239411585498e+01
-1.319000700285250716e+01
-1.337081155124390719e+01
-1.355067906561785307e+01
-1.372952257230216233e+01
-1.390725509762462764e+01
-1.408378248178921055e+01
-1.425901056499984776e+01
-1.443285955970821632e+01
-1.460524249224211069e+01
-1.477605083055777158e+01
-1.494521197323072137e+01
-1.511261020209333061e+01
-1.527814417122569068e+01
-1.544171253470790184e+01
-1.560321394662004835e+01
-1.576253268879450786e+01
-1.591957460143523306e+01
-1.607423833862231533e+01
-1.622640818218812697e+01
-1.637598997233662246e+01
-1.652288954927174203e+01
-1.666700556707359127e+01
-1.680823667982225089e+01
-1.694647435547395631e+01
-1.708163918217498178e+01
-1.721369636759313693e+01
-1.734260430896700811e+01
-1.746844356764071549e+01
-1.759104319062341304e+01
-1.771048373925924224e+01
-1.782677391365376707e+01
-1.793977869143541426e+01
-1.804957863394832884e+01
-1.815618244129807124e+01
-1.825945509111307530e+01
-1.835940528349890499e+01
-1.845611357979970535e+01
-1.854944495764389956e+01
-1.863947997837562909e+01
-1.872615548086189108e+01
-1.880940830396968266e+01
-1.888931900904314887e+01
-1.896575257371070933e+01
-1.903878955931650907e+01
-1.910836680472754523e+01
-1.917449301004938533e+01
-1.923710501414902296e+01
-1.929621151713203631e+01
-1.935182121910398934e+01
-1.940394282017045313e+01
-1.945244129795985089e+01
-1.949746907505489801e+01
-1.953889112908401771e+01
-1.957671616015278460e+01
-1.961095286836676266e+01
-1.964160995383151942e+01
-1.966869611665262951e+01
-1.969214819569709007e+01
-1.971197489107046863e+01
-1.972818490287833271e+01
-1.974071506998768299e+01
-1.974964595374265741e+01
-1.975491439301026020e+01
-1.975660094913462217e+01
-1.975464246098275467e+01
-1.974897576742164063e+01
-1.973975329103399901e+01
-1.972684000944826721e+01
-1.971031648400856540e+01
-1.969011955358191202e+01
-1.966632977951242722e+01
-1.963888400066712592e+01
-1.960779091715157207e+01
-1.957313109030990717e+01
-1.953484177783424869e+01
-1.949293377395581572e+01
-1.944749015296950745e+01
-1.939852212793166331e+01
-1.934596905066004524e+01
-1.928998585668812638e+01
-1.923058375907224971e+01
-1.916763024839159968e+01
-1.910135212141823047e+01
-1.903161686873133362e+01
-1.895857942586438583e+01
-1.888217914463514902e+01
-1.880249909933853303e+01
-1.871955050303087020e+01
-1.863334456876849643e+01
-1.854396437084631799e+01
-1.845142112232067433e+01
-1.835579789748646462e+01
-1.825710590940003186e+01
-1.815542823235627168e+01
-1.805070421817296022e+01
-1.794316066362214102e+01
-1.783266505928300560e+01
-1.771930047945046738e+01
-1.760322185965798880e+01
-1.748436855172334958e+01
-1.736282362994145601e+01
-1.723867016860720724e+01
-1.711191938077693919e+01
-1.698265434074556524e+01
-1.685095812280798455e+01
-1.671691380125911053e+01
-1.658060445039385655e+01
-1.644204128326853720e+01
-1.630130737417807651e+01
-1.615848579741738078e+01
-1.601365962728134917e+01
-1.586691193806489864e+01
-1.571825394282435440e+01
-1.556784057709320201e+01
-1.541568305392777383e+01
-1.526186444762298322e+01
-1.510653969371229977e+01
-1.494964814401349606e+01
-1.479141659529862096e+01
-1.463185626062400502e+01
-1.447105021428456162e+01
-1.430915339181376567e+01
-1.414617700626795305e+01
-1.398227599318060754e+01
-1.381744984269467658e+01
-1.365186673701531639e+01
-1.348546755171857292e+01
-1.331826502361907671e+01
-1.315034375077001627e+01
-1.298171646998602036e+01
-1.281246777932027925e+01
-1.264253855434885310e+01
-1.247201339312493218e+01
-1.230090503246313993e+01
-1.212922620917810690e+01
-1.195706152132301980e+01
-1.178442370571250386e+01
-1.161139736039976000e+01
-1.143799522219940989e+01
-1.126430188916464914e+01
-1.109040195934867867e+01
-1.091630816956611660e+01
-1.074210511787015854e+01
-1.056787740231400541e+01
-1.039356589847370671e+01
-1.021932706564103022e+01
-1.004524550186917331e+01
-9.871262082734185483e+00
-9.697461406289265895e+00
-9.523999931826182319e+00
-9.350818534920984249e+00
-9.178001813626867289e+00
-9.005634365997030599e+00
-8.833800790084671561e+00
-8.662513822704410060e+00
-8.491929923148017423e+00
-8.322061828230115310e+00
-8.152994136003904657e+00
-7.984739583284002684e+00
-7.817454629362186935e+00
-7.651080149814496245e+00
-7.485844465171283879e+00
-7.321688451008594889e+00
-7.158768566618200602e+00
-6.997097548814725343e+00
-6.836759995651362054e+00
-6.677840505181307229e+00
-6.520423675457759138e+00
-6.364594104533916941e+00
-6.210364529224398744e+00
-6.057963270059552485e+00
-5.907403063853997160e+00
-5.758768508660923047e+00
-5.612072341294968680e+00
-5.467459577749336219e+00
-5.324885738345874309e+00
-5.184366761346439922e+00
-5.045990446251464867e+00
-4.909629008845669773e+00
-4.775442109868054175e+00
-4.643301965103333373e+00
-4.513368235290519337e+00
-4.385584997452891542e+00
-4.259896328613741900e+00
-4.136461889512076162e+00
-4.015153895932606964e+00
-3.896132008614341391e+00
-3.779340304580564691e+00
-3.664722860854567443e+00
-3.552439338175351402e+00
-3.442361952327636310e+00
-3.334650364050424809e+00
-3.229176789128432645e+00
-3.126029027062088073e+00
-3.025223016113259167e+00
-2.926774694543799349e+00
-2.830700000615572254e+00
-2.736943011351866240e+00
-2.645591526253113113e+00
-2.556589622342598123e+00
-2.470025099120755741e+00
-2.385913894849444272e+00
-2.304200086551957849e+00
-2.224971473728722504e+00
-2.148172133403025263e+00
-2.073889865075304151e+00
-2.002140607007417028e+00
-1.932868436222650033e+00
-1.866161152221438302e+00
-1.801962832027067529e+00
-1.740289413901397575e+00
-1.681156836106290076e+00
-1.624581036903603115e+00
-1.570577954555200106e+00
-1.519091666084365411e+00
-1.470209970991536608e+00
-1.423948807538566452e+00
-1.380180391510177129e+00
-1.339064383645367950e+00
-1.300544860967430827e+00
-1.264594644995081119e+00
-1.231258418485607020e+00
-1.200523375205440058e+00
-1.172383895044868840e+00
-1.146840229460677207e+00
-1.123887371680206249e+00
-1.103511814249573897e+00
-1.085714421962616472e+00
-1.070474501241598153e+00
-1.057771358508780679e+00
-1.047605858557999703e+00
-1.039957307811517406e+00
-1.034819384939313913e+00
-1.032164210239794100e+00
-1.031985462382934537e+00
-1.034269633914857600e+00
-1.038974472886253553e+00
-1.046100844090958271e+00
-1.055606495579662241e+00
-1.067477919898487171e+00
-1.081687237345838826e+00
-1.098220940467836471e+00
-1.117043963439030119e+00
-1.138121240433968451e+00
-1.161432077874914093e+00
-1.186941409936416170e+00
-1.214621356916880668e+00
-1.244444039114714240e+00
-1.276374390704464457e+00
-1.310377345860680887e+00
-1.346425024881768850e+00
-1.384475175818420167e+00
-1.424485546721326212e+00
-1.466435444012750278e+00
-1.510282615743384182e+00
-1.555991996087776386e+00
-1.603506960848903873e+00
-1.652792444201314881e+00
-1.703806194195701451e+00
-1.756491586635040347e+00
-1.810806369570023167e+00
-1.866701104927483978e+00
-1.924133540758114380e+00
-1.983054238988747997e+00
-2.043406575422362703e+00
-2.105133925861934596e+00
-2.168194038358155940e+00
-2.232525258427302983e+00
-2.298081741058137784e+00
-2.364807580666024922e+00
-2.432644715829167748e+00
-2.501532210676230772e+00
-2.571409847948260996e+00
-2.642218128998693238e+00
-2.713904842419465613e+00
-2.786449081593687538e+00
-2.859837227142976168e+00
-2.934049910789859883e+00
-3.009064961668563409e+00
-3.084860352635788949e+00
-3.161414559576909422e+00
-3.238705699071103172e+00
-3.316712247003743119e+00
-3.395410810867997675e+00
-3.474776057903594229e+00
-3.554778559259664128e+00
-3.635392479147262268e+00
-3.716589107327905595e+00
-3.798341170787879140e+00
-3.880621396513469712e+00
-3.963398918429035689e+00
-4.046636402947461519e+00
-4.130292204807320289e+00
-4.214326115971954501e+00
-4.298697928404706659e+00
-4.383365278231764250e+00
-4.468289394641243639e+00
-4.553427913759326096e+00
-4.638741346161745049e+00
-4.724188046587068257e+00
-4.809727806998643551e+00
-4.895319700747423397e+00
-4.980923519796755627e+00
-5.066497618885209775e+00
-5.152000568335071584e+00
-5.237383824206014005e+00
-5.322597764639123596e+00
-5.407592552191776925e+00
-5.492318852450015498e+00
-5.576725821913878001e+00
-5.660764844781793315e+00
-5.744386371056087626e+00
-5.827538694901935656e+00
-5.910170829096893286e+00
-5.992233942255674073e+00
-6.073674891318679769e+00
-6.154444126288239225e+00
-6.234491378554294805e+00
-6.313763505057246483e+00
-6.392202332450795055e+00
-6.469751124613409843e+00
-6.546342366237778876e+00
-6.621927944551002199e+00
-6.696441781470536370e+00
-6.769840791521646750e+00
-6.842094812298412876e+00
-6.913211046250433256e+00
-6.983175137455742032e+00
-7.051979916116219549e+00
-7.119632584681468757e+00
-7.186118787229521132e+00
-7.251431353962262349e+00
-7.315563115081579859e+00
-7.378506900789359335e+00
-7.440248355163627814e+00
-7.500780308406277186e+00
-7.560081218471474074e+00
-7.618151101684967230e+00
-7.674975602124781915e+00
-7.730533177745094520e+00
-7.784823844871644027e+00
-7.837826061458605942e+00
-7.889532657707865937e+00
-7.939936463821308799e+00
-7.989023123876966892e+00
-8.036771095829012168e+00
-8.083180396003188051e+00
-8.128229482353665603e+00
-8.171918371206187359e+00
-8.214225520514927936e+00
-8.255143760481773896e+00
-8.294665921308613576e+00
-8.332770460949610936e+00
-8.369450209606664970e+00
-8.404690811357795610e+00
-8.438485096404891195e+00
-8.470818708825984089e+00
-8.501677292699101329e+00
-8.531046492102273504e+00
-8.558911951113529426e+00
-8.585273686058611631e+00
-8.610110154891692957e+00
-8.633414187814659968e+00
-8.655185801153258751e+00
-8.675403452861660369e+00
-8.694067159265609135e+00
-8.711155378319274334e+00
-8.726675312472256252e+00
-8.740605419678734833e+00
-8.752952902388301482e+00
-8.763696218555137918e+00
-8.772828198381121823e+00
-8.780356044315860586e+00
-8.786258214313523496e+00
-8.790536515967531273e+00
-8.793192735818166739e+00
-8.794230451673385573e+00
-8.793667613588851850e+00
-8.791500613248675933e+00
-8.787747400708527223e+00
-8.782404367652500099e+00
-8.775489464136269291e+00
-8.767006267967790478e+00
-8.756965543078878866e+00
-8.745378053401351437e+00
-8.732261748990868711e+00
-8.717620207655400577e+00
-8.701464193326755137e+00
-8.683804469936747594e+00
-8.664694918160336101e+00
-8.644060068443044642e+00
-8.621982545955264143e+00
-8.598437184009517509e+00
-8.573542538395482637e+00
-8.547201581187113817e+00
-8.519461006935509673e+00
-8.490367510191772382e+00
-8.459895924268426626e+00
-8.428092943716576357e+00
-8.395005263087321978e+00
-8.360607715693191722e+00
-8.324946996085280659e+00
-8.288069798814694522e+00
-8.249950957193961543e+00
-8.210565304535604625e+00
-8.170031396629303444e+00
-8.128395928026153072e+00
-8.085561870800111350e+00
-8.041647780740849072e+00
-7.996628491160898911e+00
-7.950622557849927219e+00
-7.903532952881897167e+00
-7.855478232046473330e+00
-7.806433228656190160e+00
-7.756516498500717560e+00
-7.705702874892585541e+00
-7.653967191144317006e+00
-7.601499864284165575e+00
-7.548132005147507151e+00
-7.494054030762590912e+00
-7.439240774441942428e+00
-7.383810791975236043e+00
-7.327667055436426935e+00
-7.270856259376616393e+00
-7.213563489130329742e+00
-7.155593197064356481e+00
-7.097175671283202369e+00
-7.038110032459938381e+00
-6.978554707460496331e+00
-6.918452539435092419e+00
-6.857818232772512346e+00
-6.796666491861548032e+00
-6.735012021090982515e+00
-6.672941386088180771e+00
-6.610397430003354557e+00
-6.547322995986720962e+00
-6.483876510904212687e+00
-6.420072679144618988e+00
-6.355782482619580342e+00
-6.291164348195030342e+00
-6.226161119021184298e+00
-6.160787499486833241e+00
-6.095130055219332377e+00
-6.029203490607471849e+00
-5.962950648801469633e+00
-5.896458095428682711e+00
-5.829740534877899449e+00
-5.762812671537907327e+00
-5.695761071036070433e+00
-5.628528576522600524e+00
-5.561129892386285078e+00
-5.493723445493061242e+00
-5.426252078993140771e+00
-5.358730497275312032e+00
-5.291245265966935563e+00
-5.223739228218227559e+00
-5.156298949656550334e+00
-5.088939134670686926e+00
-5.021674487649429253e+00
-4.954591574220135186e+00
-4.887705098771593981e+00
-4.820957904454021836e+00
-4.754508418133349679e+00
-4.688371344198366764e+00
-4.622489525799289289e+00
-4.556949528563475127e+00
-4.491837918118287476e+00
-4.427169398852514703e+00
-4.362886813916367679e+00
-4.299148590175783546e+00
-4.235897570780974952e+00
-4.173220321359306872e+00
-4.111131546299562345e+00
-4.049717811229103681e+00
-3.988916234291044471e+00
-3.928856617315805266e+00
-3.869447453410987059e+00
-3.810812819399911344e+00
-3.752789347151603394e+00
-3.695501113489383815e+00
-3.639000333997999270e+00
-3.583195501785049863e+00
-3.528138832435283145e+00
-3.473738819056299221e+00
-3.420191399709991309e+00
-3.367333206265388235e+00
-3.315288315545804831e+00
-3.263965220658847866e+00
-3.213487998427834835e+00
-3.163765141960363625e+00
-3.114848866841184005e+00
-3.066719527416469138e+00
-3.019501200509540073e+00
-2.973030517989420307e+00
-2.927431556679433555e+00
-2.882684670925750758e+00
-2.838842076313119023e+00
-2.795884127187712842e+00
-2.753791177895707598e+00
-2.712615444021846400e+00
-2.672337279912304631e+00
-2.632980156656400172e+00
-2.594567545343451354e+00
-2.557108544815056561e+00
-2.520605067788967979e+00
-2.485066213106782218e+00
-2.450508265733963409e+00
-2.416933138388254410e+00
-2.384357116035120239e+00
-2.352789297516157507e+00
-2.322253153920687652e+00
-2.292757784090312612e+00
-2.264312286866634771e+00
-2.236925761091256959e+00
-2.210621677853498390e+00
-2.185409135994959229e+00
-2.161290048233386329e+00
-2.138273513410381632e+00
-2.116375816491408823e+00
-2.095606056318065402e+00
-2.075966145608101332e+00
-2.057472369326974082e+00
-2.040126640192430951e+00
-2.023945243169931629e+00
-2.008933487290562869e+00
-1.995074336219486266e+00
-1.982368522182921478e+00
-1.970788032911656051e+00
-1.960326414508053672e+00
-1.950962840826759859e+00
-1.942690857970134299e+00
-1.935482453668968317e+00
-1.929323987901764736e+00
-1.924209006770884578e+00
-1.920109498007117388e+00
-1.917011821588967102e+00
-1.914902337494936990e+00
-1.913760219579674349e+00
-1.913571827821682669e+00
-1.914316336075607250e+00
-1.915980104319954691e+00
-1.918549492533226486e+00
-1.921996488446212625e+00
-1.926307452037417267e+00
-1.931454371037629736e+00
-1.937430791549209941e+00
-1.944201515179090789e+00
-1.951752901905776660e+00
-1.960064125583912853e+00
-1.969107173944290023e+00
-1.978861220841553248e+00
-1.989305440130350267e+00
-2.000419005665327266e+00
-2.012166719053416042e+00
-2.024542126396978059e+00
-2.037510029302944670e+00
-2.051049601625963170e+00
-2.065132831096822219e+00
-2.079731705446311807e+00
-2.094825398529077454e+00
-2.110385898075910038e+00
-2.126378005693740025e+00
-2.142780895237214267e+00
-2.159566554437122754e+00
-2.176706971024254589e+00
-2.194166946605541124e+00
-2.211918468911771907e+00
-2.229933525673737371e+00
-2.248184104622224844e+00
-2.266627821240310592e+00
-2.285251035506497441e+00
-2.304004176780003466e+00
-2.322866418915475517e+00
-2.341795377395987199e+00
-2.360773831578033555e+00
-2.379813355073213899e+00
-2.398957871490402294e+00
-2.418236932190761745e+00
-2.437665716287737983e+00
-2.457280961266348207e+00
-2.477105032363898562e+00
-2.497174667065404918e+00
-2.517512230608172530e+00
-2.538140088229504876e+00
-2.559087791290563185e+00
-2.580384891152508686e+00
-2.602046566928787108e+00
-2.624102369980561011e+00
-2.646574665545132987e+00
-2.669485818859806958e+00
-2.692858195161886847e+00
-2.716714159688677022e+00
-2.741076077677480516e+00
-2.765966314365601253e+00
-2.791400048866486738e+00
-2.817399646417439563e+00
-2.843987472255764093e+00
-2.871178705494906502e+00
-2.899002897496028908e+00
-2.927468041248718844e+00
-2.956589315866425149e+00
-2.986389086586449082e+00
-3.016875346398382174e+00
-3.048077646663383433e+00
-3.079989608123329337e+00
-3.112647968263237530e+00
-3.146060720072697325e+00
-3.180235856541298034e+00
-3.215195742906343579e+00
-3.250948372157422384e+00
-3.287508923407982397e+00
-3.324899761895327099e+00
-3.363121694485187607e+00
-3.402189900291010538e+00
-3.442119558426243398e+00
-3.482918661880474609e+00
-3.524602389767152122e+00
-3.567171548952006166e+00
-3.610641318548483802e+00
-3.655026877670031205e+00
-3.700329033182382155e+00
-3.746562964198981049e+00
-3.793736663709418533e+00
-3.841858124703283472e+00
