# tt
1.012597042053908922e+03
9.583254972945201189e+02
9.038480557362646550e+02
8.609531877196382084e+02
8.294666098197116071e+02
8.075288785925904449e+02
7.928580424777888993e+02
7.837995646004173977e+02
7.791174796599324281e+02
7.776106948998375401e+02
7.797375781497927392e+02
7.833101554313884662e+02
7.882920439587410328e+02
7.936591646660972401e+02
8.010313926921859320e+02
8.101697890783894991e+02
8.198945735031666118e+02
8.309301808547364772e+02
8.417210541097820169e+02
8.529314796580310940e+02
8.645775187260784378e+02
8.762819546471644117e+02
8.883478774266222899e+02
9.008800785533105682e+02
9.133816224725087523e+02
9.262513694779942170e+02
9.393359834311413579e+02
9.525753717317021483e+02
9.661696331318863713e+02
9.795201601580437227e+02
9.933932125664459818e+02
1.007289353580351758e+03
1.021203815882118533e+03
1.035702968448603997e+03
1.049915425847577808e+03
1.064343987367089994e+03
1.079085320624719088e+03
1.094039970140212745e+03
1.109125921304540270e+03
1.124257022837357226e+03
1.139438368630932018e+03
1.154685288153933243e+03
1.170049041494317862e+03
1.185595260987755864e+03
1.201294664756026350e+03
1.217133550877490507e+03
1.233089536702905434e+03
1.249154611830743306e+03
1.265385440974191170e+03
1.281841265466979166e+03
1.298469469019437838e+03
1.315198453590868439e+03
1.332006924007573389e+03
1.348887957343570406e+03
1.365947950610872567e+03
1.383286668646612725e+03
1.400865681890914630e+03
1.418603444040759769e+03
1.436483083907843593e+03
1.454513833684116207e+03
1.472701547224680098e+03
1.491063809517177106e+03
1.509603833301534223e+03
1.528346389689250600e+03
1.547327771920362238e+03
1.566529756015055227e+03
1.585916895626623727e+03
1.605446558284504135e+03
1.625090483765847694e+03
1.644827698661411205e+03
1.664766982550373541e+03
1.685017215701660916e+03
1.705586672650197670e+03
1.726476441807051970e+03
1.747643594833113411e+03
1.768969742122562593e+03
1.790443385920403671e+03
1.812110517462499956e+03
1.833995569613142379e+03
1.856124110020186890e+03
1.878504687094168503e+03
1.901111053409900251e+03
1.923938519913767323e+03
1.946975211428297143e+03
1.970214556192284363e+03
1.993628079366449811e+03
2.017199795651639079e+03
2.040942464244126768e+03
2.064861658216330397e+03
2.088969210694154754e+03
2.113266064398173512e+03
2.137766608226304015e+03
2.162463672704894179e+03
2.187371646731861802e+03
2.212483360833553434e+03
2.237798831660173164e+03
2.263325261985782618e+03
2.289041110089012818e+03
2.314960764867782927e+03
2.341077056848439042e+03
2.367390002681186161e+03
2.393885246768512388e+03
2.420562805760622723e+03
2.447415510183863262e+03
2.474436190564580102e+03
2.501617677429120704e+03
2.528945615179974993e+03
2.556427206591202321e+03
2.584048096065293521e+03
2.611801081202057503e+03
2.639686014019015602e+03
2.667695527483292608e+03
2.695822254562015132e+03
2.724058828222309330e+03
2.752405067555157530e+03
2.780853605527686796e+03
2.809389888983166202e+03
2.838013737012578076e+03
2.866717782583049029e+03
2.895494658661704307e+03
2.924329812091812983e+03
2.953223061964359658e+03
2.982167041246468671e+03
3.011147196781410003e+03
3.040163347660165527e+03
3.069200940726005228e+03
3.098252608946054806e+03
3.127318171411298408e+03
3.156383074965002379e+03
3.185432930350606966e+03
3.214475562283795625e+03
3.243490214884995112e+03
3.272477690646202063e+03
3.301424419811698499e+03
3.330331204873480601e+03
3.359184476075832208e+03
3.387977849786893330e+03
3.416697756250945531e+03
3.445352184083843440e+03
3.473920377406011994e+03
3.502395952585591658e+03
3.530779712114578160e+03
3.559050900113397802e+03
3.587210319074047220e+03
3.615230026993094725e+03
3.643103640238678508e+03
3.670817589055084682e+03
3.698358303686591171e+03
3.725712214377483633e+03
3.752858481212541392e+03
3.779804672629391007e+03
3.806536714658445362e+03
3.833054905577829231e+03
3.859352357541810761e+03
3.885436554952373172e+03
3.911286237716069991e+03
3.936908890234885348e+03
3.962290438539227125e+03
3.987423994783367561e+03
4.012288298873857002e+03
4.036876462964965867e+03
4.061181599210962304e+03
4.085182447518399385e+03
4.108879306165402340e+03
4.132258101182384053e+03
4.155311944723609486e+03
4.178033948943351788e+03
4.200417225995874105e+03
4.222454888035447766e+03
4.244132861092483836e+03
4.265458629568965080e+03
4.286410933371444116e+03
4.306982884654189547e+03
4.327174781695326601e+03
4.346972718240588620e+03
4.366370645020841039e+03
4.385355494358419492e+03
4.403928570823366499e+03
4.422083992861875231e+03
4.439808692796273135e+03
4.457103975196610918e+03
4.473963958509073564e+03
4.490375575055995796e+03
4.506340129407421045e+03
4.521844553885684945e+03
4.536890153060831835e+03
4.551471045379050338e+03
4.565574163162671539e+03
4.579200810981743416e+03
4.592345107282454592e+03
4.604993984387137061e+03
4.617141560741978537e+03
4.628796327040884535e+03
4.639945215606185229e+03
4.650589531007926780e+03
4.660730577816158984e+03
4.670369660600924362e+03
4.679486525560698283e+03
4.688096849513241068e+03
4.696187523832850275e+03
4.703752462225530508e+03
4.710771165201537769e+03
4.717251877766557300e+03
4.723166914306987564e+03
4.728524519828511984e+03
4.733311380965245917e+03
4.737521370475155891e+03
4.741184291735501574e+03
4.744286831380393778e+03
4.746837234415518651e+03
4.748850931970417150e+03
4.750328982926917888e+03
4.751279632290703375e+03
4.751703938943603134e+03
4.751588589519729794e+03
4.750934642900910148e+03
4.749743157968971900e+03
4.748008007481883396e+03
4.745723064197618442e+03
4.742896573121858637e+03
4.739515220888719341e+03
4.735587252503881246e+03
4.731120912973033228e+03
4.726117261178001172e+03
4.720570169876755244e+03
4.714487884074979775e+03
4.707871462654501556e+03
4.700729150621007648e+03
4.693054820732466396e+03
4.684856717994563041e+03
4.676143087412981004e+03
4.666907801745692268e+03
4.657151919874522719e+03
4.646890872929016041e+03
4.636111347543283046e+03
4.624835960970724045e+03
4.613058585969310116e+03
4.600787467544724677e+03
4.588023664578794524e+03
4.574768235953348267e+03
4.561036612797928683e+03
4.546829853994360747e+03
4.532149018424473979e+03
4.517009537217808429e+03
4.501419655380052063e+03
4.485373245669172320e+03
4.468892925338568602e+03
4.451972567146210167e+03
4.434627602221641610e+03
4.416851744263872206e+03
4.398652442983790934e+03
4.380029802909474711e+03
4.360998300816704614e+03
4.341543668985844306e+03
4.321680384192679412e+03
4.301415737089140748e+03
4.280764204451014848e+03
4.259733076930233437e+03
4.238344017426439677e+03
4.216597130467708666e+03
4.194514078953682656e+03
4.172102153536296100e+03
4.149368644867474359e+03
4.126313657475293439e+03
4.102944482011682339e+03
4.079275595252430776e+03
4.055307101725608845e+03
4.031039105959291646e+03
4.006478898605408631e+03
3.981648142563606598e+03
3.956539756238096743e+03
3.931182588652384766e+03
3.905569558210686864e+03
3.879715141688787753e+03
3.853641001986334686e+03
3.827347243631400488e+03
3.800841157275913702e+03
3.774137219695664498e+03
3.747249907666438048e+03
3.720179325716308085e+03
3.692939950621063417e+03
3.665546259156490123e+03
3.637998355850661937e+03
3.610310717479365849e+03
3.582490634694533128e+03
3.554559770395807391e+03
3.526518229111262372e+03
3.498373301492829796e+03
3.470146650440151461e+03
3.441845566605160002e+03
3.413470154515927334e+03
3.385034890948241355e+03
3.356554252677889053e+03
3.328028344232945528e+03
3.299471642389196404e+03
3.270884251674714505e+03
3.242287834989146177e+03
3.213689682984420870e+03
3.185097086312468491e+03
3.156524230193513631e+03
3.127984133625528557e+03
3.099482337927065146e+03
3.071031570540531902e+03
3.042644558908337785e+03
3.014319658225175772e+03
2.986076782057314176e+03
2.957921471723302602e+03
2.929859268541693382e+03
2.901888527707180401e+03
2.874036348909887693e+03
2.846293901220650696e+03
2.818681098205737726e+03
2.791203481183699296e+03
2.763859405349228837e+03
2.736668784268594209e+03
2.709637159260345015e+03
2.682777257766891125e+03
2.656087434982926879e+03
2.629573232227002336e+03
2.603261749189242892e+03
2.577136968816627359e+03
2.551225990799279316e+03
2.525519984208035112e+03
2.500038862609160788e+03
2.474780981197351593e+03
2.449759067415015579e+03
2.424978662580704622e+03
2.400445308012970145e+03
2.376171731154221106e+03
2.352156287199150938e+03
2.328411703590169054e+03
2.304936335521970250e+03
2.281742910436963029e+03
2.258844155777555443e+03
2.236238426738441831e+03
2.213931264638174980e+03
2.191928210795304949e+03
2.170241992652242061e+03
2.148878151527535920e+03
2.127835042615882230e+03
2.107118207235832415e+03
2.086733186705937442e+03
2.066678336220891651e+03
2.046959197099246921e+03
2.027581310659554447e+03
2.008543032096508796e+03
1.989849902728661391e+03
1.971514649998421191e+03
1.953535629100481856e+03
1.935925496157054795e+03
1.918689435885698458e+03
1.901825375559918029e+03
1.885338428577073955e+03
1.869240894458385810e+03
1.853523514353499195e+03
1.838191401659776602e+03
1.823249669774578706e+03
1.808696245971409326e+03
1.794529057523773645e+03
1.780753217829031655e+03
1.767366654160688313e+03
1.754381666039961829e+03
1.741781808492641403e+03
1.729586567163803693e+03
1.717786683203095208e+03
1.706387270007876850e+03
1.695386254851652893e+03
1.684781565007928066e+03
1.674585499997919669e+03
1.664781614847418496e+03
1.655382209077642528e+03
1.646378023838238278e+03
1.637774172526568009e+03
1.629561396292277777e+03
1.621744808532728939e+03
1.614329522645282623e+03
1.607299093655729394e+03
1.600665821085286552e+03
1.594427632207458601e+03
1.588575268171893185e+03
1.583113842375950298e+03
1.578041282093134896e+03
1.573348328473093261e+03
1.569032908789330122e+03
1.565100136439205926e+03
1.561547938696225401e+03
1.558359870586177749e+03
1.555541045506424325e+03
1.553089390730469177e+03
1.551002833531817032e+03
1.549264928936256183e+03
1.547887976465006432e+03
1.546855531143856524e+03
1.546165520246310734e+03
1.545815871045872882e+03
1.545797324692190159e+03
1.546114994582623694e+03
1.546759621866820453e+03
1.547729133818284254e+03
1.549021709320204991e+03
1.550629347570657274e+03
1.552551485501259094e+03
1.554787560043627991e+03
1.557322635881667793e+03
1.560156149946995129e+03
1.563287539171228900e+03
1.566709054362128654e+03
1.570405760203598447e+03
1.574391465874969754e+03
1.578636863812432011e+03
1.583155763195316922e+03
1.587940414831385397e+03
1.592983069528397664e+03
1.598268791970256871e+03
1.603811391336295856e+03
1.609588746186559774e+03
1.615607479576523929e+03
1.621852656190092148e+03
1.628330899082738597e+03
1.635027272938366877e+03
1.641934028564737446e+03
1.649057789017325149e+03
1.656383618980033361e+03
1.663903769260622994e+03
1.671617676790711130e+03
1.679503220130343834e+03
1.687574208458853946e+03
1.695801334212429310e+03
1.704184034322688376e+03
1.712721745721248453e+03
1.721399533092012689e+03
1.730224019490456840e+03
1.739173083476626289e+03
1.748253348105995883e+03
1.757457064186326534e+03
1.766776482525378242e+03
1.776203853930912601e+03
1.785738615334545784e+03
1.795365831420181848e+03
1.805077752995581250e+03
1.814859444744647590e+03
1.824710343598997497e+03
1.834615514242535482e+03
1.844567207483020866e+03
1.854557674128215240e+03
1.864579164985878379e+03
1.874638303111485584e+03
1.884720153188940003e+03
1.894816966026001865e+03
1.904928528039262574e+03
1.915056023585207640e+03
1.925179428133722467e+03
1.935300275526266432e+03
1.945405727356583157e+03
1.955490131342274026e+03
1.965547835200939971e+03
1.975566000526324842e+03
1.985531788912172487e+03
1.995461106447656448e+03
2.005326742478805272e+03
2.015151789218649810e+03
2.024909036013218611e+03
2.034621575075542751e+03
2.044262195751651461e+03
2.053846804130717373e+03
2.063362561806484337e+03
2.072796630372696200e+03
2.082150543670812567e+03
2.091411463294575697e+03
2.100566550837730119e+03
2.109617340141734985e+03
2.118550992800332551e+03
2.127369042654982877e+03
2.136065837423286212e+03
2.144642910946701704e+03
2.153087424818972067e+03
2.161408099005414442e+03
2.169606467347485705e+03
2.177662505315073759e+03
2.185592118997351008e+03
2.193368097740346911e+03
2.200999161509376790e+03
2.208472471898185631e+03
2.215775190500516601e+03
2.222916037281685021e+03
2.229882173835434969e+03
2.236667947879368057e+03
2.243282079378799153e+03
2.249711729927473698e+03
2.255958433366848567e+03
2.262023723538383365e+03
2.267909134283534968e+03
2.273609013319905443e+03
2.279117708365096405e+03
2.284436753260566093e+03
2.289553309600057673e+03
2.294468911225030297e+03
2.299177905853085122e+03
2.303674641201822851e+03
2.307953555871128628e+03
2.312016638113880617e+03
2.315858780941382065e+03
2.319482063488795120e+03
2.322895751015138103e+03
2.326087550407858544e+03
2.329066726925974763e+03
2.331828173580790917e+03
2.334366783383610709e+03
2.336699007717310906e+03
2.338805367345481500e+03
2.340702313650998349e+03
2.342377553521307163e+03
2.343833166091570547e+03
2.345071230496949738e+03
2.346093825872605976e+03
2.346895845229843417e+03
2.347472181579967128e+03
2.347832100181994520e+03
2.347963307923373577e+03
2.347875070063122166e+03
2.347562279612545353e+03
2.347019829582946841e+03
2.346264171357202486e+03
2.345283011822759363e+03
2.344092802362494240e+03
2.342688435987709909e+03
2.341071991833569427e+03
2.339245549035232671e+03
2.337218372851719323e+03
2.334978170170475551e+03
2.332541392374378574e+03
2.329902932474731642e+03
2.327057683482839366e+03
2.324022096781577602e+03
2.320783879258393426e+03
2.317359482296162241e+03
2.313743798906189113e+03
2.309946094347491908e+03
2.305954075507518610e+03
2.301791379893001249e+03
2.297452900515245801e+03
2.292933530385553695e+03
2.288249720886803516e+03
2.283403551154155593e+03
2.278389914198914539e+03
2.273218075280098674e+03
2.267890113532869691e+03
2.262408108092388375e+03
2.256774138093817783e+03
2.251004390831119508e+03
2.245085252747176582e+03
2.239031590691387919e+03
2.232851085389294440e+03
2.226537045318721994e+03
2.220089965081357150e+03
2.213531897650453629e+03
2.206848965379981109e+03
2.200048848995481876e+03
2.193132043098639315e+03
2.186113414538852794e+03
2.178979085670091081e+03
2.171743923341752179e+03
2.164415608279379285e+03
2.156980262836940710e+03
2.149452753863834914e+03
2.141840762085604183e+03
2.134137595980073911e+03
2.126350936272786839e+03
2.118481277565425899e+03
2.110536300583533375e+03
2.102523686052649737e+03
2.094443928574459733e+03
2.086297522750647204e+03
2.078106521554467690e+03
2.069857047339891778e+03
2.061571153080173644e+03
2.053242147253141411e+03
2.044877710584335773e+03
2.036485523799298790e+03
2.028073267623571155e+03
2.019641436658836710e+03
2.011190525506780659e+03
2.002735401016800097e+03
1.994276557790580455e+03
1.985814490429805119e+03
1.977356879660015011e+03
1.968918592330609499e+03
1.960485750795557578e+03
1.952080408028115926e+03
1.943703058629967927e+03
1.935354197202797650e+03
1.927041504472146016e+03
1.918765475039698686e+03
1.910540975754852752e+03
1.902368501219292511e+03
1.894248546034702713e+03
1.886188790926624051e+03
1.878196916620597904e+03
1.870273417718308337e+03
1.862432825207948326e+03
1.854659582137454208e+03
1.846980912436701601e+03
1.839380923292421812e+03
1.831865280262917395e+03
1.824446835030349121e+03
1.817116880905305379e+03
1.809888269569945805e+03
1.802766666582574089e+03
1.795736179129921311e+03
1.788824031141862179e+03
1.782014329805128000e+03
1.775312740678021328e+03
1.768739301566561153e+03
1.762270933533619882e+03
1.755934860509072905e+03
1.749722375803508385e+03
1.743639144975230238e+03
1.737683647458682799e+03
1.731861548812170895e+03
1.726185700717853479e+03
1.720647396486318939e+03
1.715245115552013658e+03
1.709991709597098179e+03
1.704885658056017519e+03
1.699932626487074913e+03
1.695123908200858978e+03
1.690479541003387112e+03
1.685983632081390624e+03
1.681649033117030058e+03
1.677474223544750885e+03
1.673457682798998121e+03
1.669612262561933903e+03
1.665929256144145029e+03
1.662414329103934961e+03
1.659073146999607388e+03
1.655904189265607101e+03
1.652905935336380253e+03
1.650084050770230533e+03
1.647437015001602276e+03
1.644970493588799627e+03
1.642675779842410748e+03
1.640572911568453264e+03
1.638638809829800948e+03
1.636893512432471653e+03
1.635335498810910167e+03
1.633956062275706472e+03
1.632760868385162212e+03
1.631748396573724222e+03
1.630931498523552364e+03
1.630294220767817251e+03
1.629841925597020918e+03
1.629579914648104705e+03
1.629506303434152414e+03
1.629626393592105615e+03
1.629923928387333490e+03
1.630411395580635144e+03
1.631086910685094608e+03
1.631948589213795685e+03
1.632994546679822406e+03
1.634222898596258801e+03
1.635638946600046665e+03
1.637233620080412493e+03
1.639012220674297396e+03
1.640972863894786315e+03
1.643106479131105289e+03
1.645418368020195658e+03
1.647913832198998762e+03
1.650576614932884240e+03
1.653419203982651425e+03
1.656432528737526354e+03
1.659614704710592605e+03
1.662963847414935117e+03
1.666478072363637693e+03
1.670162681193641902e+03
1.674008603294174691e+03
1.678013954178319182e+03
1.682169663235302778e+03
1.686488218225924356e+03
1.690960548539410183e+03
1.695577583564988117e+03
1.700337438815740370e+03
1.705245415928610100e+03
1.710299630416680884e+03
1.715483825545320997e+03
1.720803302951473597e+03
1.726256178148222034e+03
1.731840566648650338e+03
1.737554583965842085e+03
1.743389159489024678e+03
1.749342408731282148e+03
1.755412447205698527e+03
1.761597390425358071e+03
1.767888167779487048e+03
1.774290080905027708e+03
1.780779686943491242e+03
1.787376659779534521e+03
1.794057556554668508e+03
1.800834865029693219e+03
1.807692328469977610e+03
1.814628333471530595e+03
1.821635164838204446e+03
1.828719750704490025e+03
1.835881833081021568e+03
1.843099595606861385e+03
1.850394338664215411e+03
1.857744245892145955e+03
1.865149059301287934e+03
1.872615707026131076e+03
1.880129558829595908e+03
1.887690356722317119e+03
1.895305028838784892e+03
1.902951758818061762e+03
1.910637474794639729e+03
1.918361918779152120e+03
1.926110460534519234e+03
1.933882842071374853e+03
1.941678805400352985e+03
1.949490906408230558e+03
1.957318887105641807e+03
1.965155303379363204e+03
1.972999897240029213e+03
1.980852410698273843e+03
1.988705399640874020e+03
1.996558606078463072e+03
2.004404585897819061e+03
2.012243081109575314e+03
2.020073833724366523e+03
2.027875027381254085e+03
2.035660776338586629e+03
2.043423636483142218e+03
2.051148977577840014e+03
2.058843727757170200e+03
2.066500442907910838e+03
2.074104492792981091e+03
2.081669991670729814e+03
2.089175123180218634e+03
2.096626815455939777e+03
2.104017624384669489e+03
2.111340105853185378e+03
2.118586815748263234e+03
2.125757496080538203e+03
2.132851888860642703e+03
2.139855363851498623e+03
2.146767663063737928e+03
2.153581342384138679e+03
2.160296143823335115e+03
2.166904623268103023e+03
2.173406522729077551e+03
2.179794398093035397e+03
2.186061117061120967e+03
2.192200794591957674e+03
2.198222229706249436e+03
2.204119849176987373e+03
2.209888079777160783e+03
2.215521348279760787e+03
2.221035639829349748e+03
2.226418195075061249e+03
2.231670626913741671e+03
2.236787362118383044e+03
2.241770013585831748e+03
2.246613008089078448e+03
2.251317958524971800e+03
2.255872105542644022e+03
2.260277062038942859e+03
2.264534440910716967e+03
2.268631482807098109e+03
2.272576986748792478e+03
2.276351007261074756e+03
2.279969529488508670e+03
2.283419794080226893e+03
2.286696227809219181e+03
2.289807629696190361e+03
2.292741240390274925e+03
2.295498672788320164e+03
2.298088725911029542e+03
2.300505826531395542e+03
2.302751587546264545e+03
2.304827621852484754e+03
2.306728356223046831e+03
2.308462589678655149e+03
2.310017562868443747e+03
2.311402074813116997e+03
2.312603366161807116e+03
2.313623049811363671e+03
2.314448366410918879e+03
2.315088114981178023e+03
2.315536722295131767e+03
2.315781429001912329e+03
2.315838220246082074e+03
2.315694336676775038e+03
2.315358577314695594e+03
2.314825368932834408e+03
2.314096324428038770e+03
2.313165870573299799e+03
2.312042806389322323e+03
2.310728744772953632e+03
2.309218112497184393e+03
2.307519708582719431e+03
2.305627959802549867e+03
2.303544522911098284e+03
2.301278416216950518e+03
2.298817143514694635e+03
2.296169766970493583e+03
2.293323790378934063e+03
2.290273903658463951e+03
2.287021982851385928e+03
2.283569904000004954e+03
2.279912357022766628e+03
2.276051217961973634e+03
2.271988362859931385e+03
2.267740040006656727e+03
2.263300939320597081e+03
2.258680122967913121e+03
2.253886653114764158e+03
2.248922405803456513e+03
2.243782070952434424e+03
2.238467524604002847e+03
2.232973456676606929e+03
2.227294557088694546e+03
2.221425515758710844e+03
2.215368208728959871e+03
2.209117325917887683e+03
2.202681929491656319e+03
2.196071081616425090e+03
2.189286658334498497e+03
2.182337721812038126e+03
2.175226148091346658e+03
2.167968185462442307e+03
2.160565709967628663e+03
2.153020597649209776e+03
2.145327538425631701e+03
2.137481222215341404e+03
2.129490711184499560e+03
2.121343509127695143e+03
2.113034305963373754e+03
2.104572163857697433e+03
2.095966144976826399e+03
2.087203753115350537e+03
2.078315608811002221e+03
2.069296401982227053e+03
2.060155194795187072e+03
2.050893863292184960e+03
2.041535841887097376e+03
2.032061448250654848e+03
2.022486930672875815e+03
2.012799792948350159e+03
2.003009097243238557e+03
1.993109533475986609e+03
1.983095791565041509e+03
1.972983855754020396e+03
1.962767095729364428e+03
1.952452989378828988e+03
1.942041828466311699e+03
1.931555463127283019e+03
1.920979812877925724e+03
1.910336727853709817e+03
1.899626499818532693e+03
1.888849420536292882e+03
1.878005781770888007e+03
1.867103061410072996e+03
1.856134365093888846e+03
1.845114356833948023e+03
1.834036142270290838e+03
1.822900013166815825e+03
1.811720633535134539e+03
1.800483922891431121e+03
1.789197359123460046e+03
1.777868420118976701e+03
1.766490211518021852e+03
1.755070211208351111e+03
1.743615897077718955e+03
1.732120374766165924e+03
1.720598308285305393e+03
1.709049989399034075e+03
1.697482895995108265e+03
1.685897319837425130e+03
1.674315111061454445e+03
1.662722189183380124e+03
1.651133218214813724e+03
1.639541303795796466e+03
1.627961109937940819e+03
1.616385742281286866e+03
1.604815492589732912e+03
1.593257838751035024e+03
1.581713072529089686e+03
1.570181485687794520e+03
1.558677742238764040e+03
1.547187761698179429e+03
1.535733394201511373e+03
1.524307745388800640e+03
1.512918293147802615e+03
1.501565329242414236e+03
1.490263517684248654e+03
1.478998777989488872e+03
1.467792960293604438e+03
1.456639170236636801e+03
1.445544885706340892e+03
1.434517584590471188e+03
1.423557558652926218e+03
1.412664810017167156e+03
1.401852554492621721e+03
1.391119346000568839e+03
1.380463738462284937e+03
1.369891471922904657e+03
1.359401100303706016e+03
1.349005549773680059e+03
1.338696188130247265e+03
1.328478755418542733e+03
1.318351805559842887e+03
1.308321078599283510e+03
1.298392314581998562e+03
1.288564067429265606e+03
1.278834891062361976e+03
1.269203339402564779e+03
1.259682338618866652e+03
1.250263256508687164e+03
1.240944646993303650e+03
1.231739436241708518e+03
1.222646178175178648e+03
1.213656240591134065e+03
1.204782549658567405e+03
1.196030845422612629e+03
1.187385309556832908e+03
1.178866054354077505e+03
1.170464447611766445e+03
1.162186229375034372e+03
1.154037139689015476e+03
1.146015732474987999e+03
1.138120561654228823e+03
1.130350181148015054e+03
1.122717517125339327e+03
1.115213937383621442e+03
1.107845181967995586e+03
1.100609804799740004e+03
1.093506359800131349e+03
1.086540587014304947e+03
1.079711040363537222e+03
1.073023459892963956e+03
1.066469213400004264e+03
1.060061227053651010e+03
1.053790868651323308e+03
1.047663878238156713e+03
1.041678809735427876e+03
1.035841403188272352e+03
1.030143026394109484e+03
1.024596605521931224e+03
1.019193508369157826e+03
1.013932288857067078e+03
1.008825873154650026e+03
1.003865585645951910e+03
9.990497631853718303e+02
9.943838853377905025e+02
9.898590594203744786e+02
9.854879511218614425e+02
9.812616677594182875e+02
9.771856888979255018e+02
9.732511218545495240e+02
9.694634461941714108e+02
9.658281414816716506e+02
9.623363150342170229e+02
9.589934464166882435e+02
9.557978290701087190e+02
9.527477564355024242e+02
9.498415219538925385e+02
9.470774190663028094e+02
9.444609273376142937e+02
9.419831540849929752e+02
9.396495788733202517e+02
9.374584951436195297e+02
9.354010102130567930e+02
9.334826036465133257e+02
9.317015688850124207e+02
9.300633854934353622e+02
9.285519746650908246e+02
9.271728159648599785e+02
9.259313889576234260e+02
9.248188009605473781e+02
9.238333454146560371e+02
9.229805018848297777e+02
9.222513776882352659e+02
9.216442662658957943e+02
9.211574610588351106e+02
9.207964416319341581e+02
9.205523153023591476e+02
9.204233755111337132e+02
9.204151018231387980e+02
9.205186015555409540e+02
9.207321681493631331e+02
9.210540950456293103e+02
9.214826756853634606e+02
9.220233896334457313e+02
9.226601580831859337e+02
9.234056467233217518e+02
9.242437767471623147e+02
9.251800277195884519e+02
9.262126930816239110e+02
9.273400662742922123e+02
9.285532546147599078e+02
9.298577376679074860e+02
9.312376596650493639e+02
9.327068014849485280e+02
9.342504225489451528e+02
9.358753406499496350e+02
9.375668152093015806e+02
9.393388501437698324e+02
9.411767048746930868e+02
9.430871971949829913e+02
9.450699587736935428e+02
9.471102490321634377e+02
9.492220718871619738e+02
9.513906867600279611e+02
9.536157253198155104e+02
9.559111914832931234e+02
9.582551585479427558e+02
9.606616304305327958e+02
9.631302388001173540e+02
9.656462430780358090e+02
9.682164610571993535e+02
9.708405244066615296e+02
9.735108786716194800e+02
9.762271555211268605e+02
9.789746143765230499e+02
9.817672591545765499e+02
9.845831631527693162e+02
9.874363302878698505e+02
9.903120199812177589e+02
9.932098639018669246e+02
9.961438659665853947e+02
9.990920994728554660e+02
1.002068568337445868e+03
1.005058531981695864e+03
1.008075994322373504e+03
1.011106214780818618e+03
1.014156011149941946e+03
1.017210642851083549e+03
1.020262555429439431e+03
1.023325752801778208e+03
1.026385494389439145e+03
1.029434225737619499e+03
1.032478764639229666e+03
1.035511556639467017e+03
1.038525047283527556e+03
1.041533240488179672e+03
1.044521395674763426e+03
1.047489144512332132e+03
1.050436118669940015e+03
1.053361949816640617e+03
1.056259083497631309e+03
1.059127151381965177e+03
1.061958847501970695e+03
1.064755045962359645e+03
1.067516869354975142e+03
1.070245440271660527e+03
1.072927509056544068e+03
1.075571384425325959e+03
1.078171002845992916e+03
1.080727486910387597e+03
1.083234773086495807e+03
1.085701170090018422e+03
1.088120614388940794e+03
1.090494228575106035e+03
1.092815949116501088e+03
1.095086898604967928e+03
1.097301013508493043e+03
1.099466602542776400e+03
1.101570416051947404e+03
1.103627948875562879e+03
1.105618765233894919e+03
1.107558359966501030e+03
1.109433483417509706e+03
1.111252444302620688e+03
1.113001992965964064e+03
1.114690438123239346e+03
1.116311716242432794e+03
1.117874136039244149e+03
1.119364447857803043e+03
1.120790960413809216e+03
1.122140424051391619e+03
1.123428333610107529e+03
1.124641439434086124e+03
1.125780864115170289e+03
1.126847730245202911e+03
1.127843160416027786e+03
1.128761091095630263e+03
1.129602644875853912e+03
1.130368944348541845e+03
1.131053925981679413e+03
1.131658712367110638e+03
1.132184426096677953e+03
1.132632189762224925e+03
1.132995939831737360e+03
1.133276798897058143e+03
1.133475889550031070e+03
1.133594334382498801e+03
1.133626069862447366e+03
1.133579404705577190e+03
1.133448275379874303e+03
1.133226618353323829e+03
1.132929928465484636e+03
1.132537811553934034e+03
1.132065970544761740e+03
1.131501405485935038e+03
1.130859860920849997e+03
1.130128336897474355e+03
1.129308205711489336e+03
1.128408025782433924e+03
1.127414797158275633e+03
1.126344264382410529e+03
1.125183427502805671e+03
1.123940844939000272e+03
1.122610702862819153e+03
1.121201559693800391e+03
1.119707601603769263e+03
1.118130200888407444e+03
1.116470729843396157e+03
1.114730560764417305e+03
1.112911065947153020e+03
1.111006431563427213e+03
1.109018029908921790e+03
1.106954419403176189e+03
1.104809786218014324e+03
1.102585502649118098e+03
1.100290127116026724e+03
1.097910659666707033e+03
1.095448472596840929e+03
1.092919310449824707e+03
1.090317359397482505e+03
1.087636805611639602e+03
1.084893393635691609e+03
1.082074123517605585e+03
1.079187553676920743e+03
1.076235056409319213e+03
1.073210817886625136e+03
1.070123396528377270e+03
1.066974164630257519e+03
1.063757308364090477e+03
1.060481386149414902e+03
1.057147770281912926e+03
1.053743460809551379e+03
1.050291388399584093e+03
1.046778553099977898e+03
1.043213513330272008e+03
1.039590455262290561e+03
1.035917937315573454e+03
1.032197331785801452e+03
1.028430010968656688e+03
1.024610161035963529e+03
1.020746340407261187e+03
1.016839921378231111e+03
1.012892099060512351e+03
1.008903359829570718e+03
1.004881199000686820e+03
1.000811553517569791e+03
9.967091048193574352e+02
9.925669759736151718e+02
9.883926622956240635e+02
9.841864729768068401e+02
9.799487172085874818e+02
9.756797041823889458e+02
9.713797430896344167e+02
9.670563292456042745e+02
9.627025857178648494e+02
9.583260078216966349e+02
9.539269047485227020e+02
9.494983995659088123e+02
9.450479875891360280e+02
9.405759780096274199e+02
9.360898661426635954e+02
9.315827750558105436e+02
9.270622000643484171e+02
9.225284503597008552e+02
9.179818351332912698e+02
9.134226635765423907e+02
9.088512448808779709e+02
9.042750743615782767e+02
8.996944612100668337e+02
8.951025284939094036e+02
8.905139576522436755e+02
8.859218717526359796e+02
8.813265799865091594e+02
8.767355776691442770e+02
8.721491739919642896e+02
8.675676781463926091e+02
8.629913993238523062e+02
8.584206467157665656e+02
8.538629156374163358e+02
8.493185152802243465e+02
8.447877548356143507e+02
8.402637573711523373e+02
8.357683904498327365e+02
8.312875910153651375e+02
8.268288543830293520e+02
8.223996758681063284e+02
8.179931785381619420e+02
8.136096715846196048e+02
8.092566503227594694e+02
8.049416100678622570e+02
8.006576738874944112e+02
7.964051509730784346e+02
7.921913364517795344e+02
7.880155385744407113e+02
7.838768654037899068e+02
7.797816111264114625e+02
7.757216976811758968e+02
7.717034192546678923e+02
7.677258839096150496e+02
7.637953858326020509e+02
7.599110330863563831e+02
7.560647476097482240e+02
7.522628235893627107e+02
7.485115552117842981e+02
7.448028644158831639e+02
7.411430453882444453e+02
7.375383923154522563e+02
7.339736410125202610e+02
7.304622717898903375e+02
7.270033927102897451e+02
7.235961118364461981e+02
7.202323511072298743e+02
7.169327769569401880e+02
7.136749390767326986e+02
7.104795039009065931e+02
7.073312072444751948e+02
7.042435294178804952e+02
7.012083923599924447e+02
6.982320902573959529e+02
6.953137311728186205e+02
6.924596092928450162e+02
6.896616465563456586e+02
6.869189510260481484e+02
6.842378168885367131e+02
6.816245383303966037e+02
6.790638511666405748e+02
6.765692357077108454e+02
6.741326138924775933e+02
6.717602799075253870e+02
6.694513418155818272e+02
6.672049076793747417e+02
6.650200855616311628e+02
6.629031696489362275e+02
6.608532680040173091e+02
6.588623025657445851e+02
6.569365675207029653e+02
6.550751709316198230e+02
6.532844069850799542e+02
6.515561976199537639e+02
6.498968370228259346e+02
6.482982471325666438e+02
6.467739082596178832e+02
6.453085226674052137e+02
6.439082167845753020e+02
6.425790834881871660e+02
6.413128434075857740e+02
6.401155894198300302e+02
6.389862282781219847e+02
6.379236667356632324e+02
6.369268115456561645e+02
6.359873833374449532e+02
6.351258472358036897e+02
6.343195516223622690e+02
6.335817754980370182e+02
6.329114256160301011e+02
6.323002226056859172e+02
6.317542593440635983e+02
6.312652564605082262e+02
6.308464929559356733e+02
6.304896894596909078e+02
6.301937527249756386e+02
6.299575895049919154e+02
6.297801065529415609e+02
6.296673967458838206e+02
6.296111807131632077e+02
6.296096465955961321e+02
6.296688872702412709e+02
6.297856536531439815e+02
6.299588524975056316e+02
6.301873905565283849e+02
6.304701745834142912e+02
6.308068299437505857e+02
6.311962633907392046e+02
6.316373816775825389e+02
6.321290915574818428e+02
6.326702997836395070e+02
6.332606317216428806e+02
6.338982755123082597e+02
6.345828565212233343e+02
6.353125628892040595e+02
6.360863013694525989e+02
6.369044159399419414e+02
6.377643761291029705e+02
6.386650886901372814e+02
6.396054603762468105e+02
6.405851165530193612e+02
6.416008081364994950e+02
6.426528791046605420e+02
6.437387989859330446e+02
6.448581931459046928e+02
6.460085311130056880e+02
6.471887196404381939e+02
6.483978070288169420e+02
6.496346891560234553e+02
6.508984034473520524e+02
6.521879873280970514e+02
6.535046340607100319e+02
6.548452252333286197e+02
6.562102354960180719e+02
6.575987022740731618e+02
6.590096629927883214e+02
6.604414364650718881e+02
6.618944973409901422e+02
6.633671644334513076e+02
6.648584751677501572e+02
6.663674669691811232e+02
6.678931772630380692e+02
6.694346434746159957e+02
6.709909030292089938e+02
6.725609933521114954e+02
6.741439518686181600e+02
6.757380973916372113e+02
6.773431859588491761e+02
6.789582549955481454e+02
6.805809047022572713e+02
6.822108911166565122e+02
6.838465330516547738e+02
6.854868679325462608e+02
6.871309331846255191e+02
6.887770476208012269e+02
6.904235300539818354e+02
6.920701365218475303e+02
6.937151858373072173e+02
6.953562782008835939e+02
6.969938882626427130e+02
6.986256162231073858e+02
7.002497808951864045e+02
7.018661383165594998e+02
7.034722886877500514e+02
7.050679880464382450e+02
7.066508365931466642e+02
7.082191531407843286e+02
7.097726937270310827e+02
7.113090585524099652e+02
7.128272850422155216e+02
7.143249733969705630e+02
7.158018796543550479e+02
7.172556040148923557e+02
7.186851839038765775e+02
7.200882195218305242e+02
7.214644669064347227e+02
7.228115262582117566e+02
7.241285961088096883e+02
7.254148008029040966e+02
7.266715816286809968e+02
7.278910379133121751e+02
7.290839529059983306e+02
7.302438631586825295e+02
7.313714913471656018e+02
7.324675601472476956e+02
7.335256061108721042e+02
7.345463519138390893e+02
7.355305202319494811e+02
7.364860198648607366e+02
7.373992012406588401e+02
7.382779731590014762e+02
7.391230582956892476e+02
7.399208070788080249e+02
7.406863144318726881e+02
7.414131169068265308e+02
7.420947510556129600e+02
7.427463118017466286e+02
7.433469634494563252e+02
7.439118009222570436e+02
7.444343607720918499e+02
7.449153656747614605e+02
7.453483521822089415e+02
7.457412290940920911e+02
7.460947190862112848e+02
7.464023587105097022e+02
7.466648706427877187e+02
7.468757914349888551e+02
7.470502160106277643e+02
7.471744947977906577e+02
7.472493504722777971e+02
7.472755057098897851e+02
7.472608693102841926e+02
7.471989778254043131e+02
7.470833678071934401e+02
7.469219480553090307e+02
7.467082551216944921e+02
7.464501978060075089e+02
7.461413126601912609e+02
7.457823223600462370e+02
7.453811357052301219e+02
7.449241031238287860e+02
7.444119472916428322e+02
7.438525770083300586e+02
7.432467149496907268e+02
7.425807115438108212e+02
7.418696617142053356e+02
7.410999158889602541e+02
7.402865989706870096e+02
7.394162112829544640e+02
7.384968414999999595e+02
7.375293921722029609e+02
7.365075797260863055e+02
7.354323067120297992e+02
7.343044756804133613e+02
7.331321753054742203e+02
7.319019358898774499e+02
7.306290322317175878e+02
7.292999946336600487e+02
7.279229117699418339e+02
7.264915000670855534e+02
7.250138481993285495e+02
7.234836725931929777e+02
7.219090619229165213e+02
7.202837326150214494e+02
7.186157733437448769e+02
7.168989005356097550e+02
7.151340167409954347e+02
7.133220245102820627e+02
7.114638263938494447e+02
7.095675110659349230e+02
7.076196088292036848e+02
7.056282083578926176e+02
7.035942122023818683e+02
7.015113367891941607e+02
6.993876707925662686e+02
6.972241167628783387e+02
6.950215772505101768e+02
6.927737686819842793e+02
6.904887797315378748e+02
6.881603268256935735e+02
6.857964986386884902e+02
6.833910115970451216e+02
6.809519543750008097e+02
6.784730433990780512e+02
6.759551812196567653e+02
6.734064565109737259e+02
6.708277718234093072e+02
6.682128435834861193e+02
6.655625743415835132e+02
6.628778666480817492e+02
6.601668091772178286e+02
6.574231183555144753e+02
6.546476967333514949e+02
6.518486329849660024e+02
6.490196435368806078e+02
6.461616309394752307e+02
6.432826838669868721e+02
6.403835956972433223e+02
6.374575369940062046e+02
6.345047552723422086e+02
6.315326841711754469e+02
6.285415712055728363e+02
6.255316638906008393e+02
6.225032097413262591e+02
6.194492701489588171e+02
6.163772787524220576e+02
6.132874830667831247e+02
6.101801306071085946e+02
6.070554688884654979e+02
6.039137454259200695e+02
6.007552077345395674e+02
5.975801033293904538e+02
5.943958658493968414e+02
5.911955566857681106e+02
5.879866094774284875e+02
5.847620856155872389e+02
5.815222326153111680e+02
5.782816702393814694e+02
5.750262737551506689e+02
5.717562906776852287e+02
5.684863407697666844e+02
5.652022992987469934e+02
5.619187860274073500e+02
5.586288623469575896e+02
5.553327757724642879e+02
5.520379599428515576e+02
5.487374762493286653e+02
5.454387583308197236e+02
5.421348675785343403e+02
5.388332376313964005e+02
5.355413021283299031e+02
5.322449363366872603e+02
5.289587600192495529e+02
5.256686484433690794e+02
5.223892213718269204e+02
5.191207263196901067e+02
5.158526316162394778e+02
5.125959639623275734e+02
5.093495336482496327e+02
5.061143068014582127e+02
5.028905309370200030e+02
4.996798907947733142e+02
4.964833525021706464e+02
4.933026007990500830e+02
4.901378832004781998e+02
4.869908844462937054e+02
4.838625706639486452e+02
4.807537789143789269e+02
4.776662672172249131e+02
4.745987900760676439e+02
4.715522578316445674e+02
4.685275808246940983e+02
4.655242321711825753e+02
4.625424035994621477e+02
4.595830054502709459e+02
4.566462294519611760e+02
4.537322673328850442e+02
4.508413108213947567e+02
4.479757074829997237e+02
4.451342118212808714e+02
4.423184527893617428e+02
4.395293407279803546e+02
4.367663487531031024e+02
4.340303872054680596e+02
4.313223664258131862e+02
4.286417595301051051e+02
4.259894768590816625e+02
4.233657101410951213e+02
4.207706511044975173e+02
4.182044914776415112e+02
4.156681416012646082e+02
4.131617932037193555e+02
4.106863566257435991e+02
4.082413049833039054e+02
4.058275486171381772e+02
4.034459978679843744e+02
4.010961258518091199e+02
3.987788429093503169e+02
3.964936221565743608e+02
3.942420925466050221e+02
3.920237271954088669e+02
3.898387178313381582e+02
3.876879747951306854e+02
3.855702525903674314e+02
3.834878987825576928e+02
3.814403864876680359e+02
3.794279074340506099e+02
3.774506533500577348e+02
3.755102531888131807e+02
3.736054614538974761e+02
3.717379070984345617e+02
3.699063446260051933e+02
3.681124029897329137e+02
3.663562739179699292e+02
3.646367119142973365e+02
3.629553459318385080e+02
3.613116490865601236e+02
3.597057825736687278e+02
3.581377854557882756e+02
3.566083848747833258e+02
3.551161521353605508e+02
3.536618143793841682e+02
3.522453801363328694e+02
3.508668579356847772e+02
3.495262563069186399e+02
3.482235837795126940e+02
3.469581302705597636e+02
3.457299043095382558e+02
3.445396330383124450e+02
3.433858877615893448e+02
3.422701142336187559e+02
3.411908837591076917e+02
3.401489234799204269e+02
3.391428047007639748e+02
3.381732545635023826e+02
3.372402815976141710e+02
3.363424571078064105e+02
3.354812268483289017e+02
3.346544435115030183e+02
3.338628342391928641e+02
3.331064075608769031e+02
3.323844533936479593e+02
3.316962616545986293e+02
3.310425594855931877e+02
3.304226368037243446e+02
3.298365021384705642e+02
3.292827267945388030e+02
3.287620379137933355e+02
3.282737254133268152e+02
3.278170792102318956e+02
3.273913892216014574e+02
3.269959453645281542e+02
3.266314747808762604e+02
3.262965487753526190e+02
3.259904572650500540e+02
3.257132087794469726e+02
3.254640932356362555e+02
3.252424005507104425e+02
3.250481392541481114e+02
3.248798806506562187e+02
3.247376332697131716e+02
3.246206870284119077e+02
3.245276132314591564e+02
3.244591390207191921e+02
3.244138357008991420e+02
3.243902745767057922e+02
3.243899014023892278e+02
3.244099282089565008e+02
3.244507532812436352e+02
3.245121342427726745e+02
3.245938287170654348e+02
3.246955943276439029e+02
3.248164700856442551e+02
3.249569322269741178e+02
3.251160197627697812e+02
3.252934903165530613e+02
3.254891015118458881e+02
3.257026109721702483e+02
3.259337763210480148e+02
3.261816365696153639e+02
3.264459493413942823e+02
3.267264722599066431e+02
3.270229629486743761e+02
3.273344604188337144e+02
3.276607222939065309e+02
3.280007875850290020e+02
3.283544139157231143e+02
3.287213589095107409e+02
3.291006615775280011e+02
3.294920795432970522e+02
3.298946518179538430e+02
3.303081360250204739e+02
3.307322897880187611e+02
3.311654335056991840e+02
3.316080434139694262e+02
3.320591585239656638e+02
3.325178178468240731e+02
3.329837790060665839e+02
3.334560810128294293e+02
3.339337628782487855e+02
3.344173008382322791e+02
3.349050152915303897e+02
3.353959452492792934e+02
3.358905669473867306e+02
3.363872007846029533e+02
3.368856043844501187e+02
3.373848167580643462e+02
3.378838769165818121e+02
3.383825424835244462e+02
3.388798524700284247e+02
3.393755644996156207e+02
3.398679989710365703e+02
3.403569135078133172e+02
3.408413471210818102e+02
3.413203388219783960e+02
3.417936462340249477e+02
3.422595897559720015e+02
3.427180253003725170e+02
3.431692019359045958e+02
3.436113111831199944e+02
3.440461376244994085e+02
3.444718727805945946e+02
3.448881453967291577e+02
3.452960214429976418e+02
3.456944110523378413e+02
3.460836615824589444e+02
3.464626831662985182e+02
3.468318231615655804e+02
3.471899917011978687e+02
3.475382547552902679e+02
3.478755224567802316e+02
3.482014235509913647e+02
3.485155867832468175e+02
3.488183595112558351e+02
3.491093704803417950e+02
3.493875298234422644e+02
3.496531848982664314e+02
3.499059644501375601e+02
3.501454972243791985e+02
3.503714119663144970e+02
3.505840560336527005e+02
3.507823395593314331e+02
3.509666099010597691e+02
3.511364958041611430e+02
3.512923446263445726e+02
3.514323478881620986e+02
3.515568529473227386e+02
3.516669257739212071e+02
3.517600392761239050e+02
3.518372594240254898e+02
3.518982149629495098e+02
3.519425346382191719e+02
3.519698471951579677e+02
3.519797813790891610e+02
3.519726845477219968e+02
3.519481854463797390e+02
3.519051942080000117e+02
3.518440581902920599e+02
3.517651247509648442e+02
3.516665854105703488e+02
3.515502247515890417e+02
3.514135156821872670e+02
3.512582427848454927e+02
3.510833161925013428e+02
3.508876460380924982e+02
3.506722982917138438e+02
3.504369016986886436e+02
3.501811131637371091e+02
3.499047022291668441e+02
3.496081852090679263e+02
3.492913598051447366e+02
3.489547423314872390e+02
3.485974118774142312e+02
3.482198847570157341e+02
3.478219586719960716e+02
3.474048685488311889e+02
3.469669748644538458e+02
3.465095125453399874e+02
3.460315606808081270e+02
3.455336355849485130e+02
3.450162535718510526e+02
3.444792123432202402e+02
3.439230282131461536e+02
3.433467802709473631e+02
3.427509848307140032e+02
3.421368768189219054e+02
3.415028167125040000e+02
3.408507580503218151e+02
3.401797799216939211e+02
3.394896800283246989e+02
3.387824119090758472e+02
3.380563360408800690e+02
3.373119687378275557e+02
3.365505449263940818e+02
3.357711436958983882e+02
3.349742813604305525e+02
3.341604742340804819e+02
3.333295200185527278e+02
3.324819350279373111e+02
3.316175169639384990e+02
3.307367821406467101e+02
3.298395282597659275e+02
3.289277088601579067e+02
3.280004030311412180e+02
3.270581270868059960e+02
3.261013973412423184e+02
3.251307301085402059e+02
3.241466417027899070e+02
3.231489298256956317e+02
3.221381107913474580e+02
3.211139823014499370e+02
3.200784978948644266e+02
3.190300180485239139e+02
3.179697776889042302e+02
3.168990117424811501e+02
3.158160806861876040e+02
3.147236566712709305e+02
3.136207653522928354e+02
3.125083744819448839e+02
3.113866797657760799e+02
3.102551582969496735e+02
3.091140057810146118e+02
3.079641365359056522e+02
3.068050276547861017e+02
3.056368748432049074e+02
3.044598738067110162e+02
3.032749388632391856e+02
3.020815471059526089e+02
3.008798942404002332e+02
2.996708945845169865e+02
2.984540252314659483e+02
2.972309191115676867e+02
2.960010533179852814e+02
2.947646235562677930e+02
2.935225441443500358e+02
2.922750107877808432e+02
2.910222191921093327e+02
2.897643650628843375e+02
2.885016441056549752e+02
2.872349706383558896e+02
2.859638217541503309e+02
2.846898303833588670e+02
2.834117550067589377e+02
2.821312285546708267e+02
2.808484467326438221e+02
2.795628866338409466e+02
2.782761811885827683e+02
2.769878074900324805e+02
2.756986798561247269e+02
2.744089939924086252e+02
2.731196642168189328e+02
2.718301676225187293e+02
2.705421371398285828e+02
2.692557684742973265e+02
2.679705387190884949e+02
2.666880808045222011e+02
2.654085904361476764e+02
2.641315447071280573e+02
2.628585765477838549e+02
2.615898816636639594e+02
2.603249371479317347e+02
2.590653759309074644e+02
2.578106751057546262e+02
2.565624676027935038e+02
2.553202305151873759e+02
2.540855967732567251e+02
2.528580434701647448e+02
2.516391315491398188e+02
2.504286967802695756e+02
2.492265029465499424e+02
2.480330324433623161e+02
2.468487676660879231e+02
2.456734723977226906e+02
2.445069104212620914e+02
2.433495641320877780e+02
2.422011973131951947e+02
2.410622923599658805e+02
2.399326130553955636e+02
2.388126417948656410e+02
2.377021423613717275e+02
2.366015971502953334e+02
2.355114885570178274e+02
2.344315803645349092e+02
2.333623549682279190e+02
2.323035761510926989e+02
2.312557263085105888e+02
2.302185692234772318e+02
2.291925872913741102e+02
2.281782629075825923e+02
2.271746412427126529e+02
2.261822046921457172e+02
2.252021542636490210e+02
2.242335351278323969e+02
2.232768296800772987e+02
2.223325203157650947e+02
2.214010894302772385e+02
2.204815821942237335e+02
2.195759182277575121e+02
2.186831427014883786e+02
2.178037380107978436e+02
2.169374679386816069e+02
2.160848148805209803e+02
2.152462612316974742e+02
2.144208521628210349e+02
2.136097886816588129e+02
2.128121159588207831e+02
2.120290350020739822e+02
2.112603095944142240e+02
2.105057035188371799e+02
2.097664177831100005e+02
2.090414975578425469e+02
2.083314252384163581e+02
2.076366832202127455e+02
2.069577538986132197e+02
2.062929638318419734e+02
2.056442326400518539e+02
2.050106054938528644e+02
2.043925417004214182e+02
2.037904082141139099e+02
2.032031116763103000e+02
2.026317145655476963e+02
2.020758421355918699e+02
2.015358382525942034e+02
2.010106095579346004e+02
2.005012185301502541e+02
2.000065718106210397e+02
1.995284504902699609e+02
1.990643239857054994e+02
1.986159733878504028e+02
1.981830239504704139e+02
1.977651009273312468e+02
1.973618295721986442e+02
1.969728351388382066e+02
1.965991801057870134e+02
1.962404897268108925e+02
1.958956706432896624e+02
1.955657853337606298e+02
1.952504590519893384e+02
1.949485984393558056e+02
1.946612659743971676e+02
1.943873682984933851e+02
1.941279678901815657e+02
1.938819713908417270e+02
1.936497226666252232e+02
1.934308469712977683e+02
1.932249695586250482e+02
1.930317156823727487e+02
1.928521478210779776e+02
1.926851726161207807e+02
1.925304153212667302e+02
1.923875011902815970e+02
1.922567740893167638e+02
1.921385778845236416e+02
1.920311006048964657e+02
1.919354047289723724e+02
1.918503968981312937e+02
1.917764209785246976e+02
1.917131022239182698e+02
1.916607845004633361e+02
1.916183744495399708e+02
1.915854973249137743e+02
1.915624969927362145e+02
1.915489987067729487e+02
1.915446277207896628e+02
1.915490092885520141e+02
1.915617686638257737e+02
1.915832497127622958e+02
1.916116773772170632e+02
1.916482987000335640e+02
1.916922417997594721e+02
1.917440720197136557e+02
1.918029174784438169e+02
1.918693435192689378e+02
1.919424782607365785e+02
1.920221684337800809e+02
1.921096979941041809e+02
1.922034764478706563e+02
1.923033505260129346e+02
1.924098855718499408e+02
1.925222097039292919e+02
1.926401696531843015e+02
1.927643307629339802e+02
1.928938211517259163e+02
1.930284875504933666e+02
1.931681766901696733e+02
1.933134539140738184e+02
1.934627287283678072e+02
1.936165664763704513e+02
1.937748138890151495e+02
1.939365990848494903e+02
1.941032060195781810e+02
1.942723255869773880e+02
1.944445231303662069e+02
1.946203639930635063e+02
1.947982576812312061e+02
1.949787695381883452e+02
1.951617462948682373e+02
1.953463160698183856e+02
1.955316069815864637e+02
1.957189029858772074e+02
1.959066135888523377e+02
1.960953041338310925e+02
1.962841027393608329e+02
1.964728561363750146e+02
1.966614110558069228e+02
1.968488956162040040e+02
1.970351565484997138e+02
1.972200405836273092e+02
1.974033944525200468e+02
1.975850648861112120e+02
1.977634613905627248e+02
1.979391493091935956e+02
1.981119753729370530e+02
1.982810677003407704e+02
1.984462730223380049e+02
1.986067194574763732e+02
1.987622537366890469e+02
1.989134943216685940e+02
1.990591163104436134e+02
1.991992851441877121e+02
1.993341662640743834e+02
1.994639251112771490e+02
1.995880085145839189e+02
1.997065819151681012e+02
1.998198107542033028e+02
1.999271418604773771e+02
2.000287406751637889e+02
2.001247726394361450e+02
2.002139659696964600e+02
2.002979233318897343e+02
2.003753729424181529e+02
2.004457616300693701e+02
2.005106920607885002e+02
2.005688924509776427e+02
2.006198096294245374e+02
2.006650462620741564e+02
2.007026119529429309e+02
2.007333907555900794e+02
2.007575481111891804e+02
2.007738122361422484e+02
2.007830671840086438e+02
2.007854783959618885e+02
2.007797740884039968e+02
2.007661197025085471e+02
2.007446806794490897e+02
2.007149038480134493e+02
2.006776732617608445e+02
2.006317171370934034e+02
2.005779195275704012e+02
2.005157272619795492e+02
2.004445871691088144e+02
2.003653833025173583e+02
2.002768438786073375e+02
2.001798529509379136e+02
2.000738573482969684e+02
1.999583038994722983e+02
1.998340766580232071e+02
1.997006224527374059e+02
1.995573881124028617e+02
1.994038204658072857e+02
1.992415221788957069e+02
1.990685028556843861e+02
1.988863651621184658e+02
1.986938373145999321e+02
1.984903661419166099e+02
1.982775543100135565e+02
1.980534114229070326e+02
1.978195594408481384e+02
1.975748230517689308e+02
1.973194834626790737e+02
1.970538218805881741e+02
1.967781195125058389e+02
1.964919389530559499e+02
1.961948427968624458e+02
1.958878308633206302e+02
1.955704657470543850e+02
1.952430286550732603e+02
1.949050821820012231e+02
1.945569075348478520e+02
1.941980673082370856e+02
1.938295613215641993e+02
1.934509521694531315e+02
1.930618024465277358e+02
1.926638305845690695e+02
1.922551619534295355e+02
1.918375149848903050e+02
1.914097336611894775e+02
1.909728178017224138e+02
1.905270486134986356e+02
1.900712700787564131e+02
1.896064820168910501e+02
1.891329656349121535e+02
1.886495649150578515e+02
1.881572796767235332e+02
1.876563911269188623e+02
1.871464618602676069e+02
1.866277730837794024e+02
1.861013246168496096e+02
1.855659604417164132e+02
1.850219617653894204e+02
1.844703284072639633e+02
1.839106229619638952e+02
1.833431266364988801e+02
1.827674020254927427e+02
1.821844489483409006e+02
1.815938299996672072e+02
1.809958263864812409e+02
1.803900007034069404e+02
1.797773527698396379e+02
1.791581637927889119e+02
1.785319963668785874e+02
1.778998503115041956e+02
1.772612882212894476e+02
1.766158726908582821e+02
1.759653221519918418e+02
1.753091991993138663e+02
1.746477850398341047e+02
1.739806174925429048e+02
1.733085724986682692e+02
1.726310639990332447e+02
1.719482245468467170e+02
1.712601866953174863e+02
1.705678016100399930e+02
1.698697646194516153e+02
1.691676455015326610e+02
1.684601395847204515e+02
1.677488166469952091e+02
1.670323720167943691e+02
1.663123754720980969e+02
1.655875223413437709e+02
1.648586637901259451e+02
1.641266509840391166e+02
1.633901792515206637e+02
1.626500997581651120e+02
1.619072636695669871e+02
1.611603663141635820e+02
1.604109774699352897e+02
1.596585110777050431e+02
1.589023810782959458e+02
1.581441572496883339e+02
1.573832535327052540e+02
1.566205210929412033e+02
1.558546552588335317e+02
1.550872258083625468e+02
1.543176466823512385e+02
1.535467690463942461e+02
1.527747254537002277e+02
1.520016484574781259e+02
1.512276706109367126e+02
1.504529244672847312e+02
1.496775425797310390e+02
1.489030947262558584e+02
1.481275576229108992e+02
1.473525010476762418e+02
1.465787761661466106e+02
1.458050783067591851e+02
1.450322586351086045e+02
1.442604497044036975e+02
1.434897840678531225e+02
1.427211128910515754e+02
1.419545687272077714e+02
1.411895655171448141e+02
1.404276730388429257e+02
1.396683052331251815e+02
1.389115946532004102e+02
1.381583924646631658e+02
1.374081126083364950e+02
1.366615671920605735e+02
1.359186934802723954e+02
1.351793896796545766e+02
1.344435539968898752e+02
1.337118032510465184e+02
1.329833170364215391e+02
1.322594307844689752e+02
1.315386054771001056e+02
1.308228951581546369e+02
1.301107608095438195e+02
1.294035378627217483e+02
1.287004059119853991e+02
1.280019817764030279e+02
1.273074450502716957e+02
1.266181311650453836e+02
1.259332197150210391e+02
1.252533275192671027e+02
1.245776341720804083e+02
1.239074751049151359e+02
1.232413112996824083e+02
1.225811968002220738e+02
1.219255925884453120e+02
1.212751154834205352e+02
1.206311009166018522e+02
1.199912912575146606e+02
1.193577405499988515e+02
1.187296283883513155e+02
1.181075715916404363e+02
1.174914683665488297e+02
1.168804983073734718e+02
1.162759968455684145e+02
1.156771435754306196e+02
1.150845553160283998e+02
1.144981302740444704e+02
1.139184852685471867e+02
1.133455185062191504e+02
1.127784095813573231e+02
1.122184939254158138e+02
1.116656697450772384e+02
1.111198352470242412e+02
1.105808886379395091e+02
1.100494467368913547e+02
1.095246891381767540e+02
1.090079512732497733e+02
1.084984127364073601e+02
1.079959717343321302e+02
1.075012450860924957e+02
1.070141309983711153e+02
1.065352462902362589e+02
1.060637705559849309e+02
1.056003038519195343e+02
1.051446605708928388e+02
1.046973569553773729e+02
1.042574720230741860e+02
1.038262406288416031e+02
1.034020231779949341e+02
1.029860545253924755e+02
1.025781323011210304e+02
1.021773355228816627e+02
1.017848990455326117e+02
1.013999018867750266e+02
1.010228602890813931e+02
1.006535718825385004e+02
1.002918342972332368e+02
9.993744516325234883e+01
9.959092072306837906e+01
9.925205860676814495e+01
9.892065644443847816e+01
9.859651186616613927e+01
9.828014111442369938e+01
9.797062320691223647e+01
9.766919299848999003e+01
9.737492950685806647e+01
9.708834897448902268e+01
9.680924903146960503e+01
9.653742730788667359e+01
9.627268143382700316e+01
9.601480903937742539e+01
9.576432636701048295e+01
9.552103104681297907e+01
9.528400209648596331e+01
9.505447437088773199e+01
9.483152688771934891e+01
9.461567588945337093e+01
9.440600039379086184e+01
9.420301664320437851e+01
9.400724088016644941e+01
9.381703350999241309e+01
9.363362938754052323e+01
9.345682614289762569e+01
9.328570279376479846e+01
9.312077558261455579e+01
9.296184213953368669e+01
9.280798148222329758e+01
9.266042846554167056e+01
9.251898071957559466e+01
9.238271726202617629e+01
9.225143572298017602e+01
9.212565234491017918e+01
9.200516475790293214e+01
9.188978578957184595e+01
9.177938905763627986e+01
9.167386337734214408e+01
9.157381617632113091e+01
9.147841765743345377e+01
9.138755663592500866e+01
9.130184053942745948e+01
9.122043957080101961e+01
9.114396115767736717e+01
9.107229411530238394e+01
9.100460864653628335e+01
9.094151217901077189e+01
9.088289352797170295e+01
9.082864150866504360e+01
9.077792632395100725e+01
9.073207401384696880e+01
9.069025478121314165e+01
9.065235744129543605e+01
9.061755219695402275e+01
9.058716508820634772e+01
9.056036631791259595e+01
9.053704470131869186e+01
9.051780766605627093e+01
9.050110680259984974e+01
9.048826815096677478e+01
9.047774330163154843e+01
9.047085829461155981e+01
9.046678333276699391e+01
9.046468861895800728e+01
9.046590019320207432e+01
9.046958825835932316e+01
9.047564162967572088e+01
9.048323051001145245e+01
9.049368093938394964e+01
9.050544450826764376e+01
9.051984725667989551e+01
9.053534077509523570e+01
9.055253249114528558e+01
9.057059260769025855e+01
9.059084716474752952e+01
9.061102914040583300e+01
9.063246457468262918e+01
9.065504228282375720e+01
9.067793246768947313e+01
9.070102394452567296e+01
9.072420552857830955e+01
9.074736603509330735e+01
9.077039427931656235e+01
9.079317907649405583e+01
9.081560924187171224e+01
9.083760097424676871e+01
9.085846139423608747e+01
9.087824361839363974e+01
9.089771937565906512e+01
9.091550455781481332e+01
9.093308950618633446e+01
9.094980872494177504e+01
9.096571533063510628e+01
9.098014382743451733e+01
9.099386594427966202e+01
9.100693479772444050e+01
9.101868489193714140e+01
9.102845073108589702e+01
9.103772265649611484e+01
9.104583517233601242e+01
9.105284139515950415e+01
9.105807582913479337e+01
9.106159159081583709e+01
9.106416040914227494e+01
9.106511678828232448e+01
9.106451384478990008e+01
9.106240469521893033e+01
9.105884245612337224e+01
9.105316163167140076e+01
9.104541533841698708e+01
9.103637530529975663e+01
9.102465742410220173e+01
9.101103342376396199e+01
9.099555642083899443e+01
9.097827953188124184e+01
9.095853726105885073e+01
9.093638272492580654e+01
9.091115042765031262e+01
9.088433071055771961e+01
9.085453946543054826e+01
9.082254842120842397e+01
9.078769208205956431e+01
9.075002356453789787e+01
9.070959598519735323e+01
9.066646246059190162e+01
9.061995749488968954e+01
9.057085281703039925e+01
9.051848293118223410e+01
9.046290095389913688e+01
9.040416000173502198e+01
9.034159457885812117e+01
9.027597641420807406e+01
9.020664001195306980e+01
9.013435710103280485e+01
9.005774357322972890e+01
8.997758479443938029e+01
8.989400206599493970e+01
8.980569310141405026e+01
8.971494867614291024e+01
8.961974789131348018e+01
8.952094429760049366e+01
8.941867283329303007e+01
8.931234982429445779e+01
8.920211020889379938e+01
8.908880753776588790e+01
8.897185813681402067e+01
8.885067833194159448e+01
8.872612167382334292e+01
8.859832310074835959e+01
8.846669893861999867e+01
8.833138412572731113e+01
8.819251360035934795e+01
8.805022230080520274e+01
8.790392655296821545e+01
8.775447990752316230e+01
8.760129869037338324e+01
8.744451783980794346e+01
8.728499090650166181e+01
8.712141560397211038e+01
8.695464548289413642e+01
8.678409686917102306e+01
8.661062331347760335e+01
8.643364114171720303e+01
8.625400390456458410e+01
8.607040931553743235e+01
8.588371092531046713e+01
8.569404367217279628e+01
8.550154249441348497e+01
8.530562371793587317e+01
8.510642228102902607e+01
8.490407312198196621e+01
8.469942979146955508e+01
8.449119000300935056e+01
8.428020730727618570e+01
8.406661664255911148e+01
8.384983433476146786e+01
8.363071393455805946e+01
8.340867176785219783e+01
8.318384277293293394e+01
8.295636188808941824e+01
8.272708266399637012e+01
8.249470281417144690e+01
8.226007588928939640e+01
8.202261821525358698e+01
8.178318334273879486e+01
8.154189778414152556e+01
8.129813573590220699e+01
8.105198158095436156e+01
8.080351970223162539e+01
8.055355309505324612e+01
8.030072891758133835e+01
8.004656877752096023e+01
7.978971983303418369e+01
7.953170369182605270e+01
7.927116751205866763e+01
7.900891428905136138e+01
7.874430979335194536e+01
7.847815702027969564e+01
7.820982174038250889e+01
7.794010694897963276e+01
7.766909702900464652e+01
7.739543913861969315e+01
7.712065488552974557e+01
7.684482865266839724e+01
7.656660759819780537e+01
7.628751332982292865e+01
7.600691161809162111e+01
7.572560545832320145e+01
7.544224200867977004e+01
7.515834287686632820e+01
7.487327383343075837e+01
7.458640064892087196e+01
7.429924493104171290e+01
7.401117245034110681e+01
7.372298620213837239e+01
7.343333334459559580e+01
7.314301687303206734e+01
7.285212117038138047e+01
7.256073061957710024e+01
7.226964821593853117e+01
7.197752111762774518e+01
7.168515231996407522e+01
7.139334481826682577e+01
7.110146438308377981e+01
7.080887678496286242e+01
7.051710363160903228e+01
7.022622930595585444e+01
6.993490096616550034e+01
6.964464021994294285e+01
6.935481283783605022e+01
6.906622181516408432e+01
6.877823292247492759e+01
6.849093054270211667e+01
6.820511767116498447e+01
6.792016007841132819e+01
6.763612255550317798e+01
6.735442875078773284e+01
6.707288965881198806e+01
6.679362794843729034e+01
6.651517322659641707e+01
6.623821093737922183e+01
6.596270791248990406e+01
6.568791237124692373e+01
6.541522837012594493e+01
6.514318551605961716e+01
6.487318786552367555e+01
6.460376502545076960e+01
6.433632105231657761e+01
6.407010416543953113e+01
6.380508119652381538e+01
6.354193758965936922e+01
6.327992156416458869e+01
6.301971856412943396e+01
6.276057680887235080e+01
6.250390035486895357e+01
6.224821880905198412e+01
6.199421761551136001e+01
6.174258221833697746e+01
6.149184222446156411e+01
6.124340169036076276e+01
6.099650883535301915e+01
6.075113049114252561e+01
6.050795210181917128e+01
6.026694049908717687e+01
6.002734390226495265e+01
5.978984775544244457e+01
5.955441889032379521e+01
5.932102413861321821e+01
5.909034894440061692e+01
5.886092291461870474e+01
5.863415010574313868e+01
5.840927873709235740e+01
5.818699425275625714e+01
5.796654487205333339e+01
5.774861603907347529e+01
5.753317458552084673e+01
5.732018734309964714e+01
5.710890253112832227e+01
5.690072420608251491e+01
5.669561919966639607e+01
5.649211711881272890e+01
5.629234063238282459e+01
5.609481934730946051e+01
5.589952009529677213e+01
5.570784693282042355e+01
5.551832301845831097e+01
5.533232016691188448e+01
5.514832929498492575e+01
5.496771576902401790e+01
5.478968911821867493e+01
5.461489609652980448e+01
5.444326484553258183e+01
5.427400489441647835e+01
5.410704438475665512e+01
5.394374868289980895e+01
5.378332731803536859e+01
5.362498981935279829e+01
5.347082016558447748e+01
5.331859066114839152e+01
5.316966667239123012e+01
5.302325772850240782e+01
5.288001058344288197e+01
5.273985337878781365e+01
5.260271425611239238e+01
5.246780274460610372e+01
5.233648421061558764e+01
5.220796818333027289e+01
5.208218280432539160e+01
5.195905621517610484e+01
5.183923516984333446e+01
5.172192919751656603e+01
5.160778505215669298e+01
5.149673087533889060e+01
5.138869480863839811e+01
5.128288638124463716e+01
5.118067095950425482e+01
5.108125807260672246e+01
5.098457586212724379e+01
5.089055246964097989e+01
5.079983464910886681e+01
5.071235054210607984e+01
5.062730967782211167e+01
5.054535881021783439e+01
5.046570746848274069e+01
5.038900240657775242e+01
5.031589037846376300e+01
5.024486230094452566e+01
5.017656492798094803e+01
5.011128570734108933e+01
5.004866533564585040e+01
4.998884753818612126e+01
4.993168859529854586e+01
4.987726037103542609e+01
4.982541914573341302e+01
4.977623678344482272e+01
