# ee
1.142315718374835309e-02
1.952539765269219185e-02
2.303799819312840266e-02
2.153821966170323468e-02
1.683875421677245507e-02
1.134526019970047081e-02
6.842662640166076622e-03
4.038276765688219791e-03
2.747012291085547658e-03
2.353658143073792189e-03
2.264405013747883624e-03
2.139703698283592151e-03
1.915349256775566522e-03
1.683853601075924840e-03
1.560202835435371823e-03
1.566408220948629654e-03
1.688498744798105217e-03
1.868731101269295461e-03
2.047349059902501753e-03
2.224332832649976617e-03
2.422320661164812511e-03
2.673263694585622900e-03
3.006874002785120317e-03
3.425365584985019286e-03
3.924205131701277542e-03
4.492013482021453563e-03
5.113485803311992525e-03
5.793936842934843852e-03
6.541040138569541827e-03
7.348556743632005811e-03
8.217031269633917265e-03
9.138062689257432994e-03
1.012184682377366071e-02
1.116121807605882296e-02
1.225633102718093510e-02
1.342135649988235487e-02
1.466222918460211716e-02
1.598192691982006086e-02
1.738347015468662271e-02
1.886948895702809936e-02
2.044089661361184890e-02
2.209812731230258870e-02
2.384097203852103553e-02
2.566837896069228478e-02
2.757878356062285971e-02
2.957207491799504137e-02
3.164645391795761070e-02
3.379989965171312921e-02
3.603371811965733890e-02
3.834957992758343537e-02
4.074928333919717455e-02
4.323366045992441120e-02
4.580376518913728545e-02
4.846109501410034853e-02
5.120523139766840898e-02
5.403607628712110700e-02
5.695427713268282066e-02
5.996070317852424808e-02
6.305400572935390691e-02
6.623250622543792876e-02
6.949320664927292890e-02
7.283300091285931088e-02
7.624856113425131088e-02
7.973722481334173662e-02
8.329493819061532800e-02
8.692006705098782871e-02
9.061069488969789032e-02
9.436557058382277763e-02
9.818366480438603383e-02
1.020644548229151793e-01
1.060065609916532037e-01
1.100080012936160284e-01
1.140650193602499168e-01
1.181736370290549509e-01
1.223293235975814741e-01
1.265288869067205946e-01
1.307688040513600436e-01
1.350457739203337060e-01
1.393564954024754388e-01
1.436974819331056641e-01
1.480649487213834825e-01
1.524544819350619196e-01
1.568618895358403487e-01
1.612827576914719896e-01
1.657134662942819914e-01
1.701500214317450965e-01
1.745887793280155864e-01
1.790260962072478257e-01
1.834569975299188693e-01
1.878776421780051775e-01
1.922836214587180237e-01
1.966705511310369858e-01
2.010347123357802135e-01
2.053714990379812144e-01
2.096767487905655536e-01
2.139460773525130033e-01
2.181748786888568215e-01
2.223589903525228506e-01
2.264949152782754216e-01
2.305782692250942234e-01
2.346024500124966050e-01
2.385675092783864359e-01
2.424646269028191137e-01
2.462916365842361677e-01
2.500441540816173425e-01
2.537200130934041953e-01
2.573126114391143249e-01
2.608197828171893162e-01
2.642349250471465738e-01
2.675559195487190456e-01
2.707808386268037437e-01
2.739033664286647518e-01
2.769194050410282992e-01
2.798292924295446293e-01
2.826289306809399715e-01
2.853120039424781873e-01
2.878788501798098531e-01
2.903253714796610874e-01
2.926496878682199876e-01
2.948477014322128387e-01
2.969175321978278492e-01
2.988573001912532279e-01
3.006629074992152040e-01
3.023346920873641319e-01
3.038685560424260745e-01
3.052648373300515527e-01
3.065194380369665739e-01
3.076326961288216033e-01
3.086005136923427039e-01
3.094233256074081506e-01
3.101019544108074566e-01
3.106328836746340416e-01
3.110214687288291868e-01
3.112619752060241662e-01
3.113575404966986149e-01
3.113068661124076542e-01
3.111130894436309191e-01
3.107749120019236977e-01
3.102932532383034236e-01
3.096734684827117667e-01
3.089120413072418136e-01
3.080121091023732549e-01
3.069768092585855035e-01
3.058048432874339584e-01
3.045015665188602894e-01
3.030701163433439094e-01
3.015114122119023632e-01
2.998285915150152303e-01
2.980247916431618127e-01
2.961031533647690561e-01
2.940668309600517061e-01
2.919212000266340201e-01
2.896716361621402003e-01
2.873190790852701015e-01
2.848711223331101272e-01
2.823287056243600213e-01
2.797016404355684438e-01
2.769908664854351388e-01
2.742039773110464540e-01
2.713463485100266470e-01
2.684233556799998088e-01
2.654448102975143220e-01
2.624116520812701525e-01
2.593314745683537037e-01
2.562118712958511013e-01
2.530604358008487487e-01
2.498847616204329103e-01
2.466924422916898507e-01
2.434888534122437720e-01
2.402838064586430844e-01
2.370848949679741358e-01
2.338997124773231351e-01
2.307358525237763747e-01
2.276053445233444661e-01
2.245135792477470082e-01
2.214726619834719024e-01
2.184902773121784880e-01
2.155741098155258273e-01
2.127362799540974125e-01
2.099866902490145071e-01
2.073352432213984575e-01
2.047896234529084925e-01
2.023619514041279099e-01
2.000643475356402579e-01
1.979044964291047093e-01
1.958925223995887643e-01
1.940414330834606960e-01
1.923615745897342688e-01
1.908641802032080004e-01
1.895598178268418921e-01
1.884599425393807537e-01
1.875755658316769492e-01
1.869183645764214141e-01
1.865000156463052505e-01
1.863321959140193662e-01
1.864270258401472813e-01
1.867961822973799868e-01
1.874513421584084460e-01
1.884041822959236501e-01
1.896666844356433290e-01
1.912487228061985067e-01
1.931602546953006538e-01
1.954110155967151152e-01
1.980109627981533615e-01
2.009696099994344176e-01
2.042971362822161019e-01
2.080032771402636205e-01
2.120975462733960537e-01
2.165901227632711368e-01
2.214909638976003681e-01
2.268093615822565912e-01
2.325554948988975135e-01
2.387393211352346611e-01
2.453685796395173868e-01
2.524556674328655159e-01
2.600083238635284566e-01
2.680342882797556170e-01
2.765457359087206135e-01
2.855504060986727155e-01
2.950560381978613034e-01
3.050748074334601601e-01
3.156122352142564647e-01
3.266782788279615768e-01
3.382784596833630086e-01
3.504249530076342656e-01
3.631254981490245615e-01
3.763856165163213530e-01
3.902152653972361662e-01
4.046221841400182706e-01
4.196096762139928105e-01
4.351876989068713120e-01
4.513639915669031555e-01
4.681440756028756867e-01
4.855356903630381193e-01
5.035465751956398339e-01
5.221778156305439955e-01
5.414371510159998735e-01
5.613278848213327787e-01
5.818599743342539599e-01
6.030367230240887277e-01
6.248614343601620602e-01
6.473396297512613584e-01
6.704746126667118222e-01
6.942719045153005197e-01
7.187303728874285813e-01
7.438577571313451653e-01
7.696573607163752495e-01
7.961280512329201864e-01
8.232775680292291343e-01
8.510999649459192185e-01
8.795988740374793835e-01
9.087708956691530338e-01
9.386170660851074210e-01
9.691317677111234152e-01
1.000316036791368823e+00
1.032166473691086495e+00
1.064677460836057410e+00
1.097850034470449154e+00
1.131678577020043264e+00
1.166159688850081810e+00
1.201289970325808421e+00
1.237066021812466721e+00
1.273482225735837137e+00
1.310530746582239114e+00
1.348205966777453080e+00
1.386500050807798257e+00
1.425407381099055737e+00
1.464922340077006835e+00
1.505034874288508018e+00
1.545739366159339934e+00
1.587027980175822028e+00
1.628886227005886589e+00
1.671310707014777241e+00
1.714289148809888585e+00
1.757813716877538734e+00
1.801874357764585488e+00
1.846461018017885092e+00
1.891559208305370277e+00
1.937156657234435642e+00
1.983245529291399967e+00
2.029809117204733671e+00
2.076837367521294553e+00
2.124318008848475881e+00
2.172236551854210607e+00
2.220580725145894441e+00
2.269331603512534379e+00
2.318479133500987999e+00
2.368006607839725497e+00
2.417899537196678494e+00
2.468147868118705457e+00
2.518708278060731054e+00
2.569599546782618482e+00
2.620796095254990909e+00
2.672250165053848381e+00
2.723980535939055425e+00
2.775939449486612975e+00
2.828123506061764214e+00
2.880507126635130977e+00
2.933064732177335099e+00
2.985815549209771991e+00
3.038691873721474757e+00
3.091715166041492768e+00
3.144862527709632261e+00
3.198111060265699912e+00
3.251460044644124192e+00
3.304864402990090433e+00
3.358323416238024883e+00
3.411814185927735998e+00
3.465291634204408666e+00
3.518777221397091814e+00
3.572225869650970331e+00
3.625636859900472242e+00
3.678965114290783767e+00
3.732187734361711584e+00
3.785326180442303734e+00
3.838313195283123758e+00
3.891148059818601901e+00
3.943807875588542622e+00
3.996291923527374834e+00
4.048555125780283426e+00
4.100574583887075519e+00
4.152327399387558238e+00
4.203790673821536039e+00
4.254963688123439169e+00
4.305823543833072087e+00
4.356325163095621456e+00
4.406445647450895287e+00
4.456184277833318497e+00
4.505495976388077750e+00
4.554380024049602405e+00
4.602813522357696030e+00
4.650751393457546179e+00
4.698192918283581321e+00
4.745093018980984567e+00
4.791450976484185276e+00
4.837243892332989681e+00
4.882448868067204906e+00
4.927043005226636296e+00
4.971025584745712322e+00
5.014329349374997413e+00
5.056953580048920038e+00
5.098875378307284656e+00
5.140049666295278818e+00
5.180475724947331884e+00
5.220108476408624298e+00
5.258947201613586309e+00
5.296924643312784120e+00
5.334084441229885343e+00
5.370381517510076641e+00
5.405816211191403653e+00
5.440370914331773555e+00
5.474029077092706252e+00
5.506796329030346548e+00
5.538633940911596554e+00
5.569547542292602849e+00
5.599520583334884449e+00
5.628536514199969254e+00
5.656556605654753156e+00
5.683586487255386288e+00
5.709609609163388555e+00
5.734609421540284302e+00
5.758569374547596098e+00
5.781495097741468747e+00
5.803370041283423930e+00
5.824177655334986881e+00
5.843923569452299738e+00
5.862569054402267277e+00
5.880164098530273442e+00
5.896625613813978539e+00
5.912025767993390524e+00
5.926281473046169701e+00
5.939442717317702680e+00
5.951492950969512030e+00
5.962415624163121208e+00
5.972194187060052784e+00
5.980834269216448895e+00
5.988319320793839218e+00
5.994632791953740103e+00
5.999780312252299019e+00
6.003767511245659882e+00
6.006533480306103456e+00
6.008150387173639473e+00
6.008579502615164714e+00
6.007826456186828423e+00
6.005919056839394976e+00
6.002840754734386053e+00
5.998619358822567804e+00
5.993238319265464575e+00
5.986703265619219394e+00
5.979019827439976176e+00
5.970171454889258378e+00
5.960185956917833039e+00
5.949046783687221840e+00
5.936737385358948238e+00
5.923307750278398842e+00
5.908719149212475763e+00
5.892999391111943375e+00
5.876131926138325134e+00
5.858166742637010316e+00
5.839065298647067692e+00
5.818856339480101170e+00
5.797568797719886646e+00
5.775187247160955550e+00
5.751718440992460657e+00
5.727213491192799211e+00
5.701656971556499975e+00
5.675033455878097932e+00
5.647416235530605455e+00
5.618789884308558413e+00
5.589161155401107806e+00
5.558558981392026865e+00
5.526990115470471920e+00
5.494483490220212651e+00
5.461068038225026733e+00
5.426728333279445593e+00
5.391515487361862924e+00
5.355436253661433277e+00
5.318497385367307650e+00
5.280705635668641484e+00
5.242112116543830247e+00
5.202701401787402702e+00
5.162480244588513401e+00
5.121499756925558700e+00
5.079766691987690486e+00
5.037309982358681992e+00
4.994180740016930464e+00
4.950407897546210023e+00
4.905998208135673444e+00
4.860980604369092184e+00
4.815428377619487499e+00
4.769326101681388153e+00
4.722702709138568267e+00
4.675609311969423310e+00
4.628030483968486486e+00
4.580017337114153264e+00
4.531576624595573755e+00
4.482759458391146090e+00
4.433572591690022158e+00
4.384044957075976967e+00
4.334227666527404210e+00
4.284127473233458439e+00
4.233795489172535120e+00
4.183260646928407489e+00
4.132529699690227432e+00
4.081675938831014427e+00
4.030706117539918587e+00
3.979671347795337599e+00
3.928600562181044253e+00
3.877500513886192657e+00
3.826443106537048333e+00
3.775428154589017815e+00
3.724498443540000370e+00
3.673674579493272585e+00
3.622977168552111937e+00
3.572426816819797235e+00
3.522044130399604178e+00
3.471871894789431590e+00
3.421930716092558278e+00
3.372241200412260831e+00
3.322823953851816725e+00
3.273743941303745686e+00
3.225021768871325190e+00
3.176678042657834045e+00
3.128755548161168853e+00
3.081274891484608425e+00
3.034278858126051137e+00
2.987788054188773135e+00
2.941823085776053670e+00
2.896404558991170219e+00
2.851575259332020273e+00
2.807377972296503987e+00
2.763811124593276602e+00
2.720895322325614263e+00
2.678695530386039358e+00
2.637232354877828033e+00
2.596504222509637305e+00
2.556576098173986455e+00
2.517468587974152072e+00
2.479224477408034755e+00
2.441820013789667954e+00
2.405342341406194073e+00
2.369789886966267911e+00
2.335205435967789178e+00
2.301609594514035351e+00
2.269022968708283461e+00
2.237466164653810541e+00
2.207004147243137204e+00
2.177613163790298234e+00
2.149358179187814244e+00
2.122259799538961822e+00
2.096316451552397542e+00
2.071570920726019782e+00
2.048065992557727810e+00
2.025822273150798214e+00
2.004838189213887567e+00
1.985156526244895359e+00
1.966797890347098621e+00
1.949782887623774164e+00
1.934154303572821032e+00
1.919908928630074785e+00
1.907081366929332500e+00
1.895660227542327325e+00
1.885700657724656448e+00
1.877169087153431892e+00
1.870098483689629942e+00
1.864504071678529495e+00
1.860396639586484602e+00
1.857782540000926241e+00
1.856670343448747484e+00
1.857066402517377979e+00
1.858977069794248704e+00
1.862413133745714156e+00
1.867380946959204868e+00
1.873884644082689066e+00
1.881932795643059153e+00
1.891527318348821929e+00
1.902676782726869797e+00
1.915383105485708892e+00
1.929650421273307437e+00
1.945485082677095745e+00
1.962889006405580394e+00
1.981864109167267962e+00
2.002407871791739513e+00
2.024519993048039535e+00
2.048197953765750867e+00
2.073441452713916444e+00
2.100250188661580530e+00
2.128619424498863655e+00
2.158544423115885014e+00
2.190024883281689316e+00
2.223051632007472023e+00
2.257619932183352329e+00
2.293725046699450765e+00
2.331364456385349282e+00
2.370528988252243341e+00
2.411209469311329290e+00
2.453398944513263125e+00
2.497083804990317901e+00
2.542254877753688636e+00
2.588905207754033544e+00
2.637021186123622574e+00
2.686591421934191093e+00
2.737604524257471805e+00
2.790040230407349497e+00
2.843889367395020518e+00
2.899131672534368320e+00
2.955733575502506927e+00
3.013728044160411290e+00
3.073037149395951850e+00
3.133694178398745755e+00
3.195644978094489108e+00
3.258880073526762455e+00
3.323389989739148564e+00
3.389143072380603527e+00
3.456129846494709668e+00
3.524318657730426185e+00
3.593700031131333184e+00
3.664242312346389863e+00
3.735936026419177658e+00
3.808727339604033535e+00
3.882628956339159831e+00
3.957587042878893957e+00
4.033592124266817791e+00
4.110612546151888758e+00
4.188638833577689624e+00
4.267594973403936010e+00
4.347493670068828919e+00
4.428303269221328442e+00
4.509969937115774208e+00
4.592484198795743211e+00
4.675792220515576858e+00
4.759884527318853920e+00
4.844729464854534484e+00
4.930273199376954629e+00
5.016506255929698455e+00
5.103374800767101149e+00
5.190847179538123690e+00
5.278913917286345736e+00
5.367499000871483794e+00
5.456592955337120188e+00
5.546141946937590994e+00
5.636114321321857190e+00
5.726500603533497546e+00
5.817202601037608112e+00
5.908233018272392556e+00
5.999538021492186068e+00
6.091063776951329167e+00
6.182778630298781053e+00
6.274650927183498261e+00
6.366626833859822199e+00
6.458674695976709401e+00
6.550740679788501275e+00
6.642793130944155244e+00
6.734778215698007386e+00
6.826664279699020454e+00
6.918397489201532302e+00
7.009924010459879007e+00
7.101234368517641116e+00
7.192252550234536024e+00
7.282949306355074981e+00
7.373282828611351647e+00
7.463235893225626860e+00
7.552769097025548106e+00
7.641843036838756653e+00
7.730440488887520445e+00
7.818544229394101208e+00
7.906092675791522417e+00
7.993068604302050240e+00
8.079432611753327720e+00
8.165123115578373003e+00
8.250145071394079821e+00
8.334459076028085889e+00
8.418025726308037804e+00
8.500805619061578611e+00
8.582781530510972701e+00
8.663936236878486241e+00
8.744252514386381847e+00
8.823646601073061646e+00
8.902145631950036275e+00
8.979710203844943450e+00
9.056256554796187075e+00
9.131811819815277786e+00
9.206314416335235506e+00
9.279747120578321073e+00
9.352048349977565067e+00
9.423200880755222997e+00
9.493165309738946789e+00
9.561924413150997282e+00
9.629460967213642419e+00
9.695691209965277224e+00
9.760642276417414109e+00
9.824252584003072997e+00
9.886482729549900483e+00
9.947337668674780531e+00
1.000675581881073839e+01
1.006474213557465625e+01
1.012123503639955580e+01
1.017623947690232811e+01
1.022969387451599310e+01
1.028160318485743652e+01
1.033190582535967827e+01
1.038060675163961122e+01
1.042766656052487484e+01
1.047302366944848906e+01
1.051668303402734495e+01
1.055860525108908554e+01
1.059875091746135034e+01
1.063712498876102863e+01
1.067368806181576524e+01
1.070844703850867674e+01
1.074139442639320485e+01
1.077252467928902391e+01
1.080183225101580469e+01
1.082928941599860195e+01
1.085493498684633273e+01
1.087874123798404469e+01
1.090070262323141570e+01
1.092079141701349876e+01
1.093902425254458066e+01
1.095537340424972150e+01
1.096983332594859384e+01
1.098242065085549157e+01
1.099310765339546769e+01
1.100191096678281610e+01
1.100882504483720759e+01
1.101386652077293959e+01
1.101700766901506512e+01
1.101824294338325849e+01
1.101761115648643496e+01
1.101510676214426354e+01
1.101070203478180254e+01
1.100443578700796543e+01
1.099630247264242655e+01
1.098629654550485846e+01
1.097443463880955683e+01
1.096073338577081557e+01
1.094516506081368590e+01
1.092774629715246526e+01
1.090849372800144756e+01
1.088737962778568047e+01
1.086444280911408988e+01
1.083965554641171991e+01
1.081305665228748936e+01
1.078468493935031525e+01
1.075453486141986659e+01
1.072266741049968886e+01
1.068905486101482438e+01
1.065375820496881332e+01
1.061681625497057624e+01
1.057820128544516436e+01
1.053795210900149115e+01
1.049608535885384875e+01
1.045263984761115950e+01
1.040761002909309063e+01
1.036099035711932004e+01
1.031286400308800921e+01
1.026320324142420048e+01
1.021204688473681976e+01
1.015943374563477519e+01
1.010537950369192473e+01
1.004989602392033810e+01
9.993038576480895330e+00
9.934795893350603535e+00
9.875223244690344515e+00
9.814331541871741393e+00
9.752176055055679527e+00
9.688723336824541121e+00
9.624073016128448899e+00
9.558213824944411741e+00
9.491178854038682999e+00
9.423001194177516027e+00
9.353691756732546381e+00
9.283305811864648760e+00
9.211854270945453393e+00
9.139348045346594063e+00
9.065820225834324120e+00
8.991303903174900469e+00
8.915854347529192481e+00
8.839482470268837488e+00
8.762265720949329761e+00
8.684215010942304858e+00
8.605407789803255270e+00
8.525877148298436126e+00
8.445656177194100778e+00
8.364777967256504354e+00
8.283297788646521553e+00
8.201226552735782604e+00
8.118641709079788882e+00
8.035531989655545715e+00
7.951974844018553590e+00
7.867981183540444512e+00
7.783628457776713638e+00
7.698905398704373404e+00
7.613911635273542089e+00
7.528680258250469493e+00
7.443222179006794725e+00
7.357614847098007616e+00
7.271891353290365068e+00
7.186106967744740892e+00
7.100316960622013340e+00
7.014554422688434876e+00
6.928874624104878421e+00
6.843332835032218675e+00
6.757984325631333000e+00
6.672862186668475637e+00
6.588021688304520396e+00
6.503495921305721517e+00
6.419340155832952810e+00
6.335609662047088975e+00
6.252334346839528045e+00
6.169553560996842378e+00
6.087281292036125002e+00
6.005553706869095620e+00
5.924429151802087290e+00
5.843921614352195704e+00
5.764089440825758359e+00
5.684924439345246050e+00
5.606507135611619397e+00
5.528851517141972316e+00
5.451993750848018294e+00
5.375947824246854800e+00
5.300749904250194433e+00
5.226413978375133773e+00
5.152998392928009430e+00
5.080517135425913544e+00
5.008962013991321349e+00
4.938413554325191690e+00
4.868907923339238053e+00
4.800459108550554355e+00
4.733103276870858522e+00
4.666898774606485389e+00
4.601859589274530649e+00
4.538021887786708675e+00
4.475421837054735619e+00
4.414095603990326744e+00
4.354057176110578631e+00
4.295342720327202990e+00
4.237966224157296402e+00
4.181986033907196365e+00
4.127393957699375449e+00
4.074226162445547139e+00
4.022518815057429364e+00
3.972285903052116041e+00
3.923541413946701528e+00
3.876321514652900646e+00
3.830640192687808199e+00
3.786533614963141225e+00
3.744037948390613213e+00
3.703167180487318966e+00
3.663979657559595537e+00
3.626511546519159079e+00
3.590799014277724410e+00
3.556856048352385891e+00
3.524740995049480130e+00
3.494445662491481475e+00
3.465984038195482952e+00
3.439370109678578924e+00
3.414617864457865970e+00
3.391741290050435786e+00
3.370730147285614375e+00
3.351566007820137472e+00
3.334317113596075632e+00
3.318940809582394458e+00
3.305505337721167169e+00
3.293990222375978494e+00
3.284419346699658515e+00
3.276816593845037762e+00
3.271183667570322751e+00
3.267522271633721331e+00
3.265834109793442686e+00
3.266076527018451969e+00
3.268273406461579267e+00
3.272404272486409305e+00
3.278448649456530806e+00
3.286430420524771634e+00
3.296329110054720068e+00
3.308146421804583959e+00
3.321861880137949363e+00
3.337521547602267713e+00
3.355082769166502388e+00
3.374569427983485692e+00
3.395961048416803685e+00
3.419259334224662883e+00
3.444443809770651121e+00
3.471516178812977138e+00
3.500433786320605201e+00
3.531198336051744491e+00
3.563789352369981067e+00
3.598208539033523223e+00
3.634413241011337448e+00
3.672405162061631145e+00
3.712186005942611722e+00
3.753735297017867012e+00
3.797032559650983075e+00
3.842079497600168203e+00
3.888855635229009788e+00
3.937340496901094777e+00
3.987491427585388326e+00
4.039287951645476937e+00
4.092687414050327099e+00
4.147669339163524427e+00
4.204191071954035408e+00
4.262209957390826531e+00
4.321727699232103426e+00
4.382723821841456591e+00
4.445200028977090767e+00
4.509113665607972443e+00
4.574466435492312577e+00
4.641237862993692787e+00
4.709431134304976396e+00
4.778966647779141930e+00
4.849832822387686093e+00
4.921973718312860235e+00
4.995355575131538828e+00
5.069944632420594566e+00
5.145662770967663668e+00
5.222520589138857083e+00
5.300462147116428824e+00
5.379498043266497831e+00
5.459594517165936800e+00
5.540717808391619315e+00
5.622900694704282110e+00
5.706087236286178310e+00
5.790265852108804623e+00
5.875402781749035519e+00
5.961464264783742806e+00
6.048394361395180496e+00
6.136159311160221286e+00
6.224747533050361881e+00
6.314080907853232283e+00
6.404125675145709629e+00
6.494825895110043490e+00
6.586169986717731462e+00
6.678102010151023116e+00
6.770566025592174242e+00
6.863506093223437077e+00
6.956888452621684316e+00
7.050679343363791318e+00
7.144822825632011210e+00
7.239285139003216685e+00
7.334054702448903562e+00
7.429053396756702732e+00
7.524291820292731359e+00
7.619714033239240791e+00
7.715264095778486819e+00
7.810930426881964372e+00
7.906657086731922135e+00
8.002365956115996326e+00
8.098045454005676547e+00
8.193639640583223027e+00
8.289092576030885340e+00
8.384370499925534403e+00
8.479373113660184202e+00
8.574111015600950125e+00
8.668483907140842604e+00
8.762458027856736109e+00
8.855977437930883767e+00
8.948964018150913802e+00
9.041406187488325585e+00
9.133207297917103062e+00
9.224374021313609617e+00
9.314872321345950112e+00
9.404668161682224081e+00
9.493727505990527504e+00
9.582060676728204385e+00
9.669589278774113339e+00
9.756301455190971694e+00
9.842207528436125230e+00
9.927251282783046804e+00
1.001139868189984306e+01
1.009463786884922953e+01
1.017695698669393067e+01
1.025829981970742111e+01
1.033865451095242527e+01
1.041800920349166226e+01
1.049628550220398715e+01
1.057349372954674749e+01
1.064957766979341613e+01
1.072452546600671397e+01
1.079828090246012273e+01
1.087083212221636508e+01
1.094216726833815478e+01
1.101225230449359671e+01
1.108103101495616905e+01
1.114851372218321046e+01
1.121464421044820270e+01
1.127943280220848798e+01
1.134282328173753918e+01
1.140478161270346114e+01
1.146529593816897652e+01
1.152433222180217953e+01
1.158187860666579105e+01
1.163785669763867503e+01
1.169227681717816658e+01
1.174508274955774745e+01
1.179628481723475453e+01
1.184584898387729623e+01
1.189374121315346677e+01
1.193990528933674433e+01
1.198437371427909426e+01
1.202709027225399119e+01
1.206802092692953821e+01
1.210717600076307576e+01
1.214452145742270517e+01
1.218004543997114730e+01
1.221369173268187680e+01
1.224549283740686079e+01
1.227541471781419524e+01
1.230342333757198325e+01
1.232948669743137415e+01
1.235362530526496094e+01
1.237581734723914906e+01
1.239606318891496173e+01
1.241434101645879551e+01
1.243065119543168429e+01
1.244499409139464596e+01
1.245739224930333044e+01
1.246782385532413429e+01
1.247633363380732519e+01
1.248287759152468723e+01
1.248750045282648458e+01
1.249020258327374577e+01
1.249096216903286738e+01
1.248982393445412065e+01
1.248674388630928433e+01
1.248174456955400302e+01
1.247482634974930171e+01
1.246598959245620719e+01
1.245521248384111601e+01
1.244256192764892255e+01
1.242799393065140201e+01
1.241153103780420608e+01
1.239321797345759535e+01
1.237301074438335391e+01
1.235097625432636903e+01
1.232707051005842303e+01
1.230136041532440494e+01
1.227384633568533268e+01
1.224450645730761167e+01
1.221342986333075586e+01
1.218057256052654047e+01
1.214600145263985631e+01
1.210969472583710349e+01
1.207167492507393014e+01
1.203196459530598084e+01
1.199058628148889838e+01
1.194751816978908820e+01
1.190282716395143581e+01
1.185646927074772350e+01
1.180848921452822076e+01
1.175893171964318995e+01
1.170777497225903119e+01
1.165508587612063884e+01
1.160088697618365572e+01
1.154520081740372461e+01
1.148802776534187053e+01
1.142941254434836296e+01
1.136939987877346070e+01
1.130799013417819943e+01
1.124520407271415223e+01
1.118105532531665780e+01
1.111555574011699576e+01
1.104871716524643688e+01
1.098055144883625545e+01
1.091111479780697557e+01
1.084046341907910893e+01
1.076865351957317252e+01
1.069574130620968866e+01
1.062180516530379037e+01
1.054685694498675552e+01
1.047097503157372422e+01
1.039414909380134766e+01
1.031639097980090192e+01
1.023766817891442038e+01
1.015801471866780048e+01
1.007737590900845071e+01
9.995763598067645361e+00
9.913211813371283654e+00
9.829710223656020318e+00
9.745381574026234617e+00
9.660237712613199079e+00
9.574357025732057380e+00
9.487795720303322966e+00
9.400632182642137735e+00
9.312900440274393787e+00
9.224634520725992104e+00
9.135868451522824785e+00
9.046636260190794587e+00
8.956949794861166936e+00
8.866865262454469487e+00
8.776394511101967666e+00
8.685571568329564229e+00
8.594430461663156606e+00
8.503049577417874261e+00
8.411462943119625280e+00
8.319726765688917780e+00
8.227897252046277643e+00
8.136030609112212986e+00
8.044138685018006996e+00
7.952299866078792689e+00
7.860481641636607009e+00
7.768740218611963400e+00
7.677087445136139721e+00
7.585512989945789819e+00
7.494095239356052929e+00
7.402801682708958886e+00
7.311710706319647812e+00
7.220922875897881177e+00
7.130494398364173314e+00
7.040499901849512021e+00
6.950954622959028661e+00
6.861958757692186772e+00
6.773545963864586739e+00
6.685727719897205823e+00
6.598515504211023064e+00
6.511942974621638847e+00
6.426021609550033986e+00
6.340762887417183968e+00
6.256200466038689179e+00
6.172345823835530432e+00
6.089232618623307225e+00
6.006850149428372809e+00
5.925254253460952469e+00
5.844456409142027908e+00
5.764468094892569283e+00
5.685322968528182308e+00
5.607054687864465592e+00
5.529674731322399062e+00
5.453216756717581326e+00
5.377692242470991424e+00
5.303157025792849311e+00
5.229622585104134913e+00
5.157122578220448617e+00
5.085690662957390806e+00
5.015338317735936968e+00
4.946077020977067917e+00
4.877962609891006274e+00
4.811006562898728411e+00
4.745220358421214257e+00
4.680659833668683767e+00
4.617314287667496409e+00
4.555217378233250791e+00
4.494402763181545524e+00
4.434881920933362309e+00
4.376666329909677522e+00
4.319767468531470200e+00
4.264241174008962965e+00
4.210098924763132189e+00
4.157330019820337341e+00
4.105990296390799266e+00
4.056091232895496113e+00
4.007666487150026491e+00
3.960727537575371660e+00
3.915308041987130228e+00
3.871419478806281234e+00
3.829095505848424175e+00
3.788325422139916299e+00
3.749165064890979782e+00
3.711603733127971871e+00
3.675628788325531193e+00
3.641286379935291251e+00
3.608576361067921123e+00
3.577498584834093442e+00
3.548030724949858605e+00
3.520194813920508814e+00
3.493990704856714480e+00
3.469418250869148679e+00
3.446499484463103169e+00
3.425212079354627903e+00
3.405578068049015528e+00
3.387552944867695093e+00
3.371180921710581035e+00
3.356461851688343323e+00
3.343351229122412338e+00
3.331893265912699409e+00
3.322043456380636695e+00
3.313823833031515065e+00
3.307234248976006263e+00
3.302230198535538452e+00
3.298855893610026513e+00
3.297066828520898607e+00
3.296862856378826923e+00
3.298266009689103218e+00
3.301231782773156098e+00
3.305760028741657752e+00
3.311850600705280812e+00
3.319503351774692579e+00
3.328695955665947892e+00
3.339406086095093595e+00
3.351633596172802765e+00
3.365378339009746256e+00
3.380617988321974465e+00
3.397330217825536902e+00
3.415492701236483963e+00
3.435105291665487393e+00
3.456145662828596699e+00
3.478591488441863611e+00
3.502420442221336749e+00
3.527632377277686970e+00
3.554182787932344656e+00
3.582071527295980662e+00
3.611276269084645829e+00
3.641774687014388778e+00
3.673544454801260351e+00
3.706563246161310943e+00
3.740808734810590952e+00
3.776258594465150331e+00
3.812868319446417242e+00
3.850615583470442971e+00
3.889502016231607406e+00
3.929491994969882107e+00
3.970573852903571233e+00
4.012735923250978054e+00
4.055922180441160485e+00
4.100165316481664490e+00
4.145409305801550204e+00
4.191664661013743576e+00
4.238875356547302076e+00
4.287051905015150766e+00
4.336160460240972014e+00
4.386167176048445526e+00
4.437060385655875017e+00
4.488828422281562425e+00
4.541415260354569661e+00
4.594831412487818234e+00
4.649020853110370055e+00
4.703971915440527951e+00
4.759672932696592973e+00
4.816045699913006573e+00
4.873122909097311606e+00
4.930848534678569095e+00
4.989188730480460521e+00
5.048131829721289598e+00
5.107643986224736032e+00
5.167669174419860845e+00
5.228195727524968639e+00
5.289211978758356913e+00
5.350661902549092019e+00
5.412511652720850996e+00
5.474727383097317990e+00
5.537297426896794050e+00
5.600165758548341088e+00
5.663320711270260155e+00
5.726684080096990925e+00
5.790266377641457574e+00
5.854011578332717569e+00
5.917885835994457722e+00
5.981855304450355959e+00
6.045886137524094650e+00
6.109922309644733929e+00
6.173952154030574846e+00
6.237941824505301547e+00
6.301813116103352819e+00
6.365554362043029712e+00
6.429131716148013709e+00
6.492511332241988065e+00
6.555615005359389791e+00
6.618453248113144838e+00
6.680947855537690216e+00
6.743090742447638064e+00
6.804843791253587071e+00
6.866172465962443461e+00
6.927108768764979274e+00
6.987573804878856265e+00
7.047599576494846474e+00
7.107107188830616096e+00
7.166150823471554077e+00
7.224651585635325723e+00
7.282619298118080842e+00
7.340019424926726543e+00
7.396839609462789511e+00
7.453067495127799091e+00
7.508690725323282855e+00
7.563652584661527456e+00
7.617962895938681811e+00
7.671587123161651256e+00
7.724512909731966026e+00
7.776705719656531457e+00
7.828153196336877784e+00
7.878820803779907678e+00
7.928718364781776273e+00
7.977789163954762230e+00
8.026043024095022460e+00
8.073445409209456969e+00
8.119983962699597768e+00
8.165624148572353747e+00
8.210375789623867604e+00
8.254204349861053558e+00
8.297097472685432962e+00
8.339020622103916480e+00
8.379983620912655695e+00
8.419907574329309696e+00
8.458824484544653188e+00
8.496699815565587954e+00
8.533521210793649558e+00
8.569231954841118437e+00
8.603864049898765742e+00
8.637360780578877240e+00
8.669709790282981388e+00
8.700920901807229768e+00
8.730959579158525941e+00
8.759791286343778793e+00
8.787425846159134579e+00
8.813806543216882616e+00
8.838965379707792280e+00
8.862845640244147560e+00
8.885457147622101814e+00
8.906743186453935479e+00
8.926713579535800136e+00
8.945379936863934844e+00
8.962694479051053875e+00
8.978677752093826570e+00
8.993350301988922268e+00
9.006688315943764067e+00
9.018690160560405289e+00
9.029354202440888599e+00
9.038723166976508239e+00
9.046728882585441056e+00
9.053436254053600862e+00
9.058799289193796511e+00
9.062816354608070668e+00
9.065507996293094450e+00
9.066894760245535423e+00
9.066930654278195334e+00
9.065636224387752407e+00
9.063032016570865324e+00
9.059116397429582079e+00
9.053887733565955998e+00
9.047366570976652866e+00
9.039529096869095781e+00
9.030395857239959412e+00
9.019965218691284647e+00
9.008257727219742605e+00
8.995293928822004403e+00
8.981050010705491360e+00
8.965568698261499492e+00
8.948826178697448341e+00
8.930820818615389456e+00
8.911617522801233093e+00
8.891148119673161432e+00
8.869477514017086506e+00
8.846604072435054533e+00
8.822503982134492162e+00
8.797219968506691856e+00
8.770750398153696281e+00
8.743137996466799677e+00
8.714358950653426916e+00
8.684455986104863356e+00
8.653449648817783668e+00
8.621338305394232293e+00
8.588164681225499919e+00
8.553949322308252334e+00
8.518668415849919739e+00
8.482364687241789269e+00
8.445058682480532042e+00
8.406748768168190722e+00
8.367477669696057774e+00
8.327221574271561622e+00
8.286045386680608971e+00
8.243923686520650662e+00
8.200935519922326833e+00
8.157047428433198633e+00
8.112270312390057470e+00
8.066659430918948104e+00
8.020203504962053032e+00
7.972913434856166326e+00
7.924822300332710512e+00
7.875918822333865421e+00
7.826236080591050026e+00
7.775784975441063729e+00
7.724576407220705931e+00
7.672621276266776924e+00
7.619952662310696567e+00
7.566603645083886498e+00
7.512562945528522995e+00
7.457908002165269501e+00
7.402605356541685389e+00
7.346732447178430547e+00
7.290277995017684809e+00
7.233275079790869810e+00
7.175756781229402748e+00
7.117733999670088352e+00
7.059239814844340266e+00
7.000262947694343652e+00
6.940858657346137051e+00
6.881037844136517201e+00
6.820811408402288833e+00
6.760234609269489603e+00
6.699318347074922464e+00
6.638095701550005501e+00
6.576577573031539004e+00
6.514797041250942833e+00
6.452809365334258196e+00
6.390603266223667589e+00
6.328234003045206002e+00
6.265712476135679054e+00
6.203093944621124400e+00
6.140367129443722760e+00
6.077609469124136687e+00
6.014787505209921115e+00
5.952000855616364383e+00
5.889216061891019649e+00
5.826510562554549466e+00
5.763873078549134554e+00
5.701358869000818785e+00
5.638978834246397120e+00
5.576766054017290308e+00
5.514775787439543997e+00
5.453041114244575382e+00
5.391569730642743252e+00
5.330400875127882188e+00
5.269526223278144350e+00
5.209026168250161071e+00
5.148848026832842706e+00
5.089050012788202793e+00
5.029645981089011286e+00
4.970605427918801666e+00
4.911986567039583029e+00
4.853803253424131547e+00
4.796047162650591389e+00
4.738732149691740503e+00
4.681894248914966639e+00
4.625525135898424622e+00
4.569660845009504868e+00
4.514315231220977331e+00
4.459502149505617297e+00
4.405213275441571597e+00
4.351506822790854656e+00
4.298396646526241760e+00
4.245852242831258394e+00
4.193954004862539442e+00
4.142671428803615719e+00
4.092040549021881191e+00
4.042075220490104925e+00
3.992811477575680001e+00
3.944218816462136790e+00
3.896355450911486606e+00
3.849213056501883834e+00
3.802827667600718442e+00
3.757168780391520801e+00
3.712294608636304449e+00
3.668196827913217550e+00
3.624889293195035833e+00
3.582408038849150156e+00
3.540766919848330474e+00
3.499979791165350296e+00
3.460060507772980465e+00
3.421022924643992269e+00
3.382903076145779675e+00
3.345692637856492624e+00
3.309427644143522418e+00
3.274099770585020774e+00
3.239722872153758981e+00
3.206332983217129229e+00
3.173899599958662332e+00
3.142480936140370495e+00
3.112068667340404549e+00
3.082676648531535335e+00
3.054318734686537251e+00
3.027007163360174058e+00
3.000747702435195396e+00
2.975522322981724699e+00
2.951357354859125870e+00
2.928256948532144133e+00
2.906225254465522490e+00
2.885222064334763026e+00
2.865295887393851437e+00
2.846406515318288921e+00
2.828580277967441603e+00
2.811799146411433359e+00
2.796089450509627650e+00
2.781433161332146575e+00
2.767834429343735803e+00
2.755275225614516543e+00
2.743781880003853590e+00
2.733336363581873041e+00
2.723942826813315676e+00
2.715605420162925832e+00
2.708306114700827827e+00
2.702049060891763332e+00
2.696838409200478015e+00
2.692633951302473072e+00
2.689484196451733755e+00
2.687348936323763038e+00
2.686232321383304811e+00
2.686116322700481174e+00
2.687005090740035129e+00
2.688880596572091441e+00
2.691746990661393113e+00
2.695608423472684034e+00
2.700446866076087193e+00
2.706244289541724246e+00
2.712982664939719513e+00
2.720688322129437342e+00
2.729321052786379376e+00
2.738862827980668158e+00
2.749339977571669813e+00
2.760734472629505110e+00
2.773006104829677909e+00
2.786159024636929882e+00
2.800175203121385792e+00
2.815036611353166407e+00
2.830747399797018282e+00
2.847289539523061297e+00
2.864645001601419771e+00
2.882795757102216694e+00
2.901723777095573720e+00
2.921433212046235628e+00
2.941883853629704060e+00
2.963081190139878807e+00
2.984991702398041014e+00
3.007627567843872640e+00
3.030978784522431635e+00
3.055013171084155932e+00
3.079742904968728379e+00
3.105157984221205147e+00
3.131204048097405490e+00
3.157915453431629604e+00
3.185282198268937659e+00
3.213249921865145797e+00
3.241830801659934647e+00
3.271014835698364820e+00
3.300769842630872031e+00
3.331107999897138683e+00
3.361997126147601822e+00
3.393405040032700271e+00
3.425366098386734670e+00
3.457803761070902038e+00
3.490752384919502571e+00
3.524157609188353746e+00
3.558031611317137077e+00
3.592320030561667821e+00
3.627057223756248838e+00
3.662166650762074926e+00
3.697682668413448503e+00
3.733550915966186157e+00
3.769739212070725820e+00
3.806281913561369024e+00
3.843102480299311896e+00
3.880235269118855523e+00
3.917603739881196478e+00
3.955220070026014501e+00
3.993052078203747968e+00
4.031089762459456161e+00
4.069278762048955222e+00
4.107631254411927557e+00
4.146115058198808434e+00
4.184697992060038452e+00
4.223370054040675114e+00
4.262076883396536786e+00
4.300830657567302318e+00
4.339599195203411419e+00
4.378328135560680678e+00
4.417029656078788946e+00
4.455671575408176821e+00
4.494199532804658226e+00
4.532625705707915564e+00
4.570895733373765424e+00
4.608999613847267973e+00
4.646907905506738601e+00
4.684602125642020276e+00
4.722088710665449440e+00
4.759329738200127835e+00
4.796353824053013248e+00
4.833100866452583411e+00
4.869599481205800551e+00
4.905833925330384204e+00
4.941766276449431672e+00
4.977402970975282059e+00
5.012728265925654902e+00
5.047748597712893748e+00
5.082426043960091455e+00
5.116744861684970225e+00
5.150733666694492285e+00
5.184354536611753161e+00
5.217591728454470612e+00
5.250429499240368614e+00
5.282874285381782720e+00
5.314888164501814671e+00
5.346477573012801798e+00
5.377648947327084095e+00
5.408342185673141955e+00
5.438563724463312710e+00
5.468297820715316782e+00
5.497550910841492389e+00
5.526307251859560843e+00
5.554528921392617669e+00
5.582222355853007301e+00
5.609371812258443946e+00
5.635961547626650692e+00
5.661997998369963980e+00
5.687421062716864206e+00
5.712259356474310046e+00
5.736497136660023699e+00
5.760096480897099802e+00
5.783041646203259667e+00
5.805361248385461970e+00
5.826995185672187105e+00
5.847972073870393750e+00
5.868253990603180092e+00
5.887847372282887903e+00
5.906714296532614483e+00
5.924883379159322061e+00
5.942294518391484814e+00
5.958954150641444514e+00
5.974868712321541153e+00
5.990022460449495156e+00
6.004377472648403824e+00
6.017940185330606262e+00
6.030696310118183412e+00
6.042637377050653846e+00
6.053778550166522443e+00
6.064112814109669181e+00
6.073610974129353579e+00
6.082310373658698310e+00
6.090203997341586017e+00
6.097262650427277109e+00
6.103523676348893368e+00
6.108957880355696091e+00
6.113580426486186603e+00
6.117384299384246660e+00
6.120384663088378474e+00
6.122574502242461136e+00
6.123946801490379066e+00
6.124494545476010465e+00
6.124255077632480671e+00
6.123199203209048314e+00
6.121319906849596926e+00
6.118654531987246514e+00
6.115151704476638805e+00
6.110870947145516041e+00
6.105783065243137742e+00
6.099881043413389214e+00
6.093202225089389579e+00
6.085739594915023254e+00
6.077486137534166666e+00
6.068479196379948704e+00
6.058689576701626223e+00
6.048132442537703213e+00
6.036822957926678335e+00
6.024776286907057354e+00
6.011963234728098904e+00
5.998421144822927431e+00
5.984120822440802456e+00
5.969099611014846651e+00
5.953350495188939995e+00
5.936866459606966906e+00
5.919684847702050057e+00
5.901798644118068538e+00
5.883223012893524562e+00
5.863950938672301660e+00
5.843997585492901159e+00
5.823378117393823494e+00
5.802085519018951310e+00
5.780157133801409941e+00
5.757585946385076703e+00
5.734387120808457361e+00
5.710575821110051464e+00
5.686145031933740768e+00
5.661131083667029884e+00
5.635521895725692509e+00
5.609304374479887834e+00
5.582531964483634646e+00
5.555169392712467236e+00
5.527247924325784822e+00
5.498754465693743931e+00
5.469698102581120658e+00
5.440087920752692874e+00
5.409955185367860686e+00
5.379331161586020649e+00
5.348180576382709717e+00
5.316534694917323556e+00
5.284424782349264049e+00
5.251859924443308181e+00
5.218827027569608035e+00
5.185335177492945036e+00
5.151415639372718402e+00
5.117055319579080219e+00
5.082307662666054604e+00
5.047115216214551836e+00
5.011553604173215604e+00
4.975609732912201544e+00
4.939292688196286640e+00
4.902633735184867447e+00
4.865664139037345848e+00
4.828348626729255244e+00
4.790740642814615313e+00
4.752849273058203927e+00
4.714661423830176723e+00
4.676230539684554266e+00
4.637543526991492193e+00
4.598631650910388835e+00
4.559503997206022952e+00
4.520147472248549292e+00
4.480615520591988421e+00
4.440939407395737781e+00
4.401083859635333440e+00
4.361102321864795073e+00
4.321026059243520123e+00
4.280864157536288239e+00
4.240625702507875516e+00
4.200341959317680285e+00
4.160044193125100875e+00
4.119719310300294701e+00
4.079376396608037858e+00
4.039091075996972258e+00
3.998828075442631746e+00
3.958618660104416875e+00
3.918471915747103296e+00
3.878439046812456326e+00
3.838517938503978044e+00
3.798704235912917948e+00
3.758993584130520205e+00
3.719425987037277004e+00
3.679997089724436066e+00
3.640724716677865125e+00
3.601582333594190555e+00
3.562609944353901881e+00
3.523825373442869058e+00
3.485202086557717127e+00
3.446780087578936946e+00
3.408555021597776680e+00
3.370544713100101841e+00
3.332744807177162816e+00
3.295150948920206435e+00
3.257825321604343571e+00
3.220719211531579695e+00
3.183850443187783430e+00
3.147259020453443412e+00
3.110918409025187792e+00
3.074868612783505206e+00
3.039105276819644708e+00
3.003646225619473142e+00
2.968509283668860022e+00
2.933712275453674412e+00
2.899273025459784048e+00
2.865164999383816635e+00
2.831428201106260811e+00
2.798080455112985199e+00
2.765095227100617503e+00
2.732512520949645474e+00
2.700327981751318163e+00
2.668537254596883734e+00
2.637180343366831270e+00
2.606252893152407601e+00
2.575750549044860005e+00
2.545713314924678894e+00
2.516114656488492418e+00
2.487016757011409229e+00
2.458393082190056589e+00
2.430261456510301787e+00
2.402617525063395210e+00
2.375501291729825049e+00
2.348908401600838136e+00
2.322812320373061734e+00
2.297275231321607603e+00
2.272270600143100339e+00
2.247816251323409453e+00
2.223952188743024916e+00
2.200628410588387762e+00
2.177900659556790242e+00
2.155779031440717475e+00
2.134207083848790543e+00
2.113261450757359938e+00
2.092885689775047631e+00
2.073089896694337853e+00
2.053906346702337959e+00
2.035300776802290823e+00
2.017305462181302911e+00
1.999886139842618427e+00
1.983052905578722047e+00
1.966815855182098671e+00
1.951162905050614071e+00
1.936104150976752480e+00
1.921649688752999241e+00
1.907787434777219682e+00
1.894505305447278021e+00
1.881813396555658935e+00
1.869699624500226864e+00
1.858196264468089165e+00
1.847269053462487820e+00
1.836950266670530629e+00
1.827205641095460020e+00
1.818045272529762224e+00
1.809457077371301237e+00
1.801473330807181972e+00
1.794037590446029062e+00
1.787204310869569213e+00
1.780939229081045294e+00
1.775230261478321303e+00
1.770087503853884137e+00
1.765521052000217583e+00
1.761496642920566069e+00
1.758024372407414271e+00
1.755114336253247087e+00
1.752754450855930957e+00
1.750932632613327877e+00
1.749658977317924746e+00
1.748921401367585560e+00
1.748707821160174314e+00
1.749028332488176352e+00
1.749848672354835211e+00
1.751201115947257581e+00
1.753051400268686333e+00
1.755409621111607033e+00
1.758241515479262773e+00
1.761579358558760022e+00
1.765388887353342318e+00
1.769658018260873433e+00
1.774397532668491984e+00
1.779598774947324769e+00
1.785253775063152748e+00
1.791354562981755993e+00
1.797915348063536589e+00
1.804905980879652372e+00
1.812340670790505204e+00
1.820189268367254476e+00
1.828479290607074148e+00
1.837182806020585035e+00
1.846296280452492056e+00
1.855816179747499461e+00
1.865734533871387324e+00
1.876043372789936603e+00
1.886739162347850662e+00
1.897813932510911128e+00
1.909257495305434649e+00
1.921066316576126365e+00
1.933230208349304480e+00
1.945741200590749287e+00
1.958591323266240636e+00
1.971768170462635306e+00
1.985263772145712480e+00
1.999070158281253118e+00
2.013177140895574979e+00
2.027576749954458357e+00
2.042256579544759365e+00
2.057206441692795984e+00
2.072416148424886195e+00
2.087875511767348868e+00
2.103572125807039228e+00
2.119498020509737124e+00
2.135640789962300001e+00
2.151985810312120773e+00
2.168525111524979732e+00
2.185244069748270235e+00
2.202130279068849283e+00
2.219173551513034859e+00
2.236359263228219874e+00
2.253675008301261329e+00
2.271110598758477206e+00
2.288646974868336681e+00
2.306273948657158179e+00
2.323974678332872745e+00
2.341741193861262005e+00
2.359554435510794690e+00
2.377401997368326469e+00
2.395267037641790608e+00
2.413139368357503312e+00
2.430999929783935087e+00
2.448838065892153359e+00
2.466647902250604485e+00
2.484423096372486484e+00
2.502159523710456579e+00
2.519850841777712347e+00
2.537492926026911011e+00
2.555079433971251035e+00
2.572604023123927330e+00
2.590062568937599341e+00
2.607448728925463755e+00
2.624756160600715482e+00
2.641976303537090676e+00
2.659107251126708871e+00
2.676140442943305775e+00
2.693069536500075856e+00
2.709888189310217577e+00
2.726590058886926293e+00
2.743168802743398693e+00
2.759615860453369152e+00
2.775924889530034356e+00
2.792078457789280321e+00
2.808096838017848818e+00
2.823953726273777054e+00
2.839629472433488733e+00
2.855126605768028902e+00
2.870469834943063958e+00
2.885595151045775353e+00
2.900527262741828594e+00
2.915268699302269617e+00
2.929799810603521237e+00
2.944100946522007600e+00
2.958174636328774199e+00
2.972001229900243846e+00
2.985605435902082938e+00
2.998945424816095162e+00
3.012023725913323347e+00
3.024842868464814760e+00
3.037383202346991773e+00
3.049647256830898989e+00
3.061615381792961887e+00
3.073290106504224628e+00
3.084629601446488678e+00
3.095680754680042668e+00
3.106401736686688508e+00
3.116772897342850790e+00
3.126818945314194576e+00
3.136520230477144455e+00
3.145857102708123687e+00
3.154832091278177764e+00
3.163425546063729943e+00
3.171641095731233317e+00
3.179464587134143816e+00
3.186927325310571657e+00
3.193971897720138564e+00
3.200651788795573882e+00
3.206931765391122013e+00
3.212843132544890068e+00
3.218350657111123780e+00
3.223463464733307138e+00
3.228190681054929900e+00
3.232541431719475611e+00
3.236480483581190448e+00
3.240039141678181078e+00
3.243226531653934597e+00
3.245985240968074503e+00
3.248368754053328367e+00
3.250364017158563712e+00
3.251957976532643624e+00
3.253159757819056086e+00
3.253978486661286862e+00
3.254401109308201701e+00
3.254436751403287698e+00
3.254094538590031060e+00
3.253339237722675747e+00
3.252202153839329313e+00
3.250670233188858393e+00
3.248774780809368767e+00
3.246480563555106169e+00
3.243796707069556806e+00
3.240754516390828677e+00
3.237296578978543504e+00
3.233476379265432410e+00
3.229280863500358478e+00
3.224719157326810581e+00
3.219756027599031345e+00
3.214422779355128768e+00
3.208728538238589501e+00
3.202660250498279293e+00
3.196227041777683908e+00
3.189438037720290442e+00
3.182280184574965531e+00
3.174762607985193608e+00
3.166894433594462654e+00
3.158684787046258435e+00
3.150142793984068046e+00
3.141255400656756791e+00
3.132031732707810434e+00
3.122458736386096056e+00
3.112567716729719880e+00
3.102345619987547654e+00
3.091801157215158469e+00
3.080919201721871836e+00
3.069750750412965523e+00
3.058235903220609675e+00
3.046425657050079838e+00
3.034304470622790184e+00
3.021878982054774454e+00
3.009155829462065945e+00
2.996141650960698399e+00
2.982820905272085987e+00
2.969200230512261562e+00
2.955308444191880213e+00
2.941130005032355665e+00
2.926671551149721218e+00
2.911939720660011943e+00
2.896918972284638905e+00
2.881660302928878981e+00
2.866125991919525884e+00
2.850367036161852496e+00
2.834345714982652975e+00
2.818090845892581520e+00
2.801586887613051413e+00
2.784884837049338646e+00
2.767969152922856058e+00
2.750824293955016930e+00
2.733479077656475908e+00
2.715940142143267177e+00
2.698214125531424479e+00
2.680285486542361095e+00
2.662183042686732115e+00
2.643913432080570836e+00
2.625505472234533677e+00
2.606921442475411244e+00
2.588190160313859511e+00
2.569318263865911778e+00
2.550312391247602228e+00
2.531201359969585507e+00
2.511969628753276229e+00
2.492646015109327706e+00
2.473214977759153221e+00
2.453705334213408751e+00
2.434123722588128036e+00
2.414476780999343930e+00
2.394771147563091507e+00
2.375013460395404508e+00
2.355210357612317118e+00
2.335390656724484426e+00
2.315538816453318827e+00
2.295683654309475852e+00
2.275809629014368340e+00
2.255944246139861331e+00
2.236087584108039206e+00
2.216260588796815867e+00
2.196462026689486091e+00
2.176668484874722420e+00
2.156900909230440089e+00
2.137180245634553000e+00
2.117505260570355485e+00
2.097874720521142766e+00
2.078265212575584719e+00
2.058719862006220147e+00
2.039237435296341605e+00
2.019794519534621191e+00
2.000412060598975472e+00
1.981088824972697227e+00
1.961845758533701245e+00
1.942659448370660735e+00
1.923573019756112501e+00
1.904540880384106405e+00
1.885628334921801263e+00
1.866811970457869396e+00
1.848090553475603581e+00
1.829462850458299039e+00
1.810949807283869673e+00
1.792550190435610480e+00
1.774284945791435364e+00
1.756130660440016866e+00
1.738086100864649763e+00
1.720216571732491762e+00
1.702454301342970933e+00
1.684864594363246981e+00
1.667424037881992227e+00
1.650131398382499226e+00
1.633029801137305004e+00
1.616095833235081880e+00
1.599328261159124187e+00
1.582770210181968062e+00
1.566398267392285160e+00
1.550233378667991824e+00
1.534252131097759708e+00
1.518497649954126283e+00
1.502946522325762313e+00
1.487619694090583922e+00
1.472538111126506566e+00
1.457678360522201899e+00
1.443039208760963588e+00
1.428663781115329545e+00
1.414550844068592106e+00
1.400676984709424255e+00
1.387063148915740562e+00
1.373729376323826967e+00
1.360669902208824666e+00
1.347878055604246228e+00
1.335347165543604442e+00
1.323114919849653681e+00
1.311130288766663821e+00
1.299430960117389011e+00
1.288010262935341821e+00
1.276861526254034596e+00
1.266000258501600806e+00
1.255397609316931007e+00
1.245069087128158891e+00
1.235008020968797471e+00
1.225229919266978662e+00
1.215728111056215477e+00
1.206518104764641608e+00
1.197571050031147832e+00
1.188902455283867177e+00
1.180527828950933777e+00
1.172418320671238634e+00
1.164611618267535675e+00
1.157065563741943137e+00
1.149811191098830676e+00
1.142837393492784903e+00
1.136141935836243011e+00
1.129727018920565040e+00
1.123590407658188184e+00
1.117732084901010392e+00
1.112149815561468635e+00
1.106845800430923177e+00
1.101820022361273299e+00
1.097068028325492772e+00
1.092594237054404394e+00
1.088396413460444911e+00
1.084474540395512943e+00
1.080824164832582479e+00
1.077443051684090047e+00
1.074333401741396798e+00
1.071490761977476724e+00
1.068915115244228442e+00
1.066602008514626387e+00
1.064551424640568955e+00
1.062763346473954984e+00
1.061235538927221000e+00
1.059965766912802865e+00
1.058951795343137992e+00
1.058191389130662241e+00
1.057686749066736320e+00
1.057431204184872353e+00
1.057424737336969178e+00
1.057660893729545082e+00
1.058138519140064959e+00
1.058858893458461958e+00
1.059816642756283178e+00
1.061010828983999676e+00
1.062438296152620421e+00
1.064100324152078558e+00
1.065991539053920967e+00
1.068108784869156835e+00
1.070453341487718868e+00
1.073019834981154608e+00
1.075807327299934446e+00
1.078810444515606370e+00
1.082030466518101974e+00
1.085459801439507155e+00
1.089097511230292747e+00
1.092940439901467720e+00
1.096983213524578726e+00
1.101222676110635401e+00
1.105657889610107913e+00
1.110281262155081272e+00
1.115089637756565111e+00
1.120077642486105640e+00
1.125244338294173918e+00
1.130584351252317266e+00
1.136090089492620026e+00
1.141760614965553478e+00
1.147588335803202630e+00
1.153572313956037654e+00
1.159702739616682354e+00
1.165978674735606901e+00
1.172394745384358838e+00
1.178943359695022064e+00
1.185623579618068524e+00
1.192423377406658380e+00
1.199341815011262913e+00
1.206371300563966242e+00
1.213504242196853822e+00
1.220737483920934174e+00
1.228063433868292531e+00
1.235476718110475325e+00
1.242969744779567565e+00
1.250534922007653371e+00
1.258166875866280288e+00
1.265860232426995191e+00
1.273605181882419890e+00
1.281396350304102372e+00
1.289228363763588625e+00
1.297089194514039479e+00
1.304975686566464121e+00
1.312881198464657562e+00
1.320798454520335063e+00
1.328730001214769585e+00
1.336673949150311680e+00
1.344626190989847814e+00
1.352582619396266450e+00
1.360545780850840769e+00
1.368509350076996256e+00
1.376471437677083243e+00
1.384430154253449841e+00
1.392383610408447048e+00
1.400327698804961551e+00
1.408260530045343240e+00
1.416177996792479687e+00
1.424075991709258471e+00
1.431952625398028589e+00
1.439806008461139930e+00
1.447629815622018423e+00
1.455422157483012846e+00
1.463178926707010996e+00
1.470898233896362761e+00
1.478573753774493404e+00
1.486205814883214016e+00
1.493785874006488434e+00
1.501312041746666326e+00
1.508782428706096690e+00
1.516190709608206122e+00
1.523532777115880421e+00
1.530804523892008273e+00
1.538001842599477031e+00
1.545120625901173828e+00
1.552158984399448105e+00
1.559108374878264147e+00
1.565969125879432600e+00
1.572732694186916635e+00
1.579394972463604496e+00
1.585954071311845404e+00
1.592405883394526489e+00
1.598741865495611814e+00
1.604962346156912467e+00
1.611058782162392067e+00
1.617029284114399834e+00
1.622865308796899164e+00
1.628567184751701813e+00
1.634126368762771397e+00
1.639536535553532515e+00
1.644798013665797143e+00
1.649902259883529121e+00
1.654845166869615358e+00
1.659622627286942986e+00
1.664229046236597398e+00
1.668663968269760156e+00
1.672925450375811307e+00
1.677013767483591877e+00
1.680931412461405872e+00
1.684672006419708490e+00
1.688240260166265161e+00
1.691634230690455709e+00
1.694854192921121161e+00
1.697895985908179028e+00
1.700762102519933094e+00
1.703452817685224607e+00
1.705966188393433169e+00
1.708300271633938161e+00
1.710455342335581053e+00
1.712431675427203315e+00
1.714227327898184550e+00
1.715844792616828318e+00
1.717279908633051910e+00
1.718537386754620755e+00
1.719613066031452142e+00
1.720511657271312833e+00
1.721228999524119230e+00
1.721767585658174893e+00
1.722125472662859647e+00
1.722302935467014517e+00
1.722302466938943732e+00
1.722119906128564359e+00
1.721757745904179737e+00
1.721214043255169468e+00
1.720489073110375466e+00
1.719583110398638759e+00
1.718498647988263128e+00
1.717233742868627955e+00
1.715788669968574709e+00
1.714165922156407174e+00
1.712363556421504729e+00
1.710384065632170936e+00
1.708225506777785174e+00
1.705892590666113762e+00
1.703378938407611010e+00
1.700691478749504881e+00
1.697826050741713111e+00
1.694785147252539259e+00
1.691569043210824796e+00
1.688178013545410971e+00
1.684614551124601789e+00
1.680878930877238941e+00
1.676973645671625324e+00
1.672898970436603516e+00
1.668657321405712102e+00
1.664248590333972988e+00
1.659674810281105861e+00
1.654935796367367873e+00
1.650033581652479153e+00
1.644970199196158722e+00
1.639743246179202529e+00
1.634354755661329373e+00
1.628806760702259604e+00
1.623101294361712688e+00
1.617240389699407865e+00
1.611226079775065045e+00
1.605055961769479067e+00
1.598738722560756775e+00
1.592271959329692788e+00
1.585657705136006568e+00
1.578900210978880336e+00
1.572001509918033779e+00
1.564963635013186138e+00
1.557790837263519190e+00
1.550482931789290086e+00
1.543044169589681269e+00
1.535478801663873849e+00
1.527786643132125421e+00
1.519969727054155895e+00
1.512034522368608469e+00
1.503978626256279094e+00
1.495808507655812081e+00
1.487526199626925560e+00
1.479133735229339885e+00
1.470635365462237054e+00
1.462035341324798399e+00
1.453335695876743383e+00
1.444545115996178630e+00
1.435663416803361070e+00
1.426699285176396215e+00
1.417652536235542549e+00
1.408531856858905584e+00
1.399334844227280605e+00
1.390072403158235437e+00
1.380742130832565584e+00
1.371350496188915580e+00
1.361903968165928847e+00
1.352402361883861648e+00
1.342849928341897536e+00
1.333255354418141359e+00
1.323622891111775335e+00
1.313954571482518263e+00
1.304256864469015342e+00
1.294534021070447016e+00
1.284791848132139425e+00
1.275029068247222952e+00
1.265248177794432882e+00
1.255451673152505387e+00
1.245635396881790369e+00
1.235804063300486089e+00
1.225957950847865963e+00
1.216097337963203850e+00
1.206224721025235924e+00
1.196342596412698356e+00
1.186451242564864783e+00
1.176557591739396003e+00
1.166664140315026854e+00
1.156768948791570439e+00
1.146878949426686001e+00
1.136992202720185752e+00
1.127115640929729823e+00
1.117247324555130428e+00
1.107391967914585162e+00
1.097552067386829755e+00
1.087725683471676863e+00
1.077917530487323639e+00
1.068132322751968788e+00
1.058368120765424081e+00
1.048634074724812182e+00
1.038930463069406285e+00
1.029257564238480249e+00
1.019624528429157184e+00
1.010029416141248193e+00
1.000476941692951760e+00
9.909673835235414119e-01
9.815076738906777232e-01
9.720980912336346647e-01
9.627411319311477422e-01
9.534392923619535720e-01
9.441972868442496392e-01
9.350198296962347611e-01
9.259049814177201521e-01
9.168641101452903452e-01
9.078952763787575542e-01
8.990054123757816873e-01
8.901970145150986946e-01
8.814770150543689287e-01
8.728456924328662492e-01
8.643055430293266062e-01
8.558634991014101301e-01
8.475198390883911248e-01
8.392792773084676305e-01
8.311443101403751532e-01
8.231196519023122882e-01
8.152050056252763133e-01
8.074066444650064289e-01
7.997191764716555795e-01
7.921460814532240713e-01
7.846886212782513415e-01
7.773436219363512034e-01
7.701145632355250736e-01
7.630004891048497440e-01
7.560004434734011181e-01
7.491179061491806124e-01
7.423497031218025954e-01
7.356993141992679286e-01
7.291635653711914244e-01
7.227481543850357015e-01
7.164476892909533712e-01
7.102656498969450727e-01
7.042032980715499102e-01
6.982574598043823633e-01
6.924293969639808699e-01
6.867203714188848673e-01
6.811294270981703702e-01
6.756600438098381289e-01
6.703090475435031781e-01
6.650799181071662680e-01
6.599716994299039685e-01
6.549878713197171409e-01
6.501252597662203758e-01
6.453895625168767358e-01
6.407753876218383882e-01
6.362884328285683955e-01
6.319233061872198132e-01
6.276834875057921703e-01
6.235658027739011677e-01
6.195737317995473337e-01
6.157063185118076820e-01
6.119603889002959152e-01
6.083416407124757619e-01
6.048446819984989453e-01
6.014729925663668819e-01
5.982278342846183428e-01
5.951060331428674743e-01
5.921088510096532698e-01
5.892375497535148332e-01
5.864889553640660891e-01
5.838665476493082318e-01
5.813649346593935396e-01
5.789875962023229850e-01
5.767313582677113803e-01
5.745974827240969418e-01
5.725872314400187735e-01
5.706974349031476157e-01
5.689271595328417863e-01
5.672799121254407106e-01
5.657525456588963220e-01
5.643441310506239761e-01
5.630581750969626542e-01
5.618893128364023104e-01
5.608410510652823699e-01
5.599080248220934530e-01
5.590915229637120065e-01
5.583883984680908519e-01
5.578021581315691924e-01
5.573274369926372040e-01
5.569633059687097987e-01
5.567110539166639782e-01
5.565697517539142103e-01
5.565340345189510041e-01
5.566074090081137848e-01
5.567867281993547079e-01
5.570710630100886851e-01
5.574594843577305170e-01
5.579488452202328030e-01
5.585382165150102329e-01
5.592288870989398086e-01
5.600132740710497270e-01
5.608948842276790803e-01
5.618705705467805789e-01
5.629371860063067112e-01
5.640938015236722780e-01
5.653394880162920799e-01
5.666688805226565151e-01
5.680832678996428076e-01
5.695795031252030016e-01
5.711566571167521200e-01
5.728093649127810050e-01
5.745366974307037911e-01
5.763377255879356120e-01
5.782093023624290673e-01
5.801504986715989576e-01
5.821559495539355700e-01
5.842247259268537052e-01
5.863558987077683859e-01
5.885441029351696773e-01
5.907884095264727131e-01
5.930856714596299817e-01
5.954305237731319922e-01
5.978242553238556356e-01
6.002615011502914211e-01
6.027391142303917260e-01
6.052539475421097048e-01
6.078032256580899739e-01
6.103856595297467713e-01
6.130003317031872401e-01
6.156463247245177461e-01
6.183249390793071898e-01
6.210308214347378675e-01
6.237652722763792346e-01
6.265251562108752337e-01
6.293095557843327859e-01
6.321197714823209024e-01
6.349504499720216577e-01
6.378006737995420838e-01
6.406717434504508590e-01
6.435583055919306128e-01
6.464616607095500234e-01
6.493786734099538105e-01
6.523084262392484511e-01
6.552477838040788871e-01
6.581980465900135746e-01
6.611516433247730529e-01
6.641120924333883124e-01
6.670740405830417608e-01
6.700365703198399858e-01
6.729965462504278184e-01
6.759552688603739368e-01
6.789051668773988801e-01
6.818475407870712157e-01
6.847792551960355523e-01
6.876993926503988108e-01
6.906025998173433988e-01
6.934879592429757933e-01
6.963545534734030262e-01
6.991970291758073941e-01
7.020144688962957069e-01
7.048059551809742196e-01
7.075661346970263388e-01
7.102918720510955630e-01
7.129844677287516808e-01
7.156363504577144541e-01
7.182488207235528943e-01
7.208165251934494089e-01
7.233385464135108078e-01
7.258095310509194986e-01
7.282285616517822913e-01
7.305947207622055517e-01
7.329004371099100412e-01
7.351470111804645491e-01
7.373290896410513717e-01
7.394435370983148959e-01
7.414894360983623756e-01
7.434621208887881583e-01
7.453618939782993280e-01
7.471919633954766660e-01
7.489533192294395292e-01
7.506447336298442963e-01
7.522671966858103243e-01
7.538239164259186165e-01
7.553136649998263286e-01
7.567396504361142417e-01
7.581006448844394008e-01
7.593998563733828089e-01
7.606360570526016218e-01
7.618102370112146415e-01
7.629256042778032043e-01
7.639809310020240218e-01
7.649772072729960071e-01
7.659154231798382950e-01
7.667987867511322220e-01
7.676238521970722983e-01
7.683960454857017286e-01
7.691119208272154673e-01
7.697746862501946286e-01
7.703853318437581255e-01
7.709426297575628917e-01
7.714497880201899305e-01
7.719077967207585989e-01
7.723154280089254975e-01
7.726736719738095394e-01
7.729857366439921718e-01
7.732503941691302174e-01
7.734708525778046795e-01
7.736458840196723807e-01
7.737786965233146574e-01
7.738680622383883323e-01
7.739149712540123183e-01
7.739226315987679516e-01
7.738875974828498538e-01
7.738152948743011184e-01
7.737044959227789009e-01
7.735539727779400243e-01
7.733691514078275819e-01
7.731488039620988406e-01
7.728939205298726023e-01
7.726077091397298702e-01
7.722867240018653767e-01
7.719363910843225485e-01
7.715554825367585412e-01
7.711472063877539140e-01
7.707081168475036215e-01
7.702436398840512011e-01
