# te
8.837701633019557912e-01
1.114143260110301181e+00
1.158769032995676351e+00
1.090101151495297183e+00
9.658672707553598302e-01
8.231302843351169241e-01
6.847709040927094648e-01
5.628768290071245461e-01
4.644231394002333868e-01
3.923181352583579584e-01
3.475623422651153982e-01
3.258447628301222587e-01
3.213811914578747486e-01
3.296768648142385238e-01
3.472277220635990869e-01
3.693504532483375402e-01
3.921537206476117809e-01
4.143760299776594880e-01
4.329814443012091063e-01
4.492149182726178913e-01
4.636373854740633016e-01
4.768170178839079010e-01
4.893522300074846787e-01
5.006244043845511360e-01
5.130883235697185629e-01
5.268977117171361746e-01
5.402293184296799167e-01
5.543828632284977243e-01
5.669103626431358789e-01
5.793407283611776704e-01
5.886148965296993385e-01
5.945407982653945211e-01
5.980679405832278750e-01
5.967771474506857743e-01
5.937396884050084589e-01
5.863261072954107922e-01
5.744401211015425224e-01
5.590074652847811798e-01
5.409044132508948888e-01
5.208508672115013116e-01
4.989212831464555631e-01
4.749095412315834097e-01
4.481304467188930163e-01
4.178078693424452927e-01
3.834344485634252342e-01
3.450234178859840073e-01
3.027126144763588877e-01
2.566620548954082204e-01
2.070732311719322705e-01
1.541242402773906894e-01
9.783927100051229009e-02
3.814135611514350016e-02
-2.530299848305799307e-02
-9.293765156606957623e-02
-1.652639250385120329e-01
-2.422471831980988755e-01
-3.235159925564006222e-01
-4.086130853678036079e-01
-4.969569892768155306e-01
-5.880981061674616095e-01
-6.822207959760197005e-01
-7.796723440307546937e-01
-8.807978177204691672e-01
-9.859600279496631980e-01
-1.095458680257352047e+00
-1.209090431561393952e+00
-1.326524513169761832e+00
-1.447439028148276741e+00
-1.571569745988774747e+00
-1.698757784609960630e+00
-1.829214643030383280e+00
-1.963179540814286028e+00
-2.100572314243367433e+00
-2.241212992323529551e+00
-2.384910935015447819e+00
-2.531273134457616258e+00
-2.680221950844235312e+00
-2.831768461947985926e+00
-2.985968104330794848e+00
-3.142796998359454808e+00
-3.302135793566433719e+00
-3.463896720262171769e+00
-3.627903291178624201e+00
-3.794089916020853881e+00
-3.962270005159495234e+00
-4.132283097703769670e+00
-4.303958630401576890e+00
-4.477148219395441942e+00
-4.651747839617125457e+00
-4.827589772650726196e+00
-5.004606397003603213e+00
-5.182644218440824346e+00
-5.361638460305947262e+00
-5.541435628364038912e+00
-5.721904407774790258e+00
-5.902913483697894037e+00
-6.084331541293042100e+00
-6.266005086325300510e+00
-6.447780624559742435e+00
-6.629504661761435713e+00
-6.811090241879314888e+00
-6.992295153099962413e+00
-7.173010259977693259e+00
-7.353059888882955697e+00
-7.532246186791576648e+00
-7.710437838863244409e+00
-7.887459171468412578e+00
-8.063112331582905412e+00
-8.237266004366412986e+00
-8.409767585826594782e+00
-8.580401494757595060e+00
-8.749063937169255567e+00
-8.915562401492927336e+00
-9.079748734949211197e+00
-9.241474784758702654e+00
-9.400570218747372309e+00
-9.556864704741201422e+00
-9.710232269355410395e+00
-9.860502580415968055e+00
-1.000750530574885566e+01
-1.015111447196928829e+01
-1.029115974690324187e+01
-1.042747079837669588e+01
-1.055992165300486541e+01
-1.068836415800834416e+01
-1.081262798121311342e+01
-1.093258714923439001e+01
-1.104809350929276945e+01
-1.115897672921422590e+01
-1.126511189816274161e+01
-1.136635617610270366e+01
-1.146258996494189120e+01
-1.155364930779883892e+01
-1.163945896537055091e+01
-1.171983280138094763e+01
-1.179465121773780112e+01
-1.186381679574350478e+01
-1.192720993730583068e+01
-1.198471104433255618e+01
-1.203622269812607470e+01
-1.208160312119954227e+01
-1.212077707424996653e+01
-1.215362495918513019e+01
-1.218000499851818041e+01
-1.219986413234076039e+01
-1.221303840377139771e+01
-1.221945257350710712e+01
-1.221898704345566244e+01
-1.221152221552483930e+01
-1.219698396256665696e+01
-1.217530260605311732e+01
-1.214640957961123569e+01
-1.211028067565725941e+01
-1.206682514842357534e+01
-1.201601879032643794e+01
-1.195779303499285362e+01
-1.189210149544445017e+01
-1.181889778470286245e+01
-1.173815769518433960e+01
-1.164981266051588982e+01
-1.155386065250838357e+01
-1.145021092539421304e+01
-1.133888363037886826e+01
-1.121981020108935745e+01
-1.109298860933655284e+01
-1.095839464753671066e+01
-1.081607064628993875e+01
-1.066599239801249155e+01
-1.050815787451524308e+01
-1.034256504760906026e+01
-1.016923406849944378e+01
-9.988162908997257006e+00
-9.799371720308000633e+00
-9.602925012426409168e+00
-9.398821610963624451e+00
-9.187085936126488050e+00
-8.967765441316739583e+00
-8.740885400541490213e+00
-8.506515446597097352e+00
-8.264725212279920186e+00
-8.015562150991689450e+00
-7.759095895528765219e+00
-7.495418258082123586e+00
-7.224532333264257922e+00
-6.946574292055388788e+00
-6.661591587857254027e+00
-6.369698212255448411e+00
-6.070963798046329352e+00
-5.765502336815494289e+00
-5.453427820148548655e+00
-5.134787701447222297e+00
-4.809695972297115318e+00
-4.478310983073070517e+00
-4.140724545966063985e+00
-3.797095011350938520e+00
-3.447536370813291118e+00
-3.092184795333344116e+00
-2.731154276496695843e+00
-2.364625344072809110e+00
-1.992686678955681412e+00
-1.615525333824495480e+00
-1.233214333088351378e+00
-8.459154187348305598e-01
-4.537681533568949099e-01
-5.688992015288429904e-02
3.445996797393975908e-01
7.505145069982853689e-01
1.160688383757271902e+00
1.574948478331464674e+00
1.993124620563324623e+00
2.415042648004279702e+00
2.840531059733115704e+00
3.269416580477045642e+00
3.701517506793328582e+00
4.136649917299759949e+00
4.574623236795750003e+00
5.015280159172639252e+00
5.458410147774679366e+00
5.903851460614286673e+00
6.351375817520016120e+00
6.800843655898903606e+00
7.252004516184885397e+00
7.704696656390375153e+00
8.158669616949309145e+00
8.613761655874098366e+00
9.069744492993303098e+00
9.526412027530094306e+00
9.983558158707650065e+00
1.044097678574914312e+01
1.089843962848312664e+01
1.135574058613277515e+01
1.181265137852664360e+01
1.226894372549328871e+01
1.272443370565049747e+01
1.317887085943221237e+01
1.363202690666698125e+01
1.408369574657798040e+01
1.453364909899376300e+01
1.498161432495364132e+01
1.542742968247002899e+01
1.587082253258224540e+01
1.631156459511883838e+01
1.674947194869760381e+01
1.718429413375247350e+01
1.761582504950662553e+01
1.804383641578861486e+01
1.846807777303236620e+01
1.888836519985568430e+01
1.930444823669249743e+01
1.971606108879992902e+01
2.012303187649022007e+01
2.052515120550419425e+01
2.092218750218803081e+01
2.131397573107179255e+01
2.170030649789629251e+01
2.208103694658620242e+01
2.245589114469847658e+01
2.282503674768249269e+01
2.318784295278125640e+01
2.354456613302262369e+01
2.389479727959582078e+01
2.423857097158249374e+01
2.457547820017186524e+01
2.490577533839179480e+01
2.522883158348528809e+01
2.554445972058778480e+01
2.585291612272714445e+01
2.615356998714637271e+01
2.644667768687333265e+01
2.673160841915102637e+01
2.700861855700732761e+01
2.727729909163144129e+01
2.753790639605123758e+01
2.778980966750972570e+01
2.803326527903476162e+01
2.826786422181556802e+01
2.849341928098758103e+01
2.871018682957866375e+01
2.891775785877802107e+01
2.911616694766732394e+01
2.930522688138199072e+01
2.948475044505745757e+01
2.965455042382915707e+01
2.981466139677874949e+01
2.996511794298786668e+01
3.010573284759195545e+01
3.023609710178022425e+01
3.035668887252674963e+01
3.046687735707455147e+01
3.056691892845147507e+01
3.065662637179295658e+01
3.073603426618065626e+01
3.080473360280377548e+01
3.086298075469018443e+01
3.091058850697532634e+01
3.094714785084840969e+01
3.097291515933729045e+01
3.098792501152363243e+01
3.099199019254285759e+01
3.098514759644051253e+01
3.096744337711776396e+01
3.093892600343965071e+01
3.089964394427124006e+01
3.084942387453137513e+01
3.078831426308510189e+01
3.071636357879748758e+01
3.063362029053358526e+01
3.054013286715844089e+01
3.043594977753712527e+01
3.032067590264225743e+01
3.019480329923132089e+01
3.005815864222316947e+01
2.991079040048284554e+01
2.975274704287540928e+01
2.958407703826591373e+01
2.940505064946563252e+01
2.921549455139340523e+01
2.901545721291428492e+01
2.880520889683955588e+01
2.858479807203424272e+01
2.835405141341720991e+01
2.811323918379973463e+01
2.786263164599306208e+01
2.760205547491605316e+01
2.733178093337995662e+01
2.705163469630362982e+01
2.676188702649834639e+01
2.646302998072157209e+01
2.615466843994595081e+01
2.583707266698274196e+01
2.551029113069699861e+01
2.517481588784620783e+01
2.483047361334920566e+01
2.447753457001727284e+01
2.411604722671545176e+01
2.374650364020122240e+01
2.336873048539344211e+01
2.298321981904957312e+01
2.259002011003468624e+01
2.218917982721382742e+01
2.178074743945205682e+01
2.136521500350685088e+01
2.094240919429705627e+01
2.051260027463393953e+01
2.007583671338255371e+01
1.963238877335417598e+01
1.918230492341384519e+01
1.872629901426526189e+01
1.826419772082727988e+01
1.779648566407378141e+01
1.732339592789808691e+01
1.684493236646373049e+01
1.636176421577286888e+01
1.587367353604282627e+01
1.538088597538333602e+01
1.488362718190413503e+01
1.438212280371496377e+01
1.387637669497934745e+01
1.336683629775323823e+01
1.285319495467546602e+01
1.233601100477508439e+01
1.181546573737259109e+01
1.129176262118310525e+01
1.076514948371098690e+01
1.023587415246058896e+01
9.704140096147035877e+00
9.170217321669305477e+00
8.634331477137139998e+00
8.096686031265651451e+00
7.557550990953822989e+00
7.017129824916771064e+00
6.475670360658860147e+00
5.933420425684444055e+00
5.390561309314018779e+00
4.847363018446571914e+00
4.304029021797215471e+00
3.760784967475686358e+00
3.217878682986348604e+00
2.675535816438938674e+00
2.133959836548574351e+00
1.593398570819614113e+00
1.054099846756417991e+00
5.163336712579690291e-01
-1.967430756599408692e-02
-5.536319034218739610e-01
-1.085313468199929243e+00
-1.614448995001174225e+00
-2.140790656321257757e+00
-2.664090624655814921e+00
-3.184101072500487906e+00
-3.700574172350916680e+00
-4.213284276097361669e+00
-4.722005735630083301e+00
-5.226468544050105081e+00
-5.726449271187146195e+00
-6.221704525415772125e+00
-6.712006440686786313e+00
-7.197116061253670871e+00
-7.676800198012522891e+00
-8.150837946179478877e+00
-8.619046892141476235e+00
-9.081263560423886716e+00
-9.537310280739525581e+00
-9.987022690437978412e+00
-1.043025638832399693e+01
-1.086680708883684687e+01
-1.129651486520503845e+01
-1.171921979065708719e+01
-1.213473975902688196e+01
-1.254298138172680055e+01
-1.294376255259073361e+01
-1.333698988303105359e+01
-1.372250344627627427e+01
-1.410018767434415032e+01
-1.446992699925243642e+01
-1.483153931483502141e+01
-1.518493123250428134e+01
-1.552994282548872818e+01
-1.586645852580611837e+01
-1.619434058607958349e+01
-1.651342907953763728e+01
-1.682360843819803264e+01
-1.712476309407852071e+01
-1.741677747919685970e+01
-1.769962474314928969e+01
-1.797321149734818491e+01
-1.823746653260053563e+01
-1.849234081910797300e+01
-1.873771878888824105e+01
-1.897357359153758338e+01
-1.919983401786299382e+01
-1.941638449988223414e+01
-1.962319818719152664e+01
-1.982015951180864377e+01
-2.000721944393519891e+01
-2.018430677437817877e+01
-2.035135029394459494e+01
-2.050827879344143412e+01
-2.065508760185955950e+01
-2.079172768940058447e+01
-2.091817220566076330e+01
-2.103434994144707559e+01
-2.114025622575038810e+01
-2.123586420816693732e+01
-2.132114703829297042e+01
-2.139616658330320575e+01
-2.146091817218849940e+01
-2.151541931333434476e+01
-2.155970969452083352e+01
-2.159380766232175830e+01
-2.161771273666951387e+01
-2.163144745507942091e+01
-2.163501217567219115e+01
-2.162842943596314171e+01
-2.161169959407297725e+01
-2.158484518751701486e+01
-2.154784439502135385e+01
-2.150078629228515581e+01
-2.144375995500763210e+01
-2.137661048554712195e+01
-2.130007016204683623e+01
-2.121376229291890780e+01
-2.111797556841412415e+01
-2.101277688483704509e+01
-2.089845493243845453e+01
-2.077485481357670238e+01
-2.064226521850256546e+01
-2.050075304352061778e+01
-2.035038518493541915e+01
-2.019100674510531945e+01
-2.002312820822731609e+01
-1.984637288271355260e+01
-1.966147304670722562e+01
-1.946805200862047869e+01
-1.926639845870409573e+01
-1.905680108720884292e+01
-1.883932679043930136e+01
-1.861435297622471907e+01
-1.838176910571270284e+01
-1.814186386915402949e+01
-1.789479288043174421e+01
-1.764073393282352953e+01
-1.737986481960705021e+01
-1.711234115466535854e+01
-1.683836291067074598e+01
-1.655808570150626835e+01
-1.627173167923883668e+01
-1.597952299593536196e+01
-1.568165962426814630e+01
-1.537838589569872383e+01
-1.506987960350475930e+01
-1.475640725854241708e+01
-1.443812447469474058e+01
-1.411531994221251374e+01
-1.378817145437341196e+01
-1.345692334263896583e+01
-1.312181993847071659e+01
-1.278308339393556459e+01
-1.244091368170582079e+01
-1.209556512365374559e+01
-1.174724328571605270e+01
-1.139609718605633581e+01
-1.104238673981127761e+01
-1.068628314453909489e+01
-1.032797977719260984e+01
-9.967670014724651750e+00
-9.605569413482673014e+00
-9.241871350419497588e+00
-8.876791381882574328e+00
-8.510500705430116497e+00
-8.143214877409569397e+00
-7.775149454168382768e+00
-7.406475633264765435e+00
-7.037408971046164474e+00
-6.668187203254650974e+00
-6.298981527448432871e+00
-5.930029679369582141e+00
-5.561547215365547636e+00
-5.193727512389155976e+00
-4.826808306182480024e+00
-4.460982973698345511e+00
-4.096467071284204842e+00
-3.733498334682126440e+00
-3.372270140844940034e+00
-3.012998046120094031e+00
-2.655897606855039506e+00
-2.301206558791846657e+00
-1.949096099488721423e+00
-1.599848323476977585e+00
-1.253656607709443760e+00
-9.108030467174333955e-01
-5.714588380591517636e-01
-2.359060762659139499e-01
9.566186170945190081e-02
4.229628813356343664e-01
7.458257850544247614e-01
1.064012837123752941e+00
1.377286301801546653e+00
1.685452802134979278e+00
1.988296781776602185e+00
2.285580504984341843e+00
2.577103940986987141e+00
2.862653751376546207e+00
3.142032123321271353e+00
3.415039026049944137e+00
3.681469992912428157e+00
3.941129429016430041e+00
4.193809984390513002e+00
4.439313624408978143e+00
4.677444644299999510e+00
4.908059686732822335e+00
5.131027704958142976e+00
5.346222088105585080e+00
5.553509571486382690e+00
5.752759108351231276e+00
5.943861831345454760e+00
6.126677821961899362e+00
6.301135917816739429e+00
6.467120597736908394e+00
6.624516340549340576e+00
6.773274163264829006e+00
6.913234185921064423e+00
7.044325246134223839e+00
7.166476181520479827e+00
7.279615829696008511e+00
7.383628669487742435e+00
7.478465717906477295e+00
7.564055812568388326e+00
7.640327791089649878e+00
7.707188311691814953e+00
7.764632750174924603e+00
7.812567764760530942e+00
7.850988731248671471e+00
7.879868846044765895e+00
7.899159126159608135e+00
7.908810588603996550e+00
7.908774250388723281e+00
7.899067666708454283e+00
7.879641854573979920e+00
7.850447830996098553e+00
7.811458792380227223e+00
7.762670114526405207e+00
7.704032814445427313e+00
7.635542267937334593e+00
7.557171671407541425e+00
7.468960759445329778e+00
7.370904907850736265e+00
7.263021671818425062e+00
7.145306427148431894e+00
7.017798908430036953e+00
6.880472312068659946e+00
6.733388552048201525e+00
6.576587362957940996e+00
6.410108479387161218e+00
6.233991635925141495e+00
6.048254387766545115e+00
5.852980828289893189e+00
5.648188512689846341e+00
5.433961534344923017e+00
5.210382609257495190e+00
4.977551123319914339e+00
4.735498546864517877e+00
4.484322888407499264e+00
4.224099977070436829e+00
3.954927821369529362e+00
3.676860071031730737e+00
3.390016913967858425e+00
3.094518538088734338e+00
2.790440772515932810e+00
2.477881625765650853e+00
2.156939106354086810e+00
1.827733402192060153e+00
1.490406880585010807e+00
1.145101908838378479e+00
7.920052130468442364e-01
4.312369811212299897e-01
6.298393915621321171e-02
-3.126115455427611045e-01
-6.953849262756340854e-01
-1.085193835736966816e+00
-1.481851547832074845e+00
-1.885193515860898117e+00
-2.295077372517995595e+00
-2.711338571103308670e+00
-3.133790385522150057e+00
-3.562290448469086712e+00
-3.996652033849428687e+00
-4.436644056779257106e+00
-4.882079791163887350e+00
-5.332772510908636576e+00
-5.788491131129582357e+00
-6.249071105126661863e+00
-6.714281348015946449e+00
-7.183899646671365602e+00
-7.657710441785225974e+00
-8.135484866413069227e+00
-8.616994053610428139e+00
-9.102015790251227756e+00
-9.590321652978900602e+00
-1.008168144408530154e+01
-1.057584544799502702e+01
-1.107256217478110116e+01
-1.157157614222551167e+01
-1.207263630398918153e+01
-1.257549161373302304e+01
-1.307986662778387021e+01
-1.358554800477349467e+01
-1.409221594223948770e+01
-1.459963935529792245e+01
-1.510753634776310683e+01
-1.561571011037238677e+01
-1.612400174013979992e+01
-1.663223015468479460e+01
-1.714021427162678890e+01
-1.764772864979598310e+01
-1.815463656560104866e+01
-1.866069039847755207e+01
-1.916573124543955231e+01
-1.966955584471186214e+01
-2.017196093451929073e+01
-2.067276543248125975e+01
-2.117174389742798013e+01
-2.166869306758423974e+01
-2.216343186056949577e+01
-2.265575701460854319e+01
-2.314544308853157872e+01
-2.363228682056341157e+01
-2.411610712832348113e+01
-2.459667857064196639e+01
-2.507379788574368007e+01
-2.554728399124806870e+01
-2.601688926659068102e+01
-2.648245480878558666e+01
-2.694373299726835214e+01
-2.740052057026377952e+01
-2.785263644539131533e+01
-2.829981082269189585e+01
-2.874184044039034092e+01
-2.917852203671145617e+01
-2.960958581169618853e+01
-3.003485068296398097e+01
-3.045406902995039289e+01
-3.086708194966947616e+01
-3.127368618034604708e+01
-3.167356756323181344e+01
-3.206678898928704058e+01
-3.245314719673653059e+01
-3.283221712985889695e+01
-3.320379552687894886e+01
-3.356790091996769831e+01
-3.392433004734996160e+01
-3.427287964725055502e+01
-3.461312466394808496e+01
-3.494508362961354919e+01
-3.526833148852558253e+01
-3.558288677285516854e+01
-3.588832442688094204e+01
-3.618466298277390081e+01
-3.647169917875887535e+01
-3.674924358972508287e+01
-3.701716213721937976e+01
-3.727555637339926875e+01
-3.752386246858358021e+01
-3.776240376887604100e+01
-3.799083823854170561e+01
-3.820926742973806256e+01
-3.841779289462259328e+01
-3.861585080351415655e+01
-3.880376450251645082e+01
-3.898141374984075469e+01
-3.914845650975214397e+01
-3.930499433440808588e+01
-3.945090698201986612e+01
-3.958629600474497323e+01
-3.971104116079469293e+01
-3.982480041443406549e+01
-3.992767531782061496e+01
-4.001954562916559155e+01
-4.010073469457270079e+01
-4.017090047830701138e+01
-4.023014453252601186e+01
-4.027856840938719074e+01
-4.031605186710181243e+01
-4.034247466388115555e+01
-4.035816014582895406e+01
-4.036276627721023402e+01
-4.035661640412871520e+01
-4.033914669690323507e+01
-4.031090229558373039e+01
-4.027176295838144426e+01
-4.022138664956147380e+01
-4.016009671522750324e+01
-4.008755111964459417e+01
-4.000429500286267626e+01
-3.990998632914679689e+01
-3.980472665065444460e+01
-3.968861751954311501e+01
-3.956153869402407963e+01
-3.942336993230863840e+01
-3.927465637444666413e+01
-3.911527777864946387e+01
-3.894511390312830201e+01
-3.876426630004065998e+01
-3.857283652154404763e+01
-3.837114791374214917e+01
-3.815885844090003332e+01
-3.793629144912139850e+01
-3.770354849056374036e+01
-3.746073111738453321e+01
-3.720771585307979024e+01
-3.694458807623059471e+01
-3.667187351859518429e+01
-3.638921073614692858e+01
-3.609690366669785533e+01
-3.579503445411378237e+01
-3.548368524226052756e+01
-3.516338176289629303e+01
-3.483376257199449100e+01
-3.449513160736712791e+01
-3.414757101288002161e+01
-3.379116293239898994e+01
-3.342621130373602512e+01
-3.305235468286453226e+01
-3.267011880154275616e+01
-3.227936400969026920e+01
-3.188017245117289633e+01
-3.147262626985644118e+01
-3.105725119749913787e+01
-3.063412937796679714e+01
-3.020334295512523326e+01
-2.976497407284023566e+01
-2.931954846287006688e+01
-2.886714826908051634e+01
-2.840785563533739122e+01
-2.794219629339893629e+01
-2.747003059318474882e+01
-2.699188426645305228e+01
-2.650761766312345458e+01
-2.601797830890038554e+01
-2.552282655370346021e+01
-2.502246633534469211e+01
-2.451675800374367498e+01
-2.400622729065865002e+01
-2.349073454600920741e+01
-2.297036191366116498e+01
-2.244563512537274264e+01
-2.191619273711733484e+01
-2.138278227459938918e+01
-2.084526408773849937e+01
-2.030460749618531935e+01
-1.976067284985945349e+01
-1.921398588051912881e+01
-1.866485052597636596e+01
-1.811379251798940615e+01
-1.756067220647783955e+01
-1.700601532319990383e+01
-1.644990401202140617e+01
-1.589264221075436545e+01
-1.533409026931838248e+01
-1.477497804963907768e+01
-1.421507758274191424e+01
-1.365458682376596045e+01
-1.309392552179649449e+01
-1.253284804408015063e+01
-1.197199593364843118e+01
-1.141090176380175691e+01
-1.085042887151782587e+01
-1.029033162404329005e+01
-9.730807976517205304e+00
-9.172322036814094304e+00
-8.615049580678407537e+00
-8.059255101433066670e+00
-7.505180913006382681e+00
-6.953069329326659442e+00
-6.403162664322207931e+00
-5.855592334948228839e+00
-5.310401040581441023e+00
-4.767698018782427383e+00
-4.227592507111761044e+00
-3.690171563735408000e+00
-3.155500067424701349e+00
-2.623709435134852441e+00
-2.095086339583400736e+00
-1.569961812277143043e+00
-1.048666884722871506e+00
-5.315325884273798263e-01
-1.884559610821785747e-02
4.890408813332025595e-01
9.918401711793266573e-01
1.489465215264201614e+00
1.981784596632619744e+00
2.468755615907864964e+00
2.950291214923978611e+00
3.426282156120380673e+00
3.896685740120358066e+00
4.361348370574077649e+00
4.820072092342482684e+00
5.272548053313399485e+00
5.718533939558518853e+00
6.157720898965671097e+00
6.589866617606547905e+00
7.014684422763596494e+00
7.431909821113889869e+00
7.841411395702230003e+00
8.242997845207929331e+00
8.636553278252026900e+00
9.021919662605776935e+00
9.398954048028768327e+00
9.767508604813786022e+00
1.012745567163532634e+01
1.047873406588223411e+01
1.082129833744614977e+01
1.115510303621870669e+01
1.148010271209154887e+01
1.179626300465362121e+01
1.210353624585710897e+01
1.240185258825956360e+01
1.269107564623467788e+01
1.297106903415614276e+01
1.324167418700303323e+01
1.350273253975442067e+01
1.375410770678399253e+01
1.399561894367620418e+01
1.422717422359398931e+01
1.444877023727876875e+01
1.466051457244506295e+01
1.486240391983429809e+01
1.505454586716099641e+01
1.523695928456119653e+01
1.540972958035481177e+01
1.557289780407249502e+01
1.572639410827180662e+01
1.587019300429954605e+01
1.600420246531864521e+01
1.612839700267590359e+01
1.624266241013963352e+01
1.634699537845126116e+01
1.644130388077371663e+01
1.652556242845379586e+01
1.659972335344367877e+01
1.666376116709016486e+01
1.671760602195081447e+01
1.676125460876703954e+01
1.679463708009639333e+01
1.681775012668030911e+01
1.683065697744406108e+01
1.683344304070755726e+01
1.682623808357993411e+01
1.680908315559187116e+01
1.678210802385250489e+01
1.674537591728712016e+01
1.669899442361024100e+01
1.664302677174715228e+01
1.657751401122851576e+01
1.650256372976886254e+01
1.641821697689884729e+01
1.632453698154375488e+01
1.622160915202349329e+01
1.610947453786872074e+01
1.598821466358455723e+01
1.585789551841696898e+01
1.571853484900789333e+01
1.557021694018312274e+01
1.541298171797923189e+01
1.524686910843276344e+01
1.507194121697490630e+01
1.488830450782608139e+01
1.469604326581208831e+01
1.449526395515334265e+01
1.428607304007027778e+01
1.406857698478330576e+01
1.384288225351284929e+01
1.360907313108471683e+01
1.336727826111394357e+01
1.311762628721557888e+01
1.286020149421541525e+01
1.259517688451774475e+01
1.232263674294836520e+01
1.204270971312231886e+01
1.175552443865465690e+01
1.146127610134427321e+01
1.116011552420083852e+01
1.085223788902326447e+01
1.053781619821582716e+01
1.021706781297205779e+01
9.890143556301623562e+00
9.557238610003430779e+00
9.218525976481759088e+00
8.874156478746275667e+00
8.524303119201270817e+00
8.169116720856401059e+00
7.808792465510579817e+00
7.443458996778847592e+00
7.073311496460108039e+00
6.698522966958651459e+00
6.319310769468005518e+00
5.935847906392449858e+00
5.548351738925516585e+00
5.157017448866110243e+00
4.762018038618520244e+00
4.363570869376272476e+00
3.961893302332893718e+00
3.557224878076531205e+00
3.149760778406097472e+00
2.739740543909737536e+00
2.327403715175599075e+00
1.912967653397211754e+00
1.496627540373484555e+00
1.078667275481806298e+00
6.592422556615059603e-01
2.385261735705812014e-01
-1.833914217817994297e-01
-6.063544432025889108e-01
-1.030251162287997513e+00
-1.454947671239606777e+00
-1.880310062259000325e+00
-2.306137889363893301e+00
-2.732252885966629741e+00
-3.158498964874168369e+00
-3.584720038893474126e+00
-4.010715662042263929e+00
-4.436307567732876933e+00
-4.861384027561518550e+00
-5.285788954335152390e+00
-5.709366260860736730e+00
-6.131959859945236957e+00
-6.553435843790229143e+00
-6.973638125202678673e+00
-7.392432796384171390e+00
-7.809641590747042450e+00
-8.225086241703637668e+00
-8.638632841455530453e+00
-9.050103123415070172e+00
-9.459296641599973299e+00
-9.866101667606443471e+00
-1.027029557605757581e+01
-1.067176663854958107e+01
-1.107032771673694427e+01
-1.146583159518447737e+01
-1.185812218669914486e+01
-1.224704118614844184e+01
-1.263243028839987048e+01
-1.301413806393326489e+01
-1.339202106781051249e+01
-1.376593940379665604e+01
-1.413575672435986874e+01
-1.450133468582280649e+01
-1.486253494450813051e+01
-1.521920141322279818e+01
-1.557122679944194132e+01
-1.591841065718327819e+01
-1.626059689925376617e+01
-1.659758507967113772e+01
-1.692924129063695915e+01
-1.725536508616895759e+01
-1.757580037907409576e+01
-1.789036890276471325e+01
-1.819884803186390343e+01
-1.850108167917863256e+01
-1.879688258013599622e+01
-1.908611619580061003e+01
-1.936866116864645804e+01
-1.964441832054216874e+01
-1.991328847335634222e+01
-2.017523898714145858e+01
-2.043028158073924061e+01
-2.067845015238602002e+01
-2.091971206213428403e+01
-2.115407902882574476e+01
-2.138154059190750900e+01
-2.160213064961590135e+01
-2.181581656200341612e+01
-2.202252133033327652e+01
-2.222223449405257867e+01
-2.241492341321380977e+01
-2.260055544786943926e+01
-2.277907577867732769e+01
-2.295045176568994805e+01
-2.311456205138129150e+01
-2.327130745761996877e+01
-2.342058880627460482e+01
-2.356226256042455347e+01
-2.369625172133306634e+01
-2.382241275207950082e+01
-2.394066865392710142e+01
-2.405114204269068523e+01
-2.415391117539584087e+01
-2.424909866785738899e+01
-2.433682713589015023e+01
-2.441724137470358968e+01
-2.449041964132326754e+01
-2.455648455156402576e+01
-2.461535910668908755e+01
-2.466694412856707430e+01
-2.471116261846121986e+01
-2.474791539824013142e+01
-2.477712546916704284e+01
-2.479871583250519151e+01
-2.481258731012319529e+01
-2.481881815904662858e+01
-2.481748663630108709e+01
-2.480860446072827585e+01
-2.479244950390537738e+01
-2.476890040830637219e+01
-2.473827940429768901e+01
-2.470046513435331548e+01
-2.465555803489345621e+01
-2.460343674839210593e+01
-2.454464529916187487e+01
-2.447905863305093987e+01
-2.440653690940406051e+01
-2.432715838488639548e+01
-2.424100131616309994e+01
-2.414836575384552475e+01
-2.404910816065261514e+01
-2.394308499930330569e+01
-2.383081811435516784e+01
-2.371194217458093689e+01
-2.358653543664576091e+01
-2.345511974510720776e+01
-2.331710797479179220e+01
-2.317324376420330267e+01
-2.302316178211446740e+01
-2.286694028519043442e+01
-2.270510111798877162e+01
-2.253727894928222142e+01
-2.236377382968213112e+01
-2.218466401585365588e+01
-2.200002776446194375e+01
-2.180994333217214987e+01
-2.161471076959562865e+01
-2.141418653945132178e+01
-2.120867069235059432e+01
-2.099824148495859433e+01
-2.078275537999425637e+01
-2.056273422201515899e+01
-2.033825626768645378e+01
-2.010917797972707177e+01
-1.987602120269459505e+01
-1.963842060536173761e+01
-1.939689803228609222e+01
-1.915153174013278914e+01
-1.890239998556699774e+01
-1.864980281920006178e+01
-1.839337490980472012e+01
-1.813385989588475056e+01
-1.787111424015910188e+01
-1.760521619929290793e+01
-1.733646582389754442e+01
-1.706516316458437288e+01
-1.679116468407232432e+01
-1.651499222691897728e+01
-1.623650225584326634e+01
-1.595621661540276648e+01
-1.567399176831642116e+01
-1.539012776519559011e+01
-1.510492465665162953e+01
-1.481846069934969812e+01
-1.453103594390114495e+01
-1.424249088030412658e+01
-1.395326748951222129e+01
-1.366312639791958006e+01
-1.337244925496975689e+01
-1.308126283979235360e+01
-1.278963829030622357e+01
-1.249769110321945575e+01
-1.220553677524014624e+01
-1.191326862368176087e+01
-1.162100214525239927e+01
-1.132885283666014864e+01
-1.103689183582386057e+01
-1.074530117763548986e+01
-1.045412982061926499e+01
-1.016351544087790160e+01
-9.873595714514115329e+00
-9.584441779446750687e+00
-9.296169132383903744e+00
-9.008937628822907939e+00
-8.722796227287995308e+00
-8.437904783276492182e+00
-8.154356614101880396e+00
-7.872267216472242701e+00
-7.591752087095677837e+00
-7.312926722680279212e+00
-7.035950978723371385e+00
-6.760940351933060199e+00
-6.488054697806671989e+00
-6.217387333657681481e+00
-5.949098114983421226e+00
-5.683324717886606869e+00
-5.420160459680706033e+00
-5.159743016468437027e+00
-4.902187884957888819e+00
-4.647610561857157485e+00
-4.396104364479708870e+00
-4.147829148322879966e+00
-3.902878230700145945e+00
-3.661367108319592667e+00
-3.423433457283938441e+00
-3.189214953695895360e+00
-2.958827094263554169e+00
-2.732385375695010055e+00
-2.510027474092974664e+00
-2.291868886165541408e+00
-2.078047288015423266e+00
-1.868655996956090970e+00
-1.663810509695639928e+00
-1.463648502336779567e+00
-1.268263292192982172e+00
-1.077758574515158108e+00
-8.922130181201002319e-01
-7.116491315781778848e-01
-5.361116028543775336e-01
-3.656451199136915853e-01
-2.003165501157280204e-01
-4.012622263623544239e-02
1.148368157705541709e-01
2.645500565342751020e-01
4.089909910845589414e-01
5.481149314564128794e-01
6.819215484740939193e-01
8.103661541726128181e-01
9.334040605869758922e-01
1.051034938541441921e+00
1.163214100071020107e+00
1.269941215999961015e+00
1.371171598363276400e+00
1.466904917985220935e+00
1.557118666295426390e+00
1.641768155328901191e+00
1.720875235304524242e+00
1.794395218257301083e+00
1.862316685314177267e+00
1.924650396996716362e+00
1.981384934431859035e+00
2.032522186383323604e+00
2.078052951917511937e+00
2.117976901858678485e+00
2.152289271152152406e+00
2.180994166501109888e+00
2.204102348427116720e+00
2.221615483899939569e+00
2.233543002677466749e+00
2.239889898638659727e+00
2.240663383601942726e+00
2.235873996294934329e+00
2.225548022815431626e+00
2.209709531321771614e+00
2.188389243790677785e+00
2.161615664259410430e+00
2.129415078825767527e+00
2.091820427405934879e+00
2.048857996097710465e+00
2.000569596575128450e+00
1.946999258451683978e+00
1.888188793401410104e+00
1.824186666916727040e+00
1.755010293337585070e+00
1.680748061066721588e+00
1.601396316237833517e+00
1.517049003195499290e+00
1.427708024015253763e+00
1.333441818956497382e+00
1.234274469489388126e+00
1.130274415873325333e+00
1.021487918973086773e+00
9.079390602588323089e-01
7.897184593845819611e-01
6.668501978204922631e-01
5.394470746152060237e-01
4.075553506335030662e-01
2.712212867401611605e-01
1.305133231945787287e-01
-1.447792034922039048e-02
-1.637061830264588125e-01
-3.170808451831166330e-01
-4.745334665597915613e-01
-6.360177862917060221e-01
-8.013988259355964150e-01
-9.706746834159266646e-01
-1.143710380289434614e+00
-1.320415296902097024e+00
-1.500720992994514003e+00
-1.684470310728802822e+00
-1.871594809845561702e+00
-2.062003870690770402e+00
-2.255540335426545973e+00
-2.452135763793483303e+00
-2.651677356742945690e+00
-2.854074494620908897e+00
-3.059170019589488199e+00
-3.266917670783907823e+00
-3.477160290366279494e+00
-3.689829438077206092e+00
-3.904790135473422463e+00
-4.121929583506287464e+00
-4.341112803732534609e+00
-4.562226997103526749e+00
-4.785137185175996954e+00
-5.009708389506680959e+00
-5.235805631652318937e+00
-5.463316112564264415e+00
-5.692127033193877139e+00
-5.922063492187576550e+00
-6.153006036678332791e+00
-6.384817470283418395e+00
-6.617362814559573536e+00
-6.850507091063532172e+00
-7.084106449594184340e+00
-7.318022014682878051e+00
-7.552161425064372047e+00
-7.786446165963732291e+00
-8.020802158484944044e+00
-8.255146451974153976e+00
-8.489404967535351787e+00
-8.723500742951225462e+00
-8.957355219088052323e+00
-9.190891345010946623e+00
-9.424030916456496598e+00
-9.656698346329863014e+00
-9.888815563443992929e+00
-1.012030627096342883e+01
-1.035108751823430140e+01
-1.058107635460276086e+01
-1.081017873971763521e+01
-1.103830950498560348e+01
-1.126537682799496132e+01
-1.149128888633400081e+01
-1.171596716522779147e+01
-1.193929766286999694e+01
-1.216122847975923804e+01
-1.238161899881563777e+01
-1.260041732053780628e+01
-1.281750500724049857e+01
-1.303280798002769814e+01
-1.324622998060877599e+01
-1.345765257129848003e+01
-1.366702385259542396e+01
-1.387422538681435391e+01
-1.407918309505926047e+01
-1.428177853964489330e+01
-1.448193764167524122e+01
-1.467954196346505391e+01
-1.487451742611832195e+01
-1.506676777134441458e+01
-1.525619674085269395e+01
-1.544268589695792038e+01
-1.562613898136945423e+01
-1.580648191519129142e+01
-1.598359626073817452e+01
-1.615740793911409767e+01
-1.632777633323918920e+01
-1.649467172300667883e+01
-1.665795349133669490e+01
-1.681754755933322798e+01
-1.697335766870564200e+01
-1.712528756116331863e+01
-1.727326315781023780e+01
-1.741716602096114741e+01
-1.755695444009116102e+01
-1.769253874300288132e+01
-1.782395034344850515e+01
-1.795110975820713861e+01
-1.807402622163636963e+01
-1.819264242990990610e+01
-1.830694543799071283e+01
-1.841692230084175819e+01
-1.852253789403138384e+01
-1.862373491373330481e+01
-1.872054477369972503e+01
-1.881291017010436306e+01
-1.890079597851557125e+01
-1.898423361268554643e+01
-1.906314358939338049e+01
-1.913755732239128804e+01
-1.920746186664223742e+01
-1.927282209771454902e+01
-1.933362507057120183e+01
-1.938988001956977669e+01
-1.944155182027860818e+01
-1.948864970705529132e+01
-1.953116073486277671e+01
-1.956907195866402915e+01
-1.960237043342202057e+01
-1.963106539349431756e+01
-1.965516607323851872e+01
-1.967463734822296217e+01
-1.968948845280522519e+01
-1.969975080073751528e+01
-1.970541144698280078e+01
-1.970647962589865898e+01
-1.970296457184266714e+01
-1.969485333977780783e+01
-1.968215516406164056e+01
-1.966492363784100661e+01
-1.964314581607886012e+01
-1.961685311252741926e+01
-1.958603258214963105e+01
-1.955073781809232614e+01
-1.951097805471309243e+01
-1.946674034697488764e+01
-1.941810046741916196e+01
-1.936504547100886953e+01
-1.930760677149623206e+01
-1.924581578263343573e+01
-1.917970391817269515e+01
-1.910928041247159115e+01
-1.903457667928233477e+01
-1.895569067054098511e+01
-1.887265116752190508e+01
-1.878547642158806852e+01
-1.869422641041384381e+01
-1.859893893227897976e+01
-1.849962960606860918e+01
-1.839635840945710044e+01
-1.828916314072419880e+01
-1.817805941875503351e+01
-1.806312940061859607e+01
-1.794436652580539970e+01
-1.782183077198980570e+01
-1.769558211684618243e+01
-1.756563617925966270e+01
-1.743207511629924511e+01
-1.729495890563928739e+01
-1.715432534555954192e+01
-1.701023441373438772e+01
-1.686274608783818607e+01
-1.671192034554530537e+01
-1.655783934392474421e+01
-1.640056306065086744e+01
-1.624015147339805054e+01
-1.607668673923527436e+01
-1.591025101523154639e+01
-1.574090427906122613e+01
-1.556870650839868198e+01
-1.539376203970753210e+01
-1.521613085066214488e+01
-1.503589509833151183e+01
-1.485309258099538354e+01
-1.466784981451199066e+01
-1.448020459716108554e+01
-1.429023908601165260e+01
-1.409805761752731357e+01
-1.390376452817167774e+01
-1.370748633380297754e+01
-1.350928301209558491e+01
-1.330930325830235539e+01
-1.310762922949227871e+01
-1.290436526212896240e+01
-1.269963787207064776e+01
-1.249350703699170317e+01
-1.228609927275036284e+01
-1.207749673641562005e+01
-1.186782594384570366e+01
-1.165714687271498207e+01
-1.144560821827632324e+01
-1.123326995820408669e+01
-1.102030296714574398e+01
-1.080681158156492039e+01
-1.059291075815725414e+01
-1.037862485817879765e+01
-1.016405540130150875e+01
-9.949237369013461674e+00
-9.734205742802751971e+00
-9.519017683552078779e+00
-9.303752531538782122e+00
-9.088423088856320220e+00
-8.873108695782020661e+00
-8.657866513198589686e+00
-8.442731522594119298e+00
-8.227805243640553101e+00
-8.013100478431358198e+00
-7.798763105427730657e+00
-7.584805926723133140e+00
-7.371330461989510141e+00
-7.158393872109575895e+00
-6.946097676755280226e+00
-6.734454678020084017e+00
-6.523588574970557552e+00
-6.313556528489415953e+00
-6.104393520064735235e+00
-5.896201069368473213e+00
-5.689014157888713896e+00
-5.482934305297405331e+00
-5.278040851871875105e+00
-5.074368779100212556e+00
-4.871997427259746161e+00
-4.671050495417046200e+00
-4.471540785665575335e+00
-4.273591997071906512e+00
-4.077239111124127291e+00
-3.882583647494183499e+00
-3.689682767064788038e+00
-3.498637989507888069e+00
-3.309506475706189832e+00
-3.122389745331645372e+00
-2.937322779872334255e+00
-2.754429278394840530e+00
-2.573744222387237546e+00
-2.395369131521482231e+00
-2.219361166680276831e+00
-2.045799668140956484e+00
-1.874786155575465241e+00
-1.706355610471894657e+00
-1.540587373107566771e+00
-1.377605142549061190e+00
-1.217421720889834136e+00
-1.060182986591082122e+00
-9.059239211408889325e-01
-7.547373126497970430e-01
-6.066588435880752028e-01
-4.617154648645839243e-01
-3.199341273881819991e-01
-1.813196026731111188e-01
-4.587666223360671591e-02
8.634556362684647768e-02
2.153423033940130016e-01
3.411087855536502067e-01
4.635958798022815630e-01
5.828209940202857542e-01
6.987349979041844739e-01
8.113331199397360027e-01
9.206105886127021742e-01
1.026562632408845488e+00
1.129117941630062738e+00
1.228316103551357896e+00
1.324107987869248770e+00
1.416488823069498304e+00
1.505476017032485903e+00
1.591020439454732704e+00
1.673139498216621890e+00
1.751806242409291059e+00
1.827015900518502045e+00
1.898741521635395113e+00
1.967022693034975012e+00
2.031810284413758882e+00
2.093121703652129018e+00
2.150956615114772319e+00
2.205299157590138392e+00
2.256151213382374454e+00
2.303512446856165852e+00
2.347391394134048070e+00
2.387787719580704238e+00
2.424705523439745214e+00
2.458153341833706040e+00
2.488128621187807976e+00
2.514642115564048375e+00
2.537700143145498188e+00
2.557315010551778123e+00
2.573498580814612247e+00
2.586262273377839094e+00
2.595614846157936917e+00
2.601570158332148441e+00
2.604141181901932001e+00
2.603345324747670109e+00
2.599211084447055953e+00
2.591758086819933471e+00
2.581010393565072558e+00
2.566989848441778577e+00
2.549716602179452174e+00
2.529210687206256303e+00
2.505486007041523244e+00
2.478569772841357821e+00
2.448480324004015607e+00
2.415238217867215820e+00
2.378864011768677678e+00
2.339373827167193998e+00
2.296821490492416018e+00
2.251192072050668624e+00
2.202559359726760313e+00
2.150952782616258663e+00
2.096423949209352156e+00
2.038980109206984803e+00
1.978695050493968877e+00
1.915576022771248832e+00
1.849674634529011596e+00
1.781042494257447206e+00
1.709731210446743255e+00
1.635748032797845086e+00
1.559166749195562973e+00
1.480038968130084509e+00
1.398371939302355926e+00
1.314239450597185721e+00
1.227693110504763041e+00
1.138784527515275924e+00
1.047587489513533976e+00
9.541314255951029999e-01
8.585123030394150589e-01
7.607373715474151643e-01
6.608804190039127002e-01
5.590152332937176061e-01
4.551934229070175308e-01
3.494887757286223029e-01
2.419529002487203206e-01
1.326374049574990388e-01
2.161607773976835165e-02
-9.103729351966237393e-02
-2.052489209359837086e-01
-3.209228372297657228e-01
-4.380296133054414898e-01
-5.564511024889564617e-01
-6.761356962901248213e-01
-7.969874274295172256e-01
-9.189325080223222919e-01
-1.041897150183729970e+00
-1.165807566028932873e+00
-1.290567788278498940e+00
-1.416104029047618784e+00
-1.542342500451485021e+00
-1.669196384787513976e+00
-1.796637642055147976e+00
-1.924603023041432159e+00
-2.053095816717279920e+00
-2.182052773869736839e+00
-2.311455004075092301e+00
-2.441239258120393885e+00
-2.571386645581932751e+00
-2.701833917246755146e+00
-2.832584362085771357e+00
-2.963530372096788490e+00
-3.094675236250715500e+00
-3.225955705334599521e+00
-3.357330709530110369e+00
-3.488736999624293844e+00
-3.620155685193442885e+00
-3.751523517024601517e+00
-3.882821604694059126e+00
-4.013964519594243718e+00
-4.144911191906825110e+00
-4.275633859450241658e+00
-4.406075926829928768e+00
-4.536180798651317403e+00
-4.665887443640921006e+00
-4.795141484343633742e+00
-4.923879671546502301e+00
-5.052049845733884936e+00
-5.179586539753366914e+00
-5.306437594089305598e+00
-5.432546413347135505e+00
-5.557858620071753464e+00
-5.682319836808052749e+00
-5.805877904040393389e+00
-5.928476226374206348e+00
-6.050060426354390231e+00
-6.170580562404765601e+00
-6.289973385312376486e+00
-6.408181190712928021e+00
-6.525146939623961195e+00
-6.640810931535660266e+00
-6.755115240289786271e+00
-6.867998169231006145e+00
-6.979405340904218491e+00
-7.089273506096469113e+00
-7.197543851473728438e+00
-7.304155345762506357e+00
-7.409049175628775963e+00
-7.512164309799047146e+00
-7.613439716999827134e+00
-7.712816583897088130e+00
-7.810245586623817182e+00
-7.905706487423212359e+00
-7.999184102126563722e+00
-8.090665464504622761e+00
-8.180146480085989324e+00
-8.267600875004639249e+00
-8.353002375394554591e+00
-8.436375719997343481e+00
-8.517656929976123337e+00
-8.596870744072509396e+00
-8.673953183449615523e+00
-8.748928986849055178e+00
-8.821756354828570679e+00
-8.892415667340525687e+00
-8.960909483731908765e+00
-9.027240363349704921e+00
-9.091366506751656473e+00
-9.153290473284750206e+00
-9.213014822295978234e+00
-9.270497754343073993e+00
-9.325786187562274065e+00
-9.378816143116699422e+00
-9.429612359747958195e+00
-9.478133038013787370e+00
-9.524402916655802187e+00
-9.568402375626366307e+00
-9.610111794877841618e+00
-9.649511554362597110e+00
-9.686648572216856934e+00
-9.721458869603747388e+00
-9.753989364659497951e+00
-9.784198257941849164e+00
-9.812110288192409158e+00
-9.837705835363541595e+00
-9.861009638196859939e+00
-9.881979897250099398e+00
-9.900663530659494782e+00
-9.917018738982788406e+00
-9.931070260961588403e+00
-9.942842835337501128e+00
-9.952294662668268899e+00
-9.959450481695501622e+00
-9.964335031160807432e+00
-9.966928691016548214e+00
-9.967234020609712530e+00
-9.965297938076526307e+00
-9.961100823369354984e+00
-9.954645235835190675e+00
-9.945955914215632632e+00
-9.935035417857672968e+00
-9.921907650123010569e+00
-9.906593172853709106e+00
-9.889089533117306985e+00
-9.869394277981346164e+00
-9.847549313302602414e+00
-9.823574365543237263e+00
-9.797444802376165995e+00
-9.769202529658166156e+00
-9.738867273851404605e+00
-9.706458761418032211e+00
-9.671996718820214056e+00
-9.635478693125484995e+00
-9.596968769585247472e+00
-9.556464495267038117e+00
-9.513963417238393561e+00
-9.469529620750719801e+00
-9.423182832266171260e+00
-9.374920598852288123e+00
-9.324784826365849710e+00
-9.272795241269017552e+00
-9.218993749418569195e+00
-9.163400077276662614e+00
-9.106078310094703809e+00
-9.047025994940225857e+00
-8.986307217064632979e+00
-8.923963882324704500e+00
-8.860015717182598394e+00
-8.794504627495097537e+00
-8.727472519118981253e+00
-8.658939118516407518e+00
-8.588968510938778778e+00
-8.517602602242874354e+00
-8.444838939496229102e+00
-8.370763787344873919e+00
-8.295396872250961451e+00
-8.218780100071272798e+00
-8.140999735451833530e+00
-8.062075504854798069e+00
-7.982049314136950180e+00
-7.900985248549688755e+00
-7.818925213949795783e+00
-7.735911116194054138e+00
-7.652029219928480508e+00
-7.567277072220617740e+00
-7.481740937716483408e+00
-7.395462722272863942e+00
-7.308506511141156459e+00
-7.220892030783519822e+00
-7.132727725240600947e+00
-7.044033320974558698e+00
-6.954888188918797454e+00
-6.865299766367034984e+00
-6.775335135084233684e+00
-6.684994838651492799e+00
-6.594301600044534695e+00
-6.503300321633699532e+00
-6.411969367605466097e+00
-6.320375819724800337e+00
-6.228520221572799720e+00
-6.136425296125184836e+00
-6.044135945752302064e+00
-5.951674893429866664e+00
-5.859064862133602780e+00
-5.766306395444611432e+00
-5.673488754522473698e+00
-5.580612482948291486e+00
-5.487700303697784499e+00
-5.394819298535919572e+00
-5.301947831649170162e+00
-5.209175164197126229e+00
-5.116501839760886128e+00
-5.023972760710786467e+00
-4.931655008811797636e+00
-4.839526948250395755e+00
-4.747677840186164566e+00
-4.656108228200205978e+00
-4.564863014662861040e+00
-4.473987101944469025e+00
-4.383525392415378974e+00
-4.293478429656683026e+00
-4.203913295433349795e+00
-4.114852712721098094e+00
-4.026341583890271636e+00
-3.938402631916589236e+00
-3.851102938565018619e+00
-3.764487406205895503e+00
-3.678578757814946698e+00
-3.593466254551754613e+00
-3.509150439997419380e+00
-3.425698395916900285e+00
-3.343132845285925914e+00
-3.261543049264075567e+00
-3.180907372037828917e+00
-3.101292895372149250e+00
-3.022744521637380721e+00
-2.945307153203863493e+00
-2.868981333652698584e+00
-2.793878503538089753e+00
-2.719977027046517559e+00
-2.647366165337566635e+00
-2.576062830780830648e+00
-2.506105052110640941e+00
-2.437480688665960571e+00
-2.370199779180369948e+00
-2.304294541782076600e+00
-2.239730656415421794e+00
-2.176562520603228634e+00
-2.114777993684461954e+00
-2.054387114392702607e+00
-1.995377742066913651e+00
-1.937782094835301283e+00
-1.881588032036825453e+00
-1.826849951194313482e+00
-1.773533532252104861e+00
-1.721648813943785328e+00
-1.671250193792177319e+00
-1.622303351741624766e+00
-1.574840505920330092e+00
-1.528849515667257908e+00
-1.484362599110610414e+00
-1.441389794983971129e+00
-1.399896783231682207e+00
-1.359915781981947847e+00
-1.321456829968351787e+00
-1.284507786529854201e+00
-1.249100869794661950e+00
-1.215201759707115858e+00
-1.182842674395418348e+00
-1.152011473198535363e+00
-1.122740374244666439e+00
-1.094995057478156397e+00
-1.068829920421829671e+00
-1.044188463625406627e+00
-1.021102905217091461e+00
-9.995832839304668038e-01
-9.795952797098740339e-01
-9.611932900781395839e-01
-9.443208155849827090e-01
-9.290322537532296199e-01
-9.152711051325990166e-01
-9.030695878512965402e-01
-8.924155612482834732e-01
-8.833190640571437768e-01
-8.757679556168398438e-01
-8.697500952663330676e-01
-8.652533423445860628e-01
-8.623099149798033602e-01
-8.609076725109470196e-01
-8.609901154877367402e-01
-8.626116414329988435e-01
-8.657359691197857865e-01
-8.703611134857813791e-01
-8.764853462368432657e-01
-8.840980673209800633e-01
-8.931864587467400751e-01
-9.037421384015932313e-01
-9.157522882940875020e-01
-9.292063083722320593e-01
-9.440958165234978328e-01
-9.604079947564323483e-01
-9.781278071401202645e-01
-9.972379998041845939e-01
-1.017725754757172085e+00
-1.039576036068168507e+00
-1.062771589866796207e+00
-1.087295162282677641e+00
-1.113133935324360557e+00
-1.140266219242543233e+00
-1.168672542227386923e+00
-1.198333432469051552e+00
-1.229229418157698150e+00
-1.261338809544025441e+00
-1.294644352757656769e+00
-1.329124358049289523e+00
-1.364750481851237041e+00
-1.401501034414197600e+00
-1.439345454231021337e+00
-1.478257615673482572e+00
-1.518213611052817713e+00
-1.559187314740801300e+00
-1.601148165230283693e+00
-1.644067818953576232e+00
-1.687917932342992255e+00
-1.732665725951919589e+00
-1.778282856212669572e+00
-1.824736543678631362e+00
-1.871998444782116522e+00
-1.920035780076513321e+00
-1.968815770115209585e+00
-2.018301199572669624e+00
-2.068457071062818287e+00
-2.119246169260120993e+00
-2.170633496778501925e+00
-2.222584056231887928e+00
-2.275058414355280334e+00
-2.328021573762605101e+00
-2.381434101188863561e+00
-2.435254345429596512e+00
-2.489445091159266266e+00
-2.543964687173412731e+00
-2.598783191595079867e+00
-2.653882012825937942e+00
-2.709247614776771673e+00
-2.764864243418907908e+00
-2.820711708844745758e+00
-2.876778692904534918e+00
-2.933047223630139033e+00
-2.989499329053418641e+00
-3.046119255145700588e+00
-3.102889029938847187e+00
-3.159788463525257107e+00
-3.216797365997334346e+00
-3.273899983326401308e+00
-3.331076125604859772e+00
-3.388305602925108406e+00
-3.445568225379551208e+00
-3.502843803060586403e+00
-3.560105492242227943e+00
-3.617333103016878493e+00
-3.674502009598012542e+00
-3.731587586199106354e+00
-3.788567424973101172e+00
-3.845416900133469706e+00
-3.902111385893689999e+00
-3.958621820588314133e+00
-4.014923578430819262e+00
-4.070989815695218006e+00
-4.126793688655526537e+00
-4.182308353585757033e+00
-4.237506966759926108e+00
-4.292362684452045940e+00
-4.346846444996669945e+00
-4.400929186728348874e+00
-4.454586283860560769e+00
-4.507790892667318694e+00
-4.560509515604250552e+00
-4.612719744824296697e+00
-4.664385864843620055e+00
-4.715476596057311731e+00
-4.765960658860463717e+00
-4.815806773648162675e+00
-4.864979224936576863e+00
-4.913448951060257919e+00
-4.961184672414294283e+00
-5.008150673514854212e+00
-5.054317892696488457e+00
-5.099657268293747769e+00
-5.144137520701725030e+00
-5.187727370315509567e+00
-5.230393319590727508e+00
-5.272110858695981506e+00
-5.312869249257141213e+00
-5.352655650915743024e+00
-5.391494928284171984e+00
-5.429334318093645528e+00
-5.466198684956556697e+00
-5.502090714090669188e+00
-5.536968731924511111e+00
-5.570857603070472841e+00
-5.603760012746318075e+00
-5.635634287380578478e+00
-5.666483112191020410e+00
-5.696331351790033359e+00
-5.725137332606141882e+00
-5.752925919251738129e+00
-5.779677617549967117e+00
-5.805372933323976525e+00
-5.830036731186157617e+00
-5.853627337565034061e+00
-5.876169617072997120e+00
-5.897644075533192698e+00
-5.918053398163390710e+00
-5.937378090786736173e+00
-5.955620838620999002e+00
-5.972784326883947337e+00
-5.988871240793350204e+00
-6.003839906777731272e+00
-6.017737368844104040e+00
-6.030521953420993064e+00
-6.042196345726168261e+00
-6.052763230977395992e+00
-6.062225294392444397e+00
-6.070585221189083391e+00
-6.077823517190459768e+00
-6.083942867614341665e+00
-6.088945957678498111e+00
-6.092813293206075009e+00
-6.095569738809462734e+00
-6.097195800311808966e+00
-6.097716342325501415e+00
-6.097111870673689538e+00
-6.095362891179518350e+00
-6.092516447850000461e+00
-6.088530867113663092e+00
-6.083431013582891289e+00
-6.077197393080837173e+00
-6.069854870219885790e+00
-6.061383950823186595e+00
-6.051787320108509505e+00
-6.041089842688243117e+00
-6.029272153652546429e+00
-6.016337584554264595e+00
-6.002311775607872768e+00
-5.987198187633229196e+00
-5.970978102055569003e+00
-5.953699338483989578e+00
-5.935365357738348280e+00
-5.915935261849259774e+00
-5.895479049820441908e+00
-5.873955823682510236e+00
-5.851413403044563033e+00
-5.827833069331836313e+00
-5.803240462758806117e+00
-5.777639044145330693e+00
-5.751032274311264736e+00
-5.723445793471086063e+00
-5.694883062444652921e+00
-5.665369721446439577e+00
-5.634909231296306054e+00
-5.603527232208725728e+00
-5.571205005608939054e+00
-5.538012550500661213e+00
-5.503908968914508648e+00
-5.468919901064959177e+00
-5.433093166561108411e+00
-5.396410046828195028e+00
-5.358896182080696846e+00
-5.320577212533088129e+00
-5.281456599005228902e+00
-5.241559981711595206e+00
-5.200913000866662195e+00
-5.159541296684911238e+00
-5.117470509380820154e+00
-5.074704099774240085e+00
-5.031267708079654177e+00
-4.987186974511537585e+00
-4.942487539284368125e+00
-4.897195042612622728e+00
-4.851312945316158753e+00
-4.804889067004074477e+00
-4.757926868496227257e+00
-4.710451990007094025e+00
-4.662512251145772169e+00
-4.614088933337499476e+00
-4.565252035585994683e+00
-4.516005018711112484e+00
-4.466373522927334250e+00
-4.416405367843754703e+00
-4.366104014280232981e+00
-4.315517281845866471e+00
-4.264645013177369215e+00
-4.213539116362752246e+00
-4.162181343123016575e+00
-4.110575624573789000e+00
-4.058748071225313225e+00
-4.006702614193216050e+00
-3.954465363987740734e+00
-3.902018072329893172e+00
-3.849386849729917515e+00
-3.796575627303438338e+00
-3.743588336166082442e+00
-3.690451086828092642e+00
-3.637167810405093515e+00
-3.583764617407333652e+00
-3.530245438950435410e+00
-3.476636385544645158e+00
-3.422963567700209264e+00
-3.369230916532751863e+00
-3.315464542552517990e+00
-3.261690556269754904e+00
-3.207890709405464946e+00
-3.154113291864515389e+00
-3.100384414157152158e+00
-3.046685828004378038e+00
-2.993043643916440288e+00
-2.939506151798204403e+00
-2.886055103370674058e+00
-2.832716609144094733e+00
-2.779516779628713241e+00
-2.726481725334775064e+00
-2.673615377377904334e+00
-2.620966025662968324e+00
-2.568537601305591611e+00
-2.516356214816019676e+00
-2.464425797309877542e+00
-2.412794638692033367e+00
-2.361444490683486830e+00
-2.310445822583729658e+00
-2.259780386113763750e+00
-2.209496471178457266e+00
-2.159598008893433896e+00
-2.110111109768938675e+00
-2.061061884315218418e+00
-2.012476443042518603e+00
-1.964380896461085602e+00
-1.916779175686542880e+00
-1.869741750018380388e+00
-1.823272550572221373e+00
-1.777397687858309761e+00
-1.732121092992274125e+00
-1.687487523996708649e+00
-1.643483252575887121e+00
-1.600113197946432253e+00
-1.557404458719588103e+00
-1.515317595322737576e+00
-1.473901885761745190e+00
-1.433117890463991850e+00
-1.393014887435345628e+00
-1.353575616497806111e+00
-1.314782817473377330e+00
-1.276685768367924689e+00
-1.239245029608829318e+00
-1.202509879201957288e+00
-1.166463056969310186e+00
-1.131087302732891375e+00
-1.096431894498565374e+00
-1.062457392693714864e+00
-1.029213075324205251e+00
-9.966595028174175530e-01
-9.648237737845950512e-01
-9.337108074423640103e-01
-9.033255230073454767e-01
-8.736728396961642717e-01
-8.447354973308228709e-01
-8.165405945225658879e-01
-7.890708710933944658e-01
-7.623534256545543286e-01
-7.363931774226680771e-01
-7.111728662197400741e-01
-6.867195906570131569e-01
-6.630160905564893570e-01
-6.400894645294149532e-01
-6.179446317924127685e-01
-5.965643321674846122e-01
-5.759756642658759862e-01
-5.561613679095888108e-01
-5.371263623152461308e-01
-5.188755666994722127e-01
-5.014139002788898791e-01
-4.847462822701235075e-01
-4.688554524951745739e-01
-4.537685095652890799e-01
-4.394903726970884050e-01
-4.259816023179558986e-01
-4.132914764337555780e-01
-4.014027348664909733e-01
-3.903069891960126436e-01
-3.800180303967922724e-01
-3.705319059276049876e-01
-3.618468811866879520e-01
-3.539630337841596641e-01
-3.468788184198167146e-01
-3.405900661264116835e-01
-3.350970438156223863e-01
-3.303933645807402009e-01
-3.264726415150557837e-01
-3.233351415302468390e-01
-3.209744777196041343e-01
-3.193886990553437832e-01
-3.185692006912944629e-01
-3.185140315996711213e-01
-3.192190228132276708e-01
-3.206711336068683305e-01
-3.228706308922710266e-01
-3.258044739443402005e-01
-3.294684937958293758e-01
-3.338540856005675073e-01
-3.389570803913075636e-01
-3.447666553824166868e-01
-3.512719877882618524e-01
-3.584666907021339943e-01
-3.663399413384000325e-01
-3.748831348508890882e-01
-3.840876663934303381e-01
-3.939427131803902582e-01
-4.044374524261360460e-01
-4.155632792844965451e-01
-4.273071530303766408e-01
-4.396560329386809407e-01
-4.526035321027007119e-01
-4.661366097973408396e-01
-4.802444432369680216e-01
-4.949095558175629073e-01
-5.101211247534922499e-01
-5.258661093196609349e-01
-5.421270329120495557e-01
-5.588908548055627756e-01
-5.761423163356432786e-01
-5.938683767771958388e-01
-6.120537774656630292e-01
-6.306810417970255545e-01
-6.497326931672637862e-01
-6.691956908512826097e-01
-6.890510056874391553e-01
-7.092844879809067082e-01
-7.298788829216126262e-01
-7.508162703176444186e-01
-7.720778428013058692e-01
-7.936450147988460824e-01
-8.154994225304609268e-01
-8.376249513640325883e-01
-8.600151486400270384e-01
-8.826658108465976760e-01
-9.055709601203271175e-01
-9.287237536014084638e-01
-9.521173927888237909e-01
-9.757452344373177544e-01
-9.996005244046615168e-01
-1.023676619445599734e+00
-1.047966299650616717e+00
-1.072461746266541560e+00
-1.097153876314711063e+00
-1.122034715786192072e+00
-1.147095403496267041e+00
-1.172327521848110843e+00
-1.197722653244898128e+00
-1.223271271120072834e+00
-1.248961852761562019e+00
-1.274781544693617485e+00
-1.300717937028381233e+00
-1.326758619877995926e+00
-1.352890517972766826e+00
-1.379101665012729461e+00
-1.405378985728187091e+00
-1.431710292025229814e+00
-1.458082730428107654e+00
-1.484483891048964166e+00
-1.510901142205995029e+00
-1.537322074011344242e+00
-1.563733832989262273e+00
-1.590123632202182780e+00
-1.616476488952473423e+00
-1.642777087851581497e+00
-1.669010046972770667e+00
-1.695160139645066621e+00
-1.721211673430209421e+00
-1.747149643451170853e+00
-1.772958756498792532e+00
-1.798623053982078890e+00
-1.824126799103979346e+00
-1.849454920449282280e+00
-1.874591015839098818e+00
-1.899519792064271462e+00
-1.924225734121695952e+00
-1.948692439832483414e+00
-1.972901954460122065e+00
-1.996836766855990764e+00
-2.020476038962277343e+00
-2.043804921157716947e+00
-2.066803018972387829e+00
-2.089457034420261650e+00
-2.111757658116794278e+00
-2.133707113040256953e+00
-2.155300968350537527e+00
-2.176537011146981282e+00
-2.197417464407860788e+00
-2.217937897293062122e+00
-2.238096096901932786e+00
-2.257889850333820725e+00
-2.277316944688073885e+00
-2.296372949124576568e+00
-2.315055650742678051e+00
-2.333358400762800766e+00
-2.351281204223755417e+00
-2.368819630285426747e+00
-2.385967030168238967e+00
-2.402723408911001446e+00
-2.419082117734137949e+00
-2.435040943736995533e+00
-2.450597674018922589e+00
-2.465747877739804750e+00
-2.480484906120065780e+00
-2.494808764198515050e+00
-2.508712803195575880e+00
-2.522197028150057641e+00
-2.535254790282385429e+00
-2.547883876691905414e+00
-2.560082074477967318e+00
-2.571842734860991353e+00
-2.583163644940328574e+00
-2.594040373875862837e+00
-2.604470708766941645e+00
-2.614450218773451962e+00
-2.623974473055278089e+00
-2.633039040772306993e+00
-2.641639491084422531e+00
-2.649775829030435847e+00
-2.657441405830769376e+00
-2.664634008584771951e+00
-2.671353642331252942e+00
-2.677593658290636114e+00
-2.683354061501731280e+00
-2.688628203184961318e+00
-2.693418306318597466e+00
-2.697717722123066153e+00
-2.701528673576636397e+00
-2.704844511899733739e+00
-2.707663024191704793e+00
-2.709986433430821240e+00
-2.711808090837506846e+00
-2.713128554310966223e+00
-2.713948375252520417e+00
-2.714268657923884387e+00
-2.714094942465695048e+00
-2.713426115200209043e+00
-2.712267716268064177e+00
-2.710618631991512650e+00
-2.708484402511194489e+00
-2.705866132088824205e+00
-2.702767142925580401e+00
-2.699190757222639014e+00
-2.695142515120638738e+00
-2.690623520881296749e+00
-2.685637096705788984e+00
-2.680186564795292270e+00
-2.674288554987758193e+00
-2.667919774210816275e+00
-2.661105724060266908e+00
-2.653838637039974468e+00
-2.646155104443050465e+00
-2.638025179378738816e+00
-2.629463273745527907e+00
-2.620483799441904793e+00
-2.611078988971736958e+00
-2.601263254233511457e+00
-2.591051007125717121e+00
-2.580434480152219656e+00
-2.569428085211506563e+00
-2.558046234202066227e+00
-2.546281159627765689e+00
-2.534125093992470656e+00
-2.521614628589291307e+00
-2.508764175316713807e+00
-2.495543787283985182e+00
-2.481990055784212945e+00
-2.468095213321265469e+00
-2.453895851188249377e+00
-2.439362022494413029e+00
-2.424530318532862161e+00
-2.409392971807466033e+00
-2.393986573611332602e+00
-2.378303356448328909e+00
-2.362335552822320217e+00
-2.346141933421038939e+00
-2.329670371959107200e+00
-2.312979639124256526e+00
-2.296061967420352623e+00
-2.278953948140505226e+00
-2.261625634393959139e+00
-2.244091438079202749e+00
-2.226408484299484680e+00
-2.208516418847023655e+00
-2.190486318297284907e+00
-2.172256182858005591e+00
-2.153874909710029595e+00
-2.135324857850337210e+00
-2.116610565670528299e+00
-2.097736571562206276e+00
-2.078707413916969671e+00
-2.059549810521043245e+00
-2.040246120371405514e+00
-2.020778702465037213e+00
-2.001196453982781787e+00
-1.981503913316240650e+00
-1.961661260067771639e+00
-1.941717391418219307e+00
-1.921654666364563058e+00
-1.901477623298405417e+00
-1.881212980005966928e+00
-1.860865274878849451e+00
-1.840416866914033722e+00
-1.819894473897741616e+00
-1.799302634221573882e+00
-1.778645886277131938e+00
-1.757950947850639212e+00
-1.737200177939074441e+00
-1.716398114934038599e+00
-1.695593656016377127e+00
-1.674769160183068095e+00
-1.653929165825713588e+00
-1.633100390730535700e+00
-1.612265193894514725e+00
-1.591450293103873648e+00
-1.570660226750212107e+00
-1.549899533225132409e+00
-1.529194930314856649e+00
-1.508550956410986021e+00
-1.487949970510500597e+00
-1.467440869794243818e+00
-1.447028192653817102e+00
-1.426694298086200519e+00
-1.406465903877615942e+00
-1.386369727814286357e+00
-1.366410308287813180e+00
-1.346570004295175371e+00
-1.326897713017217262e+00
-1.307375793450918255e+00
-1.288030963382502003e+00
-1.268867761203568589e+00
-1.249912904700340555e+00
-1.231146985892297652e+00
-1.212610067072779518e+00
-1.194273905373761435e+00
-1.176176796111083833e+00
-1.158268317022099980e+00
-1.140586763422649419e+00
-1.123148251233950345e+00
-1.105924537587978262e+00
-1.088931738405951588e+00
-1.072141610819845381e+00
-1.055614629540120752e+00
-1.039300372304132303e+00
-1.023237134427717576e+00
-1.007396673042854296e+00
-9.918172834653812275e-01
-9.764707228272727635e-01
-9.613731070497482101e-01
-9.465183726594040836e-01
-9.319448149720802599e-01
-9.176020117251296737e-01
-9.035282582343930891e-01
-8.897174910264662451e-01
-8.761858260225675599e-01
-8.629271997492942159e-01
-8.499355487332430625e-01
-8.372269888956316297e-01
-8.247954567630569889e-01
-8.126481964988889750e-01
-8.007924522664974232e-01
-7.892310323503262115e-01
-7.779645270953605696e-01
-7.669957447860439315e-01
-7.563297116462850411e-01
-7.459670180210661306e-01
-7.359126901342963878e-01
-7.261695362704189138e-01
-7.167448005928048760e-01
-7.076412913858989295e-01
-6.988618169341466180e-01
-6.904091855219929297e-01
-6.822906413128081438e-01
-6.745089925910368045e-01
-6.670648297016624761e-01
-6.599609609291302581e-01
-6.532024124973484502e-01
-6.467919926907609307e-01
-6.407302918543523740e-01
-6.350223362120290815e-01
-6.296687161087749507e-01
-6.246744577684975042e-01
-6.200411997810378883e-01
-6.157636840183599025e-01
-6.118421364762103298e-01
-6.082679113924864822e-01
-6.050390168234733856e-01
-6.021490249465308864e-01
-5.995959438179426781e-01
-5.973711276756075161e-01
-5.954703666363471148e-01
-5.938916687564458341e-01
-5.926263882738016520e-01
-5.916703153052367270e-01
-5.910192399675732178e-01
-5.906667344381710816e-01
-5.906085888338526990e-01
-5.908383753319775833e-01
-5.913518840493687811e-01
-5.921449051028476740e-01
-5.932087927303125729e-01
-5.945393370485856366e-01
-5.961278922955647319e-01
-5.979724665275339968e-01
-6.000621960429293189e-01
-6.023928709585730790e-01
-6.049580634518250122e-01
-6.077491277605833186e-01
-6.107596360622078446e-01
-6.139831605340587695e-01
-6.174132733534960504e-01
-6.210391108189556864e-01
-6.248586809867215930e-01
-6.288611201552298802e-01
-6.330400005018405052e-01
-6.373866762644513351e-01
-6.418925016809604589e-01
-6.465510489287276119e-01
-6.513536722456513273e-01
-6.562895079301667156e-01
-6.613521281596340673e-01
-6.665328871719514714e-01
-6.718231392050167949e-01
-6.772120205572658147e-01
-6.826908854665962867e-01
-6.882510881709066330e-01
-6.938839829080941657e-01
-6.995764880371329042e-01
-7.053243936748450071e-01
-7.111124002407418487e-01
-7.169340799121838304e-01
-7.227763510481441944e-01
-7.286338986351956759e-01
-7.345102947756833034e-01
-7.404190961390131331e-01
-7.463694235156672629e-01
-7.523659618172030550e-01
-7.584200497735643642e-01
-7.645385902357710872e-01
-7.707329219337668569e-01
-7.770099477185717918e-01
-7.833765704412052333e-01
-7.898419108921491683e-01
-7.964150898618853613e-01
-8.031007922619713968e-01
-8.099081388828892614e-01
-8.168440325756582965e-01
-8.239153761912985097e-01
-8.311290725808293534e-01
-8.384920245952707241e-01
-8.460111350856421852e-01
-8.536933069029634114e-01
-8.615432249587922087e-01
-8.695677921041480296e-01
-8.777739111900506597e-01
-8.861662671280576831e-01
-8.947539807086508645e-01
-9.035395189039255870e-01
-9.125275666254398788e-01
-9.217250267242127482e-01
-9.311343661723401333e-01
-9.407647057603035767e-01
-9.506140765812745030e-01
-9.606938173651968782e-01
-9.710063950841658631e-01
-9.815542767102771737e-01
-9.923443650945505956e-01
-1.003379127209081068e+00
-1.014663247965426729e+00
-1.026203630214607143e+00
-1.038000522989255492e+00
-1.050058611200929137e+00
-1.062382579761186330e+00
-1.074974895642121675e+00
-1.087840243755293868e+00
-1.100978873133335201e+00
-1.114395468687803703e+00
-1.128094715330256737e+00
-1.142076862093327927e+00
-1.156346593888574414e+00
-1.170906377688092137e+00
-1.185758680463976367e+00
