# da
0.000000000000000000e+00
3.804098279939601639e+02
6.805904693601440840e+02
9.187416535520759453e+02
1.108206357664802226e+03
1.259025107940671205e+03
1.378904540253544383e+03
1.473849092419662611e+03
1.548590567746885199e+03
1.606891054776800956e+03
1.651763023803448277e+03
1.685633051398632006e+03
1.710465820874573637e+03
1.727859324449432961e+03
1.739118720472404448e+03
1.745314101744131904e+03
1.747325981812781492e+03
1.745881313940625205e+03
1.741582156436430296e+03
1.734928590297651226e+03
1.726337120286157187e+03
1.716155509911581021e+03
1.704674788404977335e+03
1.692139004760435000e+03
1.678753185811651292e+03
1.664689841099904470e+03
1.650094311603726965e+03
1.635089173738907220e+03
1.619777880505727353e+03
1.604247780938629830e+03
1.588572631631241393e+03
