# h
7.000000000000001421e+01
7.339457822968171286e+01
7.726971620066379387e+01
8.161106743925172680e+01
8.639947061053180732e+01
9.161304040859445763e+01
9.722881690800551269e+01
1.032239559126022073e+02
1.095765141199088646e+02
1.162659129815589267e+02
1.232731676772938130e+02
1.305809559791119341e+02
1.381735853388776150e+02
1.460369005226014565e+02
1.541581607859026519e+02
1.625259054522701376e+02
1.711298195124965105e+02
1.799606059230091830e+02
1.890098680431171658e+02
1.982700036109950474e+02
2.077341104289383509e+02
2.173959032312575914e+02
2.272496408500605583e+02
2.372900626453723589e+02
2.475123331414895063e+02
2.579119938566589667e+02
2.684849213939649530e+02
2.792272909569181820e+02
2.901355445514408302e+02
3.012063632299351639e+02
3.124366428194703076e+02
