# rs_dv
inf
3.572939755191403277e-01
1.847207474471887212e-01
1.275514513826997431e-01
9.920918705021757045e-02
8.237826487128800668e-02
7.128734445653807372e-02
6.346391154735968321e-02
5.767271509802791157e-02
5.322846216887454351e-02
4.972082634399255935e-02
4.688941420779871999e-02
4.456123127244021598e-02
4.261700410688877561e-02
4.097193640123019537e-02
3.956416614958664646e-02
3.834755605748953189e-02
3.728703330981933406e-02
3.635548719552037650e-02
3.553165032805030016e-02
3.479861880776049382e-02
3.414279794567767062e-02
3.355313777501305050e-02
3.302056984525440775e-02
3.253758625272282212e-02
3.209792100537024739e-02
3.169630580344820481e-02
3.132828091601039255e-02
3.099004721166243731e-02
3.067834931796786790e-02
3.039038256649406744e-02
