# sigma_8
8.790532705732770902e-01
8.348061476068560083e-01
7.925101104654043160e-01
7.524722911256934710e-01
7.148498148249295969e-01
6.796853469988407559e-01
6.469396088531961242e-01
6.165186370045458997e-01
5.882950855343059837e-01
5.621239561806120610e-01
5.378537505699083621e-01
5.153338290483273632e-01
4.944191577963442108e-01
4.749730450606317045e-01
4.568685091370894846e-01
4.399888315151916363e-01
4.242274445475355260e-01
4.094875389592497750e-01
3.956814478378804512e-01
3.827299264953472613e-01
3.705614444533366636e-01
3.591114361090705365e-01
3.483216216133733778e-01
3.381393813197990372e-01
3.285171480270789868e-01
3.194118892097316809e-01
3.107846296382920648e-01
3.026000015188252679e-01
2.948259027339011906e-01
2.874331136416826138e-01
2.803950282048464082e-01
