# ee
3.301292426103272920e-02
5.642839921628042127e-02
6.657981477814108040e-02
6.224545482232234084e-02
4.866399968647239227e-02
3.278780197713435096e-02
1.977529503007995765e-02
1.167061985283895237e-02
7.938865521237232006e-03
6.802072033483258853e-03
6.544130489731381749e-03
6.183743688039580397e-03
5.535359352081385860e-03
4.866336907109422051e-03
4.508986194408223444e-03
4.526919758541539385e-03
4.879761372466523590e-03
5.400632882668262962e-03
5.916838783118228903e-03
6.428321886358430957e-03
7.000506710766306144e-03
7.725732077352448143e-03
8.689865868048997008e-03
9.899306540606703578e-03
1.134095283061668964e-02
1.298191896304199885e-02
1.477797397157165626e-02
1.674447747608169557e-02
1.890360600046597089e-02
2.123732898909649197e-02
2.374722036924201835e-02
2.640900117195397676e-02
2.925213732070587602e-02
3.225592023980999173e-02
3.542079666855289105e-02
3.878772028465999472e-02
4.237384234350011214e-02
4.618776879827996701e-02
5.023822874704433200e-02
5.453282308581119259e-02
5.907419121333823409e-02
6.386358793255447752e-02
6.890040919132578434e-02
7.418161519640069368e-02
7.970268449020005697e-02
8.546329651300565988e-02
9.145825182289747668e-02
9.768170999345093808e-02
1.041374453658096971e-01
1.108302859907161209e-01
1.177654288502798102e-01
1.249452787291815276e-01
1.323728813966067175e-01
1.400525645907499950e-01
1.479831187392616765e-01
1.561642604697799641e-01
1.645978609134533255e-01
1.732864321859350354e-01
1.822260765578327668e-01
1.914119429915155657e-01
2.008353672163987469e-01
2.104873726381633892e-01
2.203583416779862358e-01
2.304405797105575637e-01
2.407223713708782631e-01
2.511989937773547732e-01
2.618649082312268783e-01
2.727164989872477574e-01
2.837507912846755631e-01
2.949662744382248181e-01
3.063589612658776939e-01
3.179231237385502506e-01
3.296479059511221998e-01
3.415218110139687235e-01
3.535317451970104163e-01
3.656684831604224972e-01
3.779218437084305160e-01
3.902822866297643301e-01
4.027402717131539078e-01
4.152857227866753043e-01
4.279077018047981462e-01
4.405934527923288657e-01
4.533308607585785910e-01
4.661071697283539761e-01
4.789119175904749115e-01
4.917335619377432576e-01
5.045615722579649409e-01
5.173854180389461099e-01
5.301907228614654022e-01
5.429663858944349109e-01
5.556996660156949819e-01
5.683778927686967686e-01
5.809903186504047357e-01
5.935236322197655623e-01
6.059658040047343208e-01
6.183041635487623866e-01
6.305253994107961057e-01
6.426174821187909947e-01
6.545703051542158812e-01
6.663711980605221408e-01
6.780010805361150750e-01
6.894601018145366522e-01
7.007227717491470997e-01
7.117828297284424233e-01
7.226276052958738871e-01
7.332508378399379412e-01
7.436334470590402201e-01
7.537691723416769518e-01
7.636389333862534379e-01
7.732366074957979230e-01
7.825566236314627222e-01
7.915807289788410195e-01
8.002970805685716282e-01
8.087066551213838439e-01
8.167976096679162579e-01
8.245516913937618320e-01
8.319698770196504167e-01
8.390403235762203815e-01
8.457575979391556142e-01
8.521098571390949283e-01
8.580916680517222117e-01
8.636975975527216853e-01
8.689158026727318296e-01
8.737472601324821619e-01
8.781801269626111628e-01
8.822153798838487937e-01
8.858411759268333130e-01
8.890584918122942382e-01
8.918554845708701606e-01
8.942334110054094287e-01
8.961946482472333830e-01
8.977290338196921571e-01
8.988520446263161823e-01
8.995471083454097405e-01
8.998232920354587439e-01
8.996768430648580672e-01
8.991168284920930676e-01
8.981394956855592859e-01
8.967475018586967828e-01
8.949563239150368776e-01
8.927557993779287049e-01
8.901549953058586206e-01
8.871629787573118708e-01
8.837759971006839965e-01
8.800095272395060952e-01
8.758726362322637460e-01
8.713679812923975643e-01
8.665046294783937952e-01
8.612916478487375738e-01
8.557381132241823618e-01
8.498531414745492674e-01
8.436522680769721338e-01
8.371510285085850267e-01
8.303521385564304191e-01
8.232775435426881172e-01
8.159299592544002611e-01
8.083377408587926194e-01
8.005036041429073324e-01
7.924494944289242060e-01
7.841909471939768617e-01
7.757434979151992538e-01
7.671355017598162629e-01
7.583696745148706952e-01
7.494679615025421349e-01
7.404523080450094996e-01
7.313446594644527066e-01
7.221669610830510067e-01
7.129411582229835398e-01
7.036827863613843714e-01
6.944202006654783821e-01
6.851753464574451558e-01
6.759701690594637213e-01
6.668266137937136628e-01
6.577794456724653793e-01
6.488442440259887256e-01
6.400559931322336027e-01
6.314369014321957740e-01
6.230091773668695598e-01
6.148078490673414276e-01
6.068615348196518822e-01
5.991988529098414284e-01
5.918420117789053858e-01
5.848260395579295556e-01
5.781859643780002944e-01
5.719439946801124774e-01
5.661293897348114168e-01
5.607797416112012545e-01
5.559249505643318878e-01
5.515974807872711105e-01
5.478278735195729610e-01
5.446492339388102621e-01
5.420933852535462227e-01
5.401940736258578069e-01
5.389850452178220896e-01
5.385000461915159242e-01
5.387741046780255560e-01
5.398409668394280603e-01
5.417343788378002900e-01
5.444880868352192094e-01
5.481367180190090949e-01
5.527088089099135848e-01
5.582331360694187117e-01
5.647378350745065889e-01
5.722516824866630269e-01
5.808021728983653320e-01
5.904187238556044548e-01
6.011294709353617316e-01
6.129619087301144686e-01
6.259454547858535056e-01
6.401088856640648750e-01
6.554790549727215199e-01
6.720853802578136138e-01
6.899566380808280774e-01
7.091151951582050916e-01
7.295968788809812366e-01
7.514240559655971374e-01
7.746190931284936410e-01
7.992171767762024093e-01
8.252406736251639563e-01
8.527119503918191290e-01
8.816661934826997005e-01
9.121193597692009991e-01
9.441002258128087243e-01
9.776247484849189817e-01
1.012728114192062767e+00
1.049432689650680706e+00
1.087754431732168570e+00
1.127722116998012281e+00
1.169358112164652574e+00
1.212671964258438928e+00
1.257692449840857929e+00
1.304441935628349869e+00
1.352936378492310521e+00
1.403198145149179954e+00
1.455249602315398905e+00
1.509093887172271886e+00
1.564753366436239190e+00
1.622237587133651404e+00
1.681575325825993561e+00
1.742776129539616248e+00
1.805849545300868053e+00
1.870811529981144972e+00
1.937671630606796702e+00
2.006445804049218129e+00
2.077130777644668136e+00
2.149748918109587237e+00
2.224309772470324020e+00
2.300810068063138925e+00
2.379272171604471797e+00
2.459678898693705928e+00
2.542040745968315196e+00
2.626347888483851811e+00
2.712603320985960131e+00
2.800790808685146072e+00
2.890913346327055322e+00
2.982961108967239205e+00
3.076917861816205857e+00
3.172786599619597414e+00
3.270551087587924233e+00
3.370201500776735859e+00
3.471728014241585836e+00
3.575120803038028150e+00
3.680363632376568717e+00
3.787433857622670264e+00
3.896315243986838706e+00
4.006985146834535882e+00
4.119427331376270374e+00
4.233625562822549426e+00
4.349550786693787252e+00
4.467186768200491542e+00
4.586510862708125025e+00
4.707481196047011984e+00
4.830087943272705076e+00
4.954295640060577099e+00
5.080081641776085455e+00
5.207416893939651459e+00
5.336272342071686658e+00
5.466606112002518891e+00
5.598382739407518294e+00
5.731579579652144929e+00
5.866148348721679895e+00
6.002059992136540068e+00
6.139279045572093807e+00
6.277763634858668063e+00
6.417478295671633859e+00
6.558368334151222889e+00
6.700404695817854694e+00
6.843539096656805043e+00
6.987729662498399996e+00
7.132947338863057318e+00
7.279066923595510552e+00
7.426142690201766428e+00
7.574100715286922636e+00
7.722802977005620129e+00
7.872303748863868300e+00
8.022465009016309878e+00
8.173276932518495741e+00
8.324665595975528021e+00
8.476557075992497303e+00
8.629006937216239237e+00
8.781819515055060421e+00
8.935056829859911787e+00
9.088652705080836114e+00
9.242540964167870854e+00
9.396719529021517303e+00
9.551058124641359726e+00
9.705554672927890536e+00
9.860142997331154291e+00
1.001469282285073881e+01
1.016926616983759324e+01
1.032373276329130185e+01
1.047809052511236416e+01
1.063220918030036266e+01
1.078602255230534546e+01
1.093959266147825637e+01
1.109272513436822649e+01
1.124541789287575710e+01
1.139760476045088566e+01
1.154928365899411169e+01
1.170032431350501767e+01
1.185066054743364639e+01
1.200022618423004062e+01
1.214895504734423604e+01
1.229684505867673572e+01
1.244383004167757711e+01
1.258977972134634449e+01
1.273462792113308417e+01
1.287837256293828680e+01
1.302088337176154198e+01
1.316215826950334922e+01
1.330213107961374064e+01
1.344067152709230584e+01
1.357777753383954611e+01
1.371331882485504394e+01
1.384729332203929353e+01
1.397963484884233765e+01
1.411027722871421908e+01
1.423915428510497527e+01
1.436626393991510753e+01
1.449141181969373982e+01
1.461459584634137698e+01
1.473574984330805115e+01
1.485474353559335370e+01
1.497157484509778591e+01
1.508611349682092140e+01
1.519835741266326323e+01
1.530811221917394427e+01
1.541550403515436507e+01
1.552040258560411701e+01
1.562280885034315503e+01
1.572267194241882216e+01
1.581994403279791861e+01
1.591464139089769780e+01
1.600665208923451033e+01
1.609599239722561848e+01
1.618261448583781359e+01
1.626647052603790655e+01
1.634744859034223552e+01
1.642556494816806278e+01
1.650077177048218857e+01
1.657302122825142021e+01
1.664226549244255082e+01
1.670852083247284270e+01
1.677173941930909251e+01
1.683187342391810759e+01
1.688893911571714312e+01
1.694282456722254793e+01
1.699367424475248711e+01
1.704124802392239246e+01
1.708575446950089471e+01
1.712695345710342920e+01
1.716498945304815749e+01
1.719981462830188690e+01
1.723138115383141766e+01
1.725964120060355000e+01
1.728461103803553556e+01
1.730624283709419231e+01
1.732448876874630628e+01
1.733936510240914330e+01
1.735088810749995503e+01
1.735888175808463529e+01
1.736355461893181484e+01
1.736479476255782473e+01
1.736261845837993079e+01
1.735710607426584673e+01
1.734820978118237278e+01
1.733600994699721909e+01
1.732045874267718943e+01
1.730157243763953900e+01
1.727936730130152654e+01
1.725379550462995226e+01
1.722493741549253343e+01
1.719274520485607027e+01
1.715717104368735590e+01
1.711835939830456965e+01
1.707619834122404967e+01
1.703076824031351322e+01
1.698202126653975697e+01
1.693010188622095669e+01
1.687489871309002254e+01
1.681649482109748917e+01
1.675497382541047031e+01
1.669029114429515914e+01
1.662246629446821089e+01
1.655164698954718716e+01
1.647778864779828112e+01
1.640084668748770014e+01
1.632103292068344658e+01
1.623830276565173136e+01
1.615267573910919907e+01
1.606423545622295634e+01
1.597300143370966019e+01
1.587905728673641192e+01
1.578248663047032530e+01
1.568324488317759524e+01
1.558147975847578159e+01
1.547721077308153959e+01
1.537045744371151557e+01
1.526123928708237187e+01
1.514970401681166656e+01
1.503580705116558924e+01
1.491956790686080225e+01
1.480113429751486187e+01
1.468052573984442155e+01
1.455782584901658794e+01
1.443318233864892619e+01
1.430667882390854473e+01
1.417833482151209346e+01
1.404823394662667546e+01
1.391658801132031620e+01
1.378335243385920883e+01
1.364861082941046000e+01
1.351251091159163131e+01
1.337500809866892482e+01
1.323625010425989856e+01
1.309625644508120601e+01
1.295517483475041054e+01
1.281302478998416206e+01
1.266988992594957075e+01
1.252591795626419646e+01
1.238112839764469264e+01
1.223566896370862445e+01
1.208962326962309497e+01
1.194301083210475589e+01
1.179604346322162911e+01
1.164874067969036453e+01
1.150125019512852376e+01
1.135365562470321521e+01
1.120597648513109412e+01
1.105842057789206834e+01
1.091098736676226011e+01
1.076380050183060000e+01
1.061691953473555650e+01
1.047040401711560165e+01
1.032431350060921105e+01
1.017870753685485496e+01
1.003370977594145508e+01
9.889379769507492313e+00
9.745777069191433384e+00
9.602961226631748559e+00
9.461119990367823362e+00
9.320312912038128061e+00
9.180599543281138253e+00
9.042103534185775615e+00
8.904884436390515745e+00
8.769065899984285650e+00
8.634707476605553822e+00
8.501868717892794081e+00
8.370609175484480247e+00
8.241052499469537551e+00
8.113322339936894778e+00
7.987414150074567232e+00
7.863387481521024291e+00
7.741430082815652369e+00
7.621601505596922621e+00
7.503897203052850351e+00
7.388504923722819306e+00
7.275484219245297979e+00
7.164958739709218705e+00
7.056859839852138272e+00
6.951439366663898944e+00
6.848692773332512473e+00
6.748743709946908531e+00
6.651651728145560938e+00
6.557476379566937297e+00
6.466277215849511428e+00
6.378241985532665304e+00
6.293302043353961039e+00
6.211645137852782383e+00
6.133330820667598715e+00
6.058354544986428003e+00
5.986839960898196367e+00
5.918910718491831702e+00
5.854626369405805164e+00
5.793982366828134722e+00
5.737102360847746496e+00
5.684045903103114306e+00
5.634872545232705754e+00
5.589705937325451401e+00
5.548536803740915069e+00
5.511465150425769899e+00
5.478458057597324959e+00
5.449674900824256873e+00
5.425018661873417081e+00
5.404584617863029905e+00
5.388416767150949305e+00
5.376546288404939311e+00
5.368991540602675805e+00
5.365777292566879630e+00
5.366921903275221339e+00
5.372443731705377701e+00
5.382373956525112746e+00
5.396730936712101467e+00
5.415526621398970342e+00
5.438785779408440213e+00
5.466513950028094371e+00
5.498735902080652771e+00
5.535457174853697815e+00
5.576689717479856867e+00
5.622451888936805808e+00
5.672749228512127040e+00
5.727587275493402963e+00
5.786958749478126052e+00
5.850862779908833744e+00
5.919292086383018514e+00
5.992245798343217800e+00
6.069723045231967262e+00
6.151710136801715301e+00
6.238193382804906761e+00
6.329171912684080858e+00
6.424619216501592511e+00
6.524521604009886566e+00
6.628865384961411422e+00
6.737643278953658665e+00
6.850828776048982327e+00
6.968395366309739991e+00
7.090322949643328876e+00
7.216572196422017527e+00
7.347116596708159086e+00
7.481936050409155214e+00
7.620991227897267350e+00
7.764249209389811668e+00
7.911677075104091905e+00
8.063216265877239053e+00
8.218840271771608030e+00
8.378490533624322723e+00
8.542070033202243451e+00
8.709674047623586546e+00
8.881077361754298849e+00
9.056376175572372844e+00
9.235413986693071564e+00
9.418163412492342346e+00
9.604597070346137855e+00
9.794623479179941583e+00
9.988215256369709749e+00
1.018528092084092940e+01
1.038579308996955142e+01
1.058966028268106463e+01
1.079685511635142170e+01
1.100722201145565471e+01
1.122079768382016951e+01
1.143742655392000174e+01
1.165708123913110228e+01
1.187967025837895640e+01
1.210516622903952033e+01
1.233334947313737295e+01
1.256425670649891302e+01
1.279779644804963823e+01
1.303381311826458422e+01
1.327227933451969655e+01
1.351303951729001440e+01
1.375606628395148512e+01
1.400126815342960107e+01
1.424848954619939612e+01
1.449770307963682470e+01
1.474875317421691889e+01
1.500154834886517463e+01
1.525606122095753747e+01
1.551207211251858453e+01
1.576955364092427381e+01
1.602835022664963560e+01
1.628837038862016229e+01
1.654958674421180476e+01
1.681171551699868516e+01
1.707479342280721113e+01
1.733866488211241474e+01
1.760317431538933874e+01
1.786823024156347373e+01
1.813374117956030673e+01
1.839955154985488406e+01
1.866556987137268564e+01
1.893164056458876487e+01
1.919767214842860525e+01
1.946350904336723886e+01
1.972905976833016695e+01
1.999416874379242515e+01
2.025868039022904554e+01
2.052256732501598080e+01
2.078560987017780448e+01
2.104772349536616360e+01
2.130878737468680129e+01
2.156875173142205782e+01
2.182750269040382918e+01
2.208492637646400425e+01
2.234097301288493043e+01
2.259559282294894800e+01
2.284860783303749443e+01
2.309996826643292067e+01
2.334956024796711205e+01
2.359720580402149537e+01
2.384291925632888720e+01
2.408658672972116577e+01
2.432809434903022705e+01
2.456732823908795993e+01
2.480423862317670824e+01
2.503877572457882295e+01
2.527088976657663721e+01
2.550033867710114421e+01
2.572720087633559771e+01
2.595136248911188304e+01
2.617258144336097914e+01
2.639093615926615044e+01
2.660624866320882376e+01
2.681846917847134293e+01
2.702741973143515608e+01
2.723305054538258574e+01
2.743524774514554920e+01
2.763396155400637610e+01
2.782914219524742094e+01
2.802054759679964491e+01
2.820825617884632308e+01
2.839208996776887517e+01
2.857193508839920781e+01
2.874780586247011271e+01
2.891952431636302734e+01
2.908710477181075049e+01
2.925036925519471254e+01
2.940933208824772294e+01
2.956381529735121205e+01
2.971383320423798580e+01
2.985920783528946743e+01
2.999995351223847351e+01
3.013595635991688226e+01
3.026703840470613116e+01
3.039321396833902256e+01
3.051436917564745244e+01
3.063039015146329547e+01
3.074129121751936822e+01
3.084695849864755601e+01
3.094741194129007056e+01
3.104262989227635572e+01
3.113259632314527536e+01
3.121729520543566849e+01
3.129664641223595822e+01
3.137076211198589348e+01
3.143956217777388318e+01
3.150303058113878407e+01
3.156108719516900507e+01
3.161378008985382948e+01
3.166102913828169108e+01
3.170281831199143241e+01
3.173919568097236521e+01
3.177008111831289483e+01
3.179552269400233300e+01
3.181550437957952226e+01
3.183007424503379212e+01
3.183915216345353372e+01
3.184272210637760736e+01
3.184089624224579040e+01
3.183365854259691474e+01
3.182092888051939994e+01
3.180281942445301269e+01
3.177931414593660620e+01
3.175039701650903368e+01
3.171611610615961041e+01
3.167651948487765168e+01
3.163152702575154862e+01
3.158118679877062007e+01
3.152554687392417776e+01
3.146452712430061283e+01
3.139823971833971328e+01
3.132660452912986671e+01
3.124973372511083980e+01
3.116773947472240636e+01
3.108060574950341248e+01
3.098850881634409404e+01
3.089136854833283508e+01
3.078936121235986789e+01
3.068259897686495918e+01
3.057100171493651786e+01
3.045468159501429994e+01
3.033368668708761717e+01
3.020812915959624334e+01
3.007799298407902810e+01
2.994326213207483178e+01
2.980417696892433810e+01
2.966065736771593464e+01
2.951281549688940231e+01
2.936076352488449359e+01
2.920454676566965446e+01
2.904419950912976844e+01
2.887988148602978100e+01
2.871156013178323718e+01
2.853939517715508956e+01
2.836341815600932748e+01
2.818378879911091062e+01
2.800041044342292196e+01
2.781357101661121334e+01
2.762323795408934402e+01
2.742950688817179028e+01
2.723247345117301421e+01
2.703216917695705490e+01
2.682875379628882939e+01
2.662225884303235190e+01
2.641271585105165087e+01
2.620022045266119193e+01
2.598486828017545491e+01
2.576681906435936042e+01
2.554610433907693690e+01
2.532294793354355988e+01
2.509738138162325427e+01
2.486962851253140272e+01
2.463978495858247442e+01
2.440794635209094565e+01
2.417420832537128916e+01
2.393873060918844331e+01
2.370154473740640455e+01
2.346287453924058752e+01
2.322268745010452307e+01
2.298120729921361516e+01
2.273846562043188158e+01
2.249468624297469788e+01
2.224983660225563398e+01
2.200420462594053106e+01
2.175788594634385476e+01
2.151091209732963350e+01
2.126350690811323574e+01
2.101576601100915198e+01
2.076784913678229927e+01
2.051991601619761596e+01
2.027206228156957124e+01
2.002444766366309636e+01
1.977723189324310837e+01
1.953057470107454918e+01
1.928457171947189153e+01
1.903938267920005956e+01
1.879510321257352956e+01
1.855189305035722924e+01
1.830991192331608275e+01
1.806924626236623510e+01
1.783000979128086882e+01
1.759224293398439798e+01
1.735605021285168448e+01
1.712160024870802744e+01
1.688893346547784446e+01
1.665821848398643823e+01
1.642943162970776072e+01
1.620280562191757667e+01
1.597838088454029659e+01
1.575626193995077173e+01
1.553648921207340727e+01
1.531916722328305980e+01
1.510433639750413448e+01
1.489216535556194643e+01
1.468269452138088660e+01
1.447590022043491764e+01
1.427201517199980252e+01
1.407114389845039426e+01
1.387332682371109804e+01
1.367866847015677756e+01
1.348733745861274080e+01
1.329937421300338940e+01
1.311488325570358526e+01
1.293396910908818320e+01
1.275673629553204158e+01
1.258322523895956913e+01
1.241354046174561354e+01
1.224772238781458533e+01
1.208593963799179427e+01
1.192816853775119412e+01
1.177451360946762904e+01
1.162507937551596982e+01
1.147990625982061452e+01
1.133903468630596478e+01
1.120256917734688074e+01
1.107055015686776400e+01
1.094308214724347650e+01
1.082026967084887126e+01
1.070215315160834990e+01
1.058890121034722931e+01
1.048061836944036784e+01
1.037740915126262209e+01
1.027931397973839367e+01
1.018650147569299591e+01
1.009894796460037902e+01
1.001669387038494463e+01
9.939779616971092580e+00
9.868245628283231596e+00
9.802132328245757975e+00
9.741410125655423968e+00
9.686025762600195321e+00
9.636176458292656122e+00
9.591738939693119192e+00
9.552910426014170397e+00
9.519631742666575747e+00
9.491971911962011177e+00
9.469999956212156178e+00
9.453720799278231723e+00
9.443139365021453457e+00
9.438260577303047683e+00
9.438961163083325445e+00
9.445310144673962682e+00
9.457248347485720075e+00
9.474716596929372514e+00
9.497783915316588832e+00
9.526391128058140367e+00
9.560543159015246317e+00
9.600180833598670915e+00
9.645437272570552167e+00
9.696189202891190462e+00
9.752505646872272393e+00
9.814327429924560420e+00
9.881659475909273738e+00
9.954442610237180133e+00
1.003268175676950236e+01
1.011625364246654790e+01
1.020516319118953952e+01
1.029935122834924321e+01
1.039882267780687997e+01
1.050345426652276259e+01
1.061325091835811207e+01
1.072821755717414582e+01
1.084829500838163341e+01
1.097342409739133906e+01
1.110360974806448375e+01
1.123879278581183705e+01
1.137891403604416141e+01
1.152385022572176965e+01
1.167354218025542600e+01
1.182786662660544330e+01
1.198676439018258222e+01
1.215011219794716091e+01
1.231778677685948686e+01
1.248979305078077751e+01
1.266607184512180595e+01
1.284662808374379139e+01
1.303133849360703955e+01
1.322020799857278028e+01
1.341317742405177071e+01
1.361025597814137811e+01
1.381121361208171905e+01
1.401601685670041064e+01
1.422450404592416362e+01
1.443657761213014545e+01
1.465213998769551651e+01
1.487096540809654499e+01
1.509308450261129408e+01
1.531833560516647630e+01
1.554674934504017791e+01
1.577822815460955397e+01
1.601267446625177726e+01
1.625018300769537305e+01
1.649059211286705207e+01
1.673386831259444207e+01
1.697991403925470877e+01
1.722863172522501429e+01
1.747985970443206938e+01
1.773350040925303617e+01
1.798952037051554242e+01
1.824769382369583681e+01
1.850792320117109568e+01
1.877004683686802267e+01
1.903403126161424197e+01
1.929971480933645367e+01
1.956693581396137915e+01
1.983553260941572915e+01
2.010540762807666582e+01
2.037646330232135483e+01
2.064853796607650693e+01
2.092153405171929492e+01
2.119541809007732880e+01
2.146996431662686788e+01
2.174520336064599135e+01
2.202097355606140283e+01
2.229711323679982371e+01
2.257358893368887109e+01
2.285023898065525216e+01
2.312683761317522624e+01
2.340335136207640332e+01
2.367961856128551190e+01
2.395547754472925561e+01
2.423083074478479304e+01
2.450538829847792854e+01
2.477918083508674130e+01
2.505191849163703210e+01
2.532350370050596666e+01
2.559377479562024860e+01
2.586250601245613367e+01
2.612966388184125321e+01
2.639496909098042110e+01
2.665844092159633050e+01
2.691998100868979193e+01
2.717949098726162305e+01
2.743687249231262015e+01
2.769215535574450726e+01
2.794511301565718497e+01
2.819571120550190102e+01
2.844397975718039717e+01
2.868975620724299702e+01
2.893294219069053952e+01
2.917350344097426529e+01
2.941140569154545403e+01
2.964648647895444356e+01
2.987871153665250645e+01
3.010804659809089756e+01
3.033426510136951748e+01
3.055739687839009378e+01
3.077727946570296780e+01
3.099387859675939794e+01
3.120703180810974686e+01
3.141670483320529073e+01
3.162286340549726305e+01
3.182540915998648856e+01
3.202417963322331929e+01
3.221920465710947212e+01
3.241032176819530264e+01
3.259756079838252418e+01
3.278075928422148166e+01
3.295981886071299272e+01
3.313470526130833349e+01
3.330532012100829320e+01
3.347162917326412668e+01
3.363340585617576295e+01
3.379068000164489405e+01
3.394328914622187909e+01
3.409126312180843854e+01
3.423450356340538292e+01
3.437291210601351565e+01
3.450632628618318165e+01
3.463484003426658120e+01
3.475829088681403078e+01
3.487658047882635515e+01
3.498973864220528185e+01
3.509766701195161431e+01
3.520033132151660737e+01
3.529756910745061305e+01
3.538947430010582451e+01
3.547594853448301677e+01
3.555689344558302167e+01
3.563221655557666168e+01
3.570197713221573110e+01
3.576611213352113339e+01
3.582462261596423048e+01
3.587744553756591159e+01
3.592458195479756000e+01
3.596603292413052344e+01
3.600186360048661527e+01
3.603201094188673892e+01
3.605660420170315916e+01
3.607551623950634223e+01
3.608887630866853868e+01
3.609668546566111758e+01
3.609888066850498234e+01
3.609559117057240485e+01
3.608668983143382292e+01
3.607224180601106411e+01
3.605224815077547618e+01
3.602670992219843527e+01
3.599556407830082350e+01
3.595900397090537837e+01
3.591690245958254479e+01
3.586932469925415035e+01
3.581639994329244558e+01
3.575800105126788253e+01
3.569432137500319868e+01
3.562523377406883895e+01
3.555093160028751953e+01
3.547141591013060236e+01
3.538662366161899087e+01
3.529681230502587397e+01
3.520185469992169658e+01
3.510194419812917488e+01
3.499701775766921941e+01
3.488714053346365063e+01
3.477237768043428190e+01
3.465279435350290527e+01
3.452832751069045969e+01
3.439917050381964714e+01
3.426519619246091253e+01
3.412653382998655616e+01
3.398331266976880727e+01
3.383546966982859772e+01
3.368319818198864368e+01
3.352656336117075853e+01
3.336563036229675561e+01
3.320040024183800398e+01
3.303100225316676131e+01
3.285756564965529947e+01
3.268009148777498751e+01
3.249863977014388894e+01
3.231324989016513172e+01
3.212395608893810817e+01
3.193079260756219639e+01
3.173379368713677451e+01
3.153312176566215186e+01
3.132893928113862003e+01
3.112140867156646351e+01
3.091069237494599165e+01
3.069701692772795099e+01
3.048041657101171964e+01
3.026111784124805837e+01
3.003909088108589032e+01
2.981436993162460070e+01
2.958686103706267190e+01
2.935666253694993699e+01
2.912361637703441630e+01
2.888775679841549149e+01
2.864918214064300628e+01
2.840786254636589092e+01
2.816415274893581255e+01
2.791808698945213862e+01
2.766989180436564055e+01
2.741972963167659927e+01
2.716782700783577198e+01
2.691428227239299531e+01
2.665919376489811299e+01
2.640265982490096164e+01
2.614477879195139209e+01
2.588558490714877180e+01
2.562524060849341367e+01
2.536378013708468160e+01
2.510130183247243707e+01
2.483790403420651671e+01
2.457381327873765287e+01
2.430912790561571057e+01
2.404401035284097077e+01
2.377862305841373924e+01
2.351312846033429338e+01
2.324756079970203615e+01
2.298214661296770700e+01
2.271679194432979187e+01
2.245165923178857170e+01
2.218678271644343880e+01
2.192213254094333053e+01
2.165793524173898987e+01
2.139409686302888502e+01
2.113084394126377674e+01
2.086846711134487364e+01
2.060712881127245666e+01
2.034704471634508494e+01
2.008825886035159058e+01
1.983106080973041685e+01
1.957554783556865274e+01
1.932175311050292166e+01
1.906970980716985409e+01
1.881951519665653194e+01
1.857120245159959637e+01
1.832480474463565656e+01
1.808041934685180863e+01
1.783807943088467951e+01
1.759788226782135467e+01
1.735979693184799544e+01
1.712398479250214933e+01
1.689047902242045751e+01
1.665931279423952205e+01
1.643058337904644262e+01
1.620438804792830112e+01
1.598075997352172983e+01
1.575979642691380889e+01
1.554153058074116167e+01
1.532612380454133216e+01
1.511360927095094731e+01
1.490408425105709433e+01
1.469764601594685693e+01
1.449432773825685494e+01
1.429416259062372418e+01
1.409731194258500686e+01
1.390380896677732281e+01
1.371368683583730785e+01
1.352710691930249354e+01
1.334403829135906072e+01
1.316457822309409309e+01
1.298882398559466544e+01
1.281680875149741539e+01
1.264856569343896631e+01
1.248412798405594692e+01
1.232365699288589944e+01
1.216718589256545080e+01
1.201468375728077476e+01
1.186631195656940818e+01
1.172210366306798157e+01
1.158215614786357328e+01
1.144650258359282269e+01
1.131524024134280459e+01
1.118840229375014950e+01
1.106608601190194285e+01
1.094826046998435665e+01
1.083508703753492952e+01
1.072653478873983701e+01
1.062256719826078388e+01
1.052331763801298870e+01
1.042878568348629109e+01
1.033897091017052894e+01
1.025380879510508869e+01
1.017336301223026851e+01
1.009763313703590271e+01
1.002661874501183803e+01
9.960383510098365534e+00
9.898862909334873450e+00
9.842120616661652832e+00
9.790028010667636948e+00
9.742712863743577145e+00
9.700174751379309512e+00
9.662285052163769095e+00
9.629171538487700133e+00
9.600705588940037671e+00
9.576950877461078093e+00
9.557906979540657488e+00
9.543445273767703796e+00
9.533693532532975468e+00
9.528523134425395114e+00
9.527933654934807706e+00
9.531988768001506074e+00
9.540559852214419934e+00
9.553646483063388928e+00
9.571248236038259805e+00
9.593364686628859772e+00
9.619931311874587720e+00
9.650883588814819447e+00
9.686221092939398147e+00
9.725943399738165240e+00
9.769985986250503629e+00
9.818284329515799769e+00
9.870773906573436562e+00
9.927454292913257206e+00
9.988260965574642825e+00
1.005312940159698343e+01
1.012199507801966014e+01
1.019485757033251438e+01
1.027158825712447410e+01
1.035218671388538247e+01
1.043658841765462419e+01
1.052472884547158216e+01
1.061654347437564105e+01
1.071196778140618733e+01
1.081093724360260566e+01
1.091338733800428251e+01
1.101918944320014404e+01
1.112827903622957848e+01
1.124066082690934287e+01
1.135623186546295749e+01
1.147495843489132028e+01
1.159680681819532388e+01
1.172161510147495100e+01
1.184947776463200775e+01
1.198023289376647860e+01
1.211391087032971825e+01
1.225034978042170231e+01
1.238958000549378546e+01
1.253150373009640717e+01
1.267602313878000508e+01
1.282310451454547717e+01
1.297271414039371429e+01
1.312469010242470446e+01
1.327906278208979352e+01
1.343567026548896770e+01
1.359447883562312320e+01
1.375545477549315088e+01
1.391837207274858557e+01
1.408332520729122805e+01
1.425015226522106282e+01
1.441875543108852931e+01
1.458910098789452547e+01
1.476109112018948544e+01
1.493456391407339723e+01
1.510948565254715525e+01
1.528582261861164859e+01
1.546341289836687416e+01
1.564215867636325719e+01
1.582196213715124600e+01
1.600278956373173145e+01
1.618447904220470335e+01
1.636699685557104900e+01
1.655011699148030146e+01
1.673386983138381012e+01
1.691809346138155234e+01
1.710269006602397823e+01
1.728756182986152723e+01
1.747261093744463167e+01
1.765767547487327604e+01
1.784272172514835830e+01
1.802765187282031789e+01
1.821223990553868433e+01
1.839645210630435201e+01
1.858019065966775685e+01
1.876335775017934182e+01
1.894572736548863290e+01
1.912732988704698656e+01
1.930793930250392165e+01
1.948753224567366971e+01
1.966599855672286168e+01
1.984323842663145854e+01
2.001934434173078614e+01
2.019408829609989198e+01
2.036756277607010190e+01
2.053953977572047407e+01
2.071017587983278929e+01
2.087924308248608796e+01
2.104676977156125162e+01
2.121265613803823769e+01
2.137686647134745854e+01
2.153936506091933722e+01
2.170011619618428256e+01
2.185895596967181120e+01
2.201591276926278695e+01
2.217088678593717077e+01
2.232384230912537859e+01
2.247467952980737138e+01
2.262336273741357218e+01
2.276979212292393129e+01
2.291399607421933027e+01
2.305581068382926091e+01
2.319526433963461187e+01
2.333225723261532636e+01
2.346675365220183451e+01
2.359865378937409730e+01
2.372798603201297141e+01
2.385465057109843912e+01
2.397861169606089504e+01
2.409976959788031792e+01
2.421815266443756798e+01
2.433353288981170337e+01
2.444600276033404285e+01
2.455546246698454382e+01
2.466187629919364355e+01
2.476508034949082671e+01
2.486516710420742982e+01
2.496197265587295178e+01
2.505546129391781562e+01
2.514566140622288870e+01
2.523247318376813553e+01
2.531579681753351352e+01
2.539566069539989712e+01
2.547190090989678879e+01
2.554460994735551438e+01
2.561362390030558345e+01
2.567897115662786689e+01
2.574048780885187071e+01
2.579820224485845870e+01
2.585214801753676994e+01
2.590218704445754128e+01
2.594837870355115683e+01
2.599078237274797942e+01
2.602932923307747615e+01
2.606401456401956551e+01
2.609483364505416603e+01
2.612190995256210257e+01
2.614504647067191812e+01
2.616443077421489960e+01
2.617992994577006627e+01
2.619153926481731887e+01
2.619931810928703797e+01
2.620332585710959350e+01
2.620342959086397983e+01
2.619968868848059884e+01
2.619216252788979205e+01
2.618084638857148860e+01
2.616573555000561058e+01
2.614688939012252078e+01
2.612423908995168276e+01
2.609784402742347709e+01
2.606769948201780451e+01
2.603386483166505272e+01
2.599639945429558452e+01
2.595523453093886701e+01
2.591049353797573218e+01
2.586210765643562226e+01
2.581007216579846997e+01
2.575457464089555870e+01
2.569541806585543142e+01
2.563279001550937508e+01
2.556668576933730108e+01
2.549703650836868007e+01
2.542396570898433694e+01
2.534746865066417953e+01
2.526766880978904695e+01
2.518449736738839917e+01
2.509807779984305398e+01
2.500846948508339196e+01
2.491566770258932806e+01
2.481979592874169072e+01
2.472091354147084274e+01
2.461895172180626190e+01
2.451403394612876596e+01
2.440621959236873195e+01
2.429550394000606772e+01
2.418201046542160526e+01
2.406567034964481167e+01
2.394667116750695612e+01
2.382493945404467794e+01
2.370070365257551970e+01
2.357386706817193556e+01
2.344446120280726120e+01
2.331264575535575645e+01
2.317838812934032688e+01
2.304171982673431529e+01
2.290273644796153008e+01
2.276140539654486616e+01
2.261782227290812841e+01
2.247201857902467026e+01
2.232402581686783805e+01
2.217387548841098166e+01
2.202166319407790951e+01
2.186748453429242645e+01
2.171130691257742740e+01
2.155335412625762359e+01
2.139352948040546920e+01
2.123205677234566124e+01
2.106890340560110531e+01
2.090416498059560979e+01
2.073793709775297245e+01
2.057025125904655027e+01
2.040120306490014102e+01
2.023075991883665026e+01
2.005908151973033426e+01
1.988619936955453227e+01
1.971214497028261192e+01
1.953707802078882239e+01
1.936103002304652421e+01
1.918409657747951158e+01
1.900630918606114506e+01
1.882776344921522238e+01
1.864861906581600337e+01
1.846884343938639361e+01
1.828859626880064226e+01
1.810790905603210987e+01
1.792694149995504560e+01
1.774566100409235503e+01
1.756429136576875294e+01
1.738273589005666864e+01
1.720128247273128963e+01
1.701983441886504167e+01
1.683861552578264664e+01
1.665759319700699592e+01
1.647692713141236354e+01
1.629664883097208516e+01
1.611685389610996566e+01
1.593770202570027728e+01
1.575928882016682131e+01
1.558163652155752565e+01
1.540485852911957743e+01
1.522893078527383359e+01
1.505408562624296209e+01
1.488017079754691174e+01
1.470735453695790262e+01
1.453567688534724134e+01
1.436504968668533344e+01
1.419564117874439368e+01
1.402749140239573755e+01
1.386057630006020780e+01
1.369493591260912702e+01
1.353067437936425144e+01
1.336776764274644336e+01
1.320631984207746612e+01
1.304637101822862277e+01
1.288796121207123058e+01
1.273106636602613939e+01
1.257585471786556752e+01
1.242236630846083578e+01
1.227051298178233374e+01
1.212052707405273821e+01
1.197232042924244766e+01
1.182599718667323607e+01
1.168159738721640117e+01
1.153922517019371341e+01
1.139879237957557301e+01
1.126046725313419472e+01
1.112422573329044262e+01
1.099017195936607472e+01
1.085821777533149302e+01
1.072853141895891760e+01
1.060108883266919655e+01
1.047593005733365246e+01
1.035315923227404156e+01
1.023281639836167223e+01
1.011494159646786173e+01
9.999574867463911332e+00
9.886756252221134744e+00
9.776589890061300636e+00
9.669051723405262422e+00
9.564245891574778113e+00
9.462148336990708231e+00
9.362799100524362927e+00
9.266302321497501993e+00
9.172569843880532758e+00
9.081769905445668201e+00
8.993878448613768839e+00
8.908935514256135946e+00
8.826981143244090333e+00
8.748050702110901966e+00
8.672160860037713803e+00
8.599259513417184309e+00
8.529422755542872991e+00
8.462662581257895056e+00
8.398990985405358600e+00
8.338291765927463572e+00
8.280705114568229774e+00
8.226114829269853601e+00
8.174597003325905220e+00
8.126099533129041319e+00
8.080698511972821407e+00
8.038341836249902173e+00
7.999041500803394378e+00
7.962745402025951158e+00
7.929529633211134687e+00
7.899342090751612311e+00
7.872194769490481470e+00
7.848099664270854703e+00
7.827004671485391363e+00
7.808921785977195107e+00
7.793863002589379363e+00
7.781712119264145855e+00
7.772609327745509944e+00
7.766438425975673354e+00
7.763211408797749513e+00
7.762876172604389780e+00
7.765444712238700475e+00
7.770864924093343618e+00
7.779148803011425528e+00
7.790308343836056082e+00
7.804291442959891079e+00
7.821045996775581877e+00
7.840519901675788716e+00
7.862789250954072884e+00
7.887737842552635215e+00
7.915313572864129732e+00
7.945592535182123939e+00
7.978522625899268306e+00
8.013987642957767221e+00
8.051999581200727008e+00
8.092506337020804352e+00
8.135455806810650614e+00
8.180859985413380997e+00
8.228666769221645083e+00
8.278824054628101337e+00
8.331279738025404669e+00
8.385981715806206438e+00
8.442941982813620072e+00
8.502044336989843742e+00
8.563304639504247362e+00
8.626626019930338174e+00
8.692043671068789834e+00
8.759528687269826364e+00
8.828988064433209715e+00
8.900456995359624202e+00
8.973906574399281411e+00
9.049179699001500765e+00
9.126375660417407332e+00
9.205465552997228684e+00
9.286292274190270035e+00
9.368891016797208593e+00
9.453232875168271931e+00
9.539224845203218450e+00
9.626902119702728911e+00
9.716171694566567041e+00
9.806940565694501899e+00
9.899308024337660328e+00
9.993052869494905011e+00
1.008827439241736101e+01
1.018481549055434066e+01
1.028271135670652292e+01
1.038180488832321835e+01
1.048219537665555734e+01
1.058366162070239547e+01
1.068630291171486490e+01
1.078996214714227619e+01
1.089454632288439662e+01
1.100015473019235479e+01
1.110656616806500985e+01
1.121387992775349041e+01
1.132187480825665560e+01
1.143058600237517908e+01
1.153992050600882990e+01
1.164984941350782499e+01
1.176021562232147843e+01
1.187105432525046744e+01
1.198227251819455574e+01
1.209377719705350884e+01
1.220553945617754898e+01
1.231740219301598849e+01
1.242940060036950101e+01
1.254144167413785738e+01
1.265336831177036458e+01
1.276521570606769629e+01
1.287689085292962865e+01
1.298823664980545978e+01
1.309928828949587398e+01
1.320988866945018003e+01
1.332000888401860195e+01
1.342956384691447269e+01
1.353850014310543592e+01
1.364683637382314707e+01
1.375446294339836584e+01
1.386146255151320617e+01
1.396766150404796214e+01
1.407314250068476191e+01
1.417786004420480950e+01
1.428170453893885572e+01
1.438469458611856311e+01
1.448678468852514101e+01
1.458799344739026083e+01
1.468821126704466273e+01
1.478739265026956140e+01
1.488562029674707965e+01
1.498278461080796298e+01
1.507884009523341895e+01
1.517374125280466224e+01
1.526750668475335004e+01
1.536002679541024030e+01
1.545132018600699375e+01
1.554140545777526938e+01
1.563010891659537727e+01
1.571744916369897105e+01
1.580338070186726185e+01
1.588792213233191042e+01
1.597102795787412788e+01
1.605258858282466150e+01
1.613262260841518625e+01
1.621108453742689903e+01
1.628792887264101807e+01
1.636317421528919169e+01
1.643664687125173529e+01
1.650842954021075570e+01
1.657847672494746405e+01
1.664667882979261648e+01
1.671299035752741702e+01
1.677749400783398315e+01
1.684001608659261962e+01
1.690063929348543326e+01
1.695925403284318733e+01
1.701587890589754437e+01
1.707040431697925342e+01
1.712291296577043553e+01
1.717323115815138834e+01
1.722137749535377083e+01
1.726737057860924907e+01
1.731116491069903773e+01
1.735265089595388588e+01
1.739184713560544893e+01
1.742871233624154570e+01
1.746322201967638676e+01
1.749542000998124536e+01
1.752528603277693975e+01
1.755273571523382969e+01
1.757787697987363273e+01
1.760068955231718135e+01
1.762108905973482820e+01
1.763918342464829792e+01
1.765488827422796092e+01
1.766824743254507624e+01
1.767924062522046924e+01
1.768791167632540962e+01
1.769424031148071208e+01
1.769820625630719135e+01
1.769978923642566571e+01
1.769909717435786689e+01
1.769604569727414756e+01
1.769061453079533308e+01
1.768291159744313745e+01
1.767278842593748323e+01
1.766041703725053935e+01
1.764571305855266559e+01
1.762865621546469086e+01
1.760935443050833271e+01
1.758778742930441297e+01
1.756393493747373924e+01
1.753790487753805039e+01
1.750961287666769906e+01
1.747910275893395848e+01
1.744641834840809835e+01
1.741160346916139190e+01
1.737457374836420243e+01
1.733543710853825814e+01
1.729410917685391880e+01
1.725069787583290193e+01
1.720518293109603292e+01
1.715754406826413003e+01
1.710788920985892148e+01
1.705619808150121486e+01
1.700251450726228342e+01
1.694681821276294897e+01
1.688915302207448121e+01
1.682956275926814627e+01
1.676802714996476595e+01
1.670465411668607203e+01
1.663942338505286855e+01
1.657237877913643942e+01
1.650356412300804365e+01
1.643295914228851018e+01
1.636066883179771381e+01
1.628665827864724847e+01
1.621088964224687246e+01
1.613351737735770186e+01
1.605443954493902581e+01
1.597374650130151608e+01
1.589140040585491676e+01
1.580742751645943578e+01
1.572185409097527931e+01
1.563477048571311379e+01
1.554626705698359679e+01
1.545624186574602987e+01
1.536478526831106173e+01
1.527198762098937124e+01
1.517787518164115745e+01
1.508241010967616447e+01
1.498561866295460909e+01
1.488759119778715245e+01
1.478828987358354041e+01
1.468786914510489616e+01
1.458616297486005209e+01
1.448338991606058990e+01
1.437951212811626078e+01
1.427455586888726558e+01
1.416861149468426362e+01
1.406176936181792669e+01
1.395392753124754393e+01
1.384524045773423495e+01
1.373573439913820771e+01
1.362537151486920806e+01
1.351430625968836097e+01
1.340250079300541053e+01
1.329004547113102319e+01
1.317696655192540334e+01
1.306322619479830571e+01
1.294897885451084285e+01
1.283431488737367943e+01
1.271913235434611344e+01
1.260358571018925566e+01
1.248776531121377076e+01
1.237169741527987021e+01
1.225540828024775841e+01
1.213898826242809292e+01
1.202252771813153842e+01
1.190598880676784965e+01
1.178939778619722567e+01
1.167297320963124641e+01
1.155661313802920453e+01
1.144040792770176296e+01
1.132438383650912606e+01
1.120868884528799647e+01
1.109331684227649539e+01
1.097825524178833234e+01
1.086349145813720085e+01
1.074914110253772925e+01
1.063519158930361819e+01
1.052169443119902859e+01
1.040857294408720790e+01
1.029594273918277558e+01
1.018385532924989079e+01
1.007223403015180097e+01
9.961194453103125568e+00
9.850724012417572339e+00
9.740874220859293331e+00
9.631632492741999840e+00
9.522986242379394284e+00
9.415115179436551074e+00
9.307878521326264476e+00
9.201327780812691870e+00
9.095578569110450928e+00
8.990554202082790880e+00
8.886370290944327621e+00
8.783014250008770674e+00
8.680537592040275641e+00
8.578991829803003455e+00
8.478428476061116825e+00
8.378899043578774908e+00
8.280326848219228708e+00
8.182827501197092346e+00
8.086452515276526753e+00
7.991125206320783825e+00
7.896961185544474127e+00
7.803947867261308957e+00
7.712072665784992509e+00
7.621451192330140678e+00
7.532070861210456769e+00
7.443919086739644975e+00
7.357111480132321191e+00
7.271571357251741752e+00
7.187478427762971300e+00
7.104756007529262618e+00
7.023455609314771309e+00
6.943564647433210446e+00
6.865198733099193262e+00
6.788345280626421285e+00
6.712927605878147297e+00
6.639125418519444821e+00
6.566862034413559535e+00
6.496188966324652370e+00
6.427221825467340111e+00
6.359816106600439944e+00
6.294132906119123128e+00
6.230201400863672134e+00
6.167858472323004548e+00
6.107325592688769511e+00
6.048439643449886383e+00
5.991229801446634973e+00
5.935789341969755384e+00
5.882019244958619275e+00
5.830012785703964084e+00
5.779670944145165912e+00
5.731022897122505455e+00
5.684097821476264301e+00
5.638860795596273512e+00
5.595340996322813787e+00
5.553567600496166712e+00
5.513505686506163350e+00
5.475120332742632101e+00
5.438440716045852774e+00
5.403431914805654657e+00
5.370187204312776963e+00
5.338607564506589576e+00
5.308786270677832597e+00
5.280624302765878575e+00
5.254150837611011760e+00
5.229330953603059662e+00
5.206257926032755279e+00
5.184768636389023300e+00
5.165020458413054349e+00
5.146914372044220087e+00
5.130415455672348024e+00
5.115552886137724187e+00
5.102355840280628385e+00
5.090725298040434943e+00
5.080690436257426335e+00
5.072280431771883258e+00
5.065460362973639441e+00
5.060195308252516178e+00
5.056514444448801271e+00
5.054382849952321344e+00
5.053765603152903019e+00
5.054691880890828770e+00
5.057062663105472922e+00
5.060971225087573799e+00
5.066318546776502174e+00
5.073133805012543185e+00
5.081317979735068491e+00
5.090964346234815530e+00
5.101973884451158625e+00
5.114311672773923512e+00
5.128008869411941006e+00
5.143040459597767899e+00
5.159383409932510212e+00
5.177014687017273964e+00
5.195975355903620141e+00
5.216178284742194471e+00
5.237664538584558827e+00
5.260346985581364265e+00
5.284305149854443329e+00
5.309458309399489373e+00
5.335796250507701011e+00
5.363308759470272413e+00
5.391972802888308713e+00
5.421765347362915932e+00
5.452676179185287353e+00
5.484682264956532549e+00
5.517754161432705473e+00
5.551881654905003849e+00
5.587035302129488734e+00
5.623192069707264373e+00
5.660328924239434123e+00
5.698410012637014965e+00
5.737412301501108480e+00
5.777312757432820689e+00
5.818081937188209984e+00
5.859696807368383276e+00
5.902121514884353104e+00
5.945326616492178751e+00
5.989282668947920385e+00
6.033960229007637288e+00
6.079323443582342890e+00
6.125349279273139658e+00
6.172001882991045463e+00
6.219238991802027883e+00
6.267037572307190274e+00
6.315355361572499326e+00
6.364156506508973798e+00
6.413411563872669419e+00
6.463078270729554653e+00
6.513120773990643819e+00
6.563509630411997975e+00
6.614189757369492106e+00
6.665131711619185495e+00
6.716286820382001643e+00
6.767632050259046572e+00
6.819112318626195268e+00
6.870691772394462937e+00
6.922321738784773970e+00
6.973972774553184095e+00
7.025589797075571852e+00
7.077142010428321584e+00
7.128612437504245669e+00
7.179982748516484214e+00
7.231241023523218736e+00
7.282368932737586675e+00
7.333354556217772213e+00
7.384179564176914567e+00
7.434825626828149403e+00
7.485280824229660901e+00
7.535526826594588279e+00
7.585545304136066314e+00
7.635311517222191036e+00
7.684819955756187149e+00
7.734045880106152460e+00
7.782970960485217304e+00
7.831576867106527118e+00
7.879845270183214900e+00
7.927757839928420758e+00
7.975289836710235392e+00
8.022422930741798908e+00
8.069106743011019489e+00
8.115399861871582132e+00
8.161226268931214278e+00
8.206529175332780923e+00
8.251315890669602027e+00
8.295657822985454288e+00
8.339369986522289224e+00
8.382523789323883534e+00
8.425126540983558954e+00
8.467121452644175150e+00
8.508451735448600672e+00
8.549124698990155480e+00
8.589083554411702792e+00
8.628399709757019309e+00
8.666952277718513287e+00
8.704748567889502908e+00
8.741795889863313462e+00
8.778037454782804616e+00
8.813480572241296329e+00
8.848068453381657150e+00
8.881808407797207039e+00
8.914579548180350699e+00
8.946517381025321569e+00
8.977501019024527906e+00
9.007473673320836483e+00
9.036506751958020445e+00
9.064543466078946565e+00
9.091527026826476288e+00
9.117464743793931348e+00
9.142299828124178518e+00
9.166042766663261787e+00
9.188652656817673403e+00
9.210219970147550228e+00
9.230578784411198612e+00
9.249883669619206827e+00
9.268032801980341517e+00
9.285116653054730662e+00
9.301033399051146233e+00
9.315809413079255918e+00
9.329471068248745169e+00
9.342044737669281673e+00
9.353428597549639179e+00
9.363713119449942113e+00
9.372924676479868822e+00
9.380897346397734538e+00
9.387785699214116875e+00
9.393552009588246321e+00
9.398158552179339154e+00
9.401631700097070166e+00
9.403997826451117703e+00
9.405219205900701596e+00
9.405322211555500189e+00
9.404333216525188277e+00
9.402150397018530725e+00
9.398864224595659067e+00
9.394436973915798461e+00
9.388959116539073335e+00
9.382328828674255661e+00
9.374572483431016678e+00
9.365780552369493250e+00
9.355787113247989950e+00
9.344746736077096827e+00
9.332621695516035487e+00
9.319438364674480724e+00
9.305094919761199179e+00
9.289681832336320610e+00
9.273225475509521587e+00
9.255688123940025491e+00
9.237096150737503564e+00
9.217475929011637703e+00
9.196789733421649515e+00
9.175063937077208465e+00
9.152324913087994673e+00
9.128599034563684711e+00
9.103912674613955147e+00
9.078228107898025812e+00
9.051571707525571497e+00
9.023905748155815587e+00
8.995320701348889614e+00
8.965778841764011631e+00
8.935305344351807122e+00
8.903856492976208514e+00
8.871579668693469145e+00
8.838301760307560428e+00
8.804170148874728596e+00
8.769139920099862096e+00
8.733230258138295454e+00
8.696460347145368530e+00
8.658849371276415852e+00
8.620352416236325865e+00
8.580988666180434876e+00
8.540841403714532376e+00
8.499865714543506812e+00
8.458080782822692711e+00
8.415505792707433486e+00
8.372095829902605146e+00
8.327998275464459255e+00
8.283104116647427517e+00
8.237560734507752613e+00
8.191259116299866250e+00
8.144282544629557918e+00
8.096586105201717842e+00
8.048317179072586924e+00
7.999430851947051835e+00
7.949882209529998356e+00
7.899754534427213315e+00
7.849067010794041011e+00
7.797838822785815083e+00
7.746025056107422202e+00
7.693708993364654525e+00
7.640909818712848356e+00
7.587710814757801181e+00
7.534002968753936713e+00
7.479869563307052438e+00
7.425329782572484660e+00
7.370402810705569685e+00
7.315171930312100557e+00
7.259592227096967498e+00
7.203746983665956449e+00
7.147591285723952303e+00
7.091208415876750770e+00
7.034617558279688154e+00
6.977837897088102537e+00
6.920888616457332887e+00
6.863788900542717286e+00
6.806557933499595592e+00
6.749278997933759072e+00
6.691907179550089957e+00
6.634525760954383955e+00
6.577089827851524184e+00
6.519678871344198434e+00
6.462293118072231835e+00
6.404993101622796559e+00
6.347775257132614257e+00
6.290571921287946289e+00
6.233443627675970156e+00
6.176450909883857143e+00
6.119590203048326238e+00
6.062857942306101755e+00
6.006186464343438836e+00
5.949700401197974386e+00
5.893396188006425618e+00
5.837206161455054776e+00
5.781190855131037587e+00
5.725346704171093926e+00
5.669734242162395965e+00
5.614285805791208617e+00
5.559126027095164346e+00
5.504123144310065996e+00
5.449465887924004548e+00
5.395086594623241361e+00
5.340981699544493644e+00
5.287147637824483049e+00
5.233644943050382636e+00
5.180470050358913170e+00
5.127683493337247711e+00
5.075217608671647618e+00
5.023068831498837206e+00
4.971425892306900352e+00
4.920092930881184934e+00
4.869258677709782823e+00
4.818855469478957154e+00
4.768879741325421584e+00
4.719456125286810355e+00
4.670516958049385714e+00
4.622058674749868423e+00
4.574205907425886508e+00
4.526890992763703103e+00
4.480174464350495711e+00
4.433988658872524802e+00
4.388458208367423730e+00
4.343515449521452076e+00
4.299220915921787345e+00
4.255635141155602597e+00
4.212690461909162742e+00
4.170383313319184104e+00
4.128838327423301813e+00
4.088051939358230413e+00
4.047956485810234817e+00
4.008612500366489861e+00
3.970077897575858827e+00
3.932336017383502469e+00
3.895367580696270871e+00
3.859153308421015893e+00
3.823802118365498437e+00
3.789166534535657771e+00
3.755355474739253463e+00
3.722349659883137374e+00
3.690129810874159588e+00
3.658740747069625598e+00
3.628099090925929637e+00
3.598249661800378529e+00
3.569173180599823691e+00
3.540914466681567507e+00
3.513454240952461838e+00
3.486837322769813508e+00
3.460980334590016749e+00
3.435928095770375279e+00
3.411725425668198142e+00
3.388288946739879126e+00
3.365727576793177356e+00
3.343919479214215063e+00
3.322954342275620032e+00
3.302800067194147537e+00
3.283450194566741587e+00
3.264911084680432118e+00
3.247176278132163141e+00
3.230245725363919629e+00
3.214112966972643815e+00
3.198784363245367413e+00
3.184259864624079395e+00
3.170526601860673921e+00
3.157597345087228113e+00
3.145465634900685092e+00
3.134131421743031609e+00
3.123581836366162712e+00
3.113810419367019744e+00
3.104823531032636641e+00
3.096608302114907119e+00
3.089164683055819705e+00
3.082479804607269447e+00
3.076553617211243985e+00
3.071386071309729626e+00
3.066970707499667714e+00
3.063301066378000037e+00
3.060370688541668382e+00
3.058173114587613206e+00
3.056714704802867555e+00
3.055976180094280181e+00
3.055957490903840501e+00
3.056639982878384565e+00
3.058020320314787099e+00
3.060102202094954649e+00
3.062870097565657534e+00
3.066321295763758670e+00
3.070446675881072451e+00
3.075249936799506756e+00
3.080715547865831017e+00
3.086834388271862739e+00
3.093610156899506691e+00
3.101027323095535859e+00
3.109083175896810047e+00
3.117762184650101798e+00
3.127068048237314546e+00
3.136978826160175426e+00
3.147491807455545576e+00
3.158597871315240724e+00
3.170281487086032080e+00
3.182533533959735372e+00
3.195351300973210851e+00
3.208712847628184317e+00
3.222609053116472833e+00
3.237024386784844499e+00
3.251956137670162228e+00
3.267388775119196342e+00
3.283300358633671312e+00
3.299688177250448717e+00
3.316530290471254805e+00
3.333823987332948491e+00
3.351540917492211502e+00
3.369678369985903199e+00
3.388220814160796124e+00
3.407146309518612970e+00
3.426452145096217539e+00
3.446103560705242153e+00
3.466097845382549281e+00
3.486413058629861617e+00
3.507027259948907183e+00
3.527931328531499489e+00
3.549103323879364780e+00
3.570527715339273378e+00
3.592182562412949753e+00
3.614045924602117488e+00
3.636102271253549567e+00
3.658336071714015425e+00
3.680718975640192792e+00
3.703235452378855097e+00
3.725869971276770443e+00
3.748587772145573371e+00
3.771379734177080501e+00
3.794226663562859425e+00
3.817107533563767419e+00
3.840029703510683401e+00
3.862987713044400362e+00
3.885969691960659667e+00
3.908963770055209785e+00
3.931977306658928750e+00
3.954992021722518292e+00
3.978002454886769623e+00
4.001003145792469518e+00
4.023988634080411408e+00
4.046947049546337993e+00
4.069872931831040930e+00
4.092754410730266024e+00
4.115579616039756417e+00
4.138343087400301989e+00
4.161039364452693512e+00
4.183650167147632715e+00
4.206170035125906814e+00
4.228587098183260728e+00
4.250895895960487891e+00
4.273078148408284704e+00
4.295134805012487789e+00
4.317041175878751247e+00
4.338791800647864960e+00
4.360381218960618810e+00
4.381791150767714527e+00
4.403009725864893475e+00
4.424025074047903239e+00
4.444825325112487846e+00
4.465398608854392215e+00
4.485739464914404451e+00
4.505823203398183097e+00
4.525650773791559445e+00
4.545197486200188486e+00
4.564451470419816026e+00
4.583407266091231946e+00
4.602053003010180277e+00
4.620363991282316896e+00
4.638341180393476648e+00
4.655959880449311861e+00
4.673214631090615079e+00
4.690080742423037741e+00
4.706559163932417356e+00
4.722625205724408914e+00
4.738260587749707931e+00
4.753466259494152801e+00
4.768217531063398518e+00
4.782502532253187333e+00
4.796309392859264165e+00
4.809621943623765716e+00
4.822438868299605552e+00
4.834754551586093463e+00
4.846569788027579762e+00
4.857891782013461501e+00
4.868702098552956770e+00
4.879014351880505806e+00
4.888822926695415738e+00
4.898128617542038654e+00
4.906919399274636717e+00
4.915202476282606092e+00
4.922978643110297980e+00
4.930242284457021285e+00
4.936987785022080466e+00
4.943215939349828503e+00
4.948927541984616596e+00
4.954116977625751872e+00
4.958791450662633160e+00
4.962938935949519070e+00
4.966573047720852507e+00
4.969681760830895634e+00
4.972278689514093131e+00
4.974351808624703608e+00
4.975908322552125007e+00
4.976942615995663566e+00
4.977455483499671374e+00
4.977454129453546372e+00
4.976926528711550723e+00
4.975879885663078817e+00
4.974308585007438666e+00
4.972213421288984136e+00
4.969595189052065543e+00
4.966461092686079049e+00
4.962805516890333557e+00
4.958629256209180269e+00
4.953939515032016239e+00
4.948730678058147703e+00
4.943009949676972603e+00
4.936771714587798954e+00
4.930029587025067883e+00
4.922765131997994814e+00
4.914998373586068503e+00
4.906717286643550224e+00
4.897929075559837031e+00
4.888634534879282789e+00
4.878834459146236924e+00
4.868536052750098264e+00
4.857740110235219788e+00
4.846453835990995884e+00
4.834678024561783083e+00
4.822419658862506786e+00
4.809678426065181256e+00
4.796460201712394955e+00
4.782764451501692271e+00
4.768597050975663443e+00
4.753963875676897821e+00
4.738857981457894830e+00
4.723285243861241156e+00
4.707251538429529703e+00
4.690762740705348932e+00
4.673824726231288196e+00
4.656443370549936844e+00
4.638611729513793414e+00
4.620354908200585697e+00
4.601665962462811343e+00
4.582550767843057926e+00
4.563021609728963313e+00
4.543084363663116854e+00
4.522744905188107012e+00
4.502015519691569878e+00
4.480895672871048063e+00
4.459397650114177658e+00
4.437533736808594753e+00
4.415303398651841960e+00
4.392712511186509516e+00
4.369779769645277590e+00
4.346498229880645603e+00
4.322886587125295499e+00
4.298950716921813964e+00
4.274696494812791236e+00
4.250136206185864296e+00
4.225282136428666568e+00
4.200140161083787405e+00
4.174735385228955487e+00
4.149067274561712537e+00
4.123160934159784574e+00
4.097015829720717761e+00
4.070657066322236339e+00
4.044077699816839733e+00
4.017309245127299810e+00
3.990344758106114220e+00
3.963202933985965792e+00
3.935902467999533805e+00
3.908442825844359536e+00
3.880836292908083074e+00
3.853107974268428215e+00
3.825270155313029719e+00
3.797328711584476935e+00
3.769302338315453582e+00
3.741203320893591311e+00
3.713048441101882258e+00
3.684834007234473408e+00
3.656567233825910535e+00
3.628255335410740301e+00
3.599886296988373591e+00
3.571473742938404250e+00
3.543018477950332201e+00
3.514521306713658255e+00
3.485989443762930851e+00
3.457430103632697982e+00
3.428844091012458684e+00
3.400251440126853986e+00
3.371659365510427442e+00
3.343062262007638452e+00
3.314480163843121829e+00
3.285907465861336529e+00
3.257364202286918697e+00
3.228844767964326401e+00
3.200362787273150822e+00
3.171925474747937734e+00
3.143527225233145650e+00
3.115181663108364418e+00
3.086902412753189218e+00
3.058683869012075451e+00
3.030552475954706448e+00
3.002509038270583464e+00
2.974554360649207752e+00
2.946714887160263530e+00
2.918985012648206645e+00
2.891378361492629612e+00
2.863895738383034129e+00
2.836557177544058117e+00
2.809363483665203720e+00
2.782321871281016712e+00
2.755439554926045531e+00
2.728730158979880915e+00
2.702207307822118043e+00
2.675865396297210985e+00
2.649737278319888478e+00
2.623817348734609034e+00
2.598125641766008798e+00
2.572669371948634875e+00
2.547468573507125633e+00
2.522524051130982770e+00
2.497843019354753391e+00
2.473445512403074531e+00
2.449332334965450109e+00
2.425517111421470862e+00
2.402007056305683896e+00
2.378815793997682171e+00
2.355942466257047840e+00
2.333405202503868292e+00
2.311188420003084332e+00
2.289302175399817063e+00
2.267750115494146179e+00
2.246523067396054341e+00
2.225631087750667092e+00
2.205071413513015166e+00
2.184841281638128851e+00
2.164950748771131472e+00
2.145390642022009242e+00
2.126171018035884153e+00
2.107282703922742861e+00
2.088742166172752768e+00
2.070533822050854678e+00
2.052667728202171027e+00
2.035147531426778844e+00
2.017964058834664787e+00
2.001120957225904551e+00
1.984621873400576719e+00
1.968464044313711803e+00
1.952657526610432015e+00
1.937193147400723792e+00
1.922080963329710235e+00
1.907318211352422077e+00
1.892914948113982199e+00
1.878862000724376591e+00
1.865175835673773541e+00
1.851840870227112523e+00
1.838873570874562491e+00
1.826258354881064916e+00
1.814005278891739126e+00
1.802105170016574220e+00
1.790568084900691526e+00
1.779391260499123772e+00
1.768565523921854732e+00
1.758107341659054468e+00
1.748001130975661566e+00
1.738256948516800016e+00
1.728878441082546846e+00
1.719856435782886717e+00
1.711194579417897765e+00
1.702896518787657465e+00
1.694953081002150919e+00
1.687374322706500340e+00
1.680144661165647202e+00
1.673274153024713273e+00
1.666753625393685656e+00
1.660586725072639824e+00
1.654777098861654139e+00
1.649315586870096384e+00
1.644199491049912476e+00
1.639438946042523160e+00
1.635024856954210071e+00
1.630954538736302917e+00
1.627238126030221776e+00
1.623860114097202434e+00
1.620830637578665856e+00
1.618134191735849825e+00
1.615774501365127236e+00
1.613742471572782167e+00
1.612048237000234474e+00
1.610676292908721274e+00
1.609623954249571165e+00
1.608894945819158595e+00
1.608486582568811718e+00
1.608383359759768316e+00
1.608595412033448468e+00
1.609113644496134699e+00
1.609935372099156048e+00
1.611057909793840892e+00
1.612472162686472643e+00
1.614175445728379232e+00
1.616171483715935775e+00
1.618438362065333536e+00
1.620986215417992149e+00
1.623805948880195471e+00
1.626888467558226026e+00
1.630231086403412633e+00
1.633831120367083667e+00
1.637673064710477133e+00
1.641760644229967259e+00
1.646084764031836345e+00
1.650642739067413434e+00
1.655419064597936751e+00
1.660411055574733563e+00
1.665616026949133577e+00
1.671024883827419760e+00
1.676634941160920711e+00
1.682430694210873323e+00
1.688409457928606860e+00
1.694568547265450142e+00
1.700892457482640063e+00
1.707378503531505887e+00
1.714017590518330358e+00
1.720794213704351261e+00
1.727712097885942599e+00
1.734755738324341712e+00
1.741916040125832010e+00
1.749183908396696685e+00
1.756551322151879591e+00
1.764014556040967685e+00
1.771570958622210590e+00
1.779217878453855928e+00
1.786959073939197395e+00
1.794779073946392245e+00
1.802681636878735727e+00
1.810657701449429169e+00
1.818704616216721526e+00
1.826826139583906938e+00
1.835006800419142214e+00
1.843243947280676531e+00
1.851541338571802697e+00
1.859883503160679297e+00
1.868274199450599360e+00
1.876704366154766213e+00
1.885171351831427700e+00
1.893666095193787591e+00
1.902192354645138916e+00
1.910728249208593743e+00
1.919283947132491841e+00
1.927843977284990240e+00
1.936405688224337229e+00
1.944960018663736134e+00
1.953510727006480430e+00
1.962035932275682404e+00
1.970539392874635531e+00
1.979012047516542472e+00
1.987451244759652402e+00
1.995841513472122131e+00
2.004180202212199724e+00
2.012464659538134359e+00
2.020679414318082845e+00
2.028821815110294136e+00
2.036889210473015410e+00
2.044866129274405697e+00
2.052743510227665880e+00
2.060525111736092096e+00
2.068189052822794416e+00
2.075739091891067201e+00
2.083159757809068147e+00
2.090448399135045765e+00
2.097589544737157308e+00
2.104580543173650398e+00
2.111418743002773546e+00
2.118082263247639929e+00
2.124574862311542134e+00
2.130881069062637856e+00
2.136991822214129755e+00
2.142904470324266786e+00
2.148605529368597722e+00
2.154095873597284605e+00
2.159384774212927294e+00
2.164475092573079795e+00
2.169363280190249377e+00
2.174052198421991378e+00
2.178551118470904324e+00
2.182856491849497704e+00
2.186977589760369600e+00
2.190910863716029500e+00
2.194665584919075929e+00
2.198238204882018376e+00
2.201631584962409960e+00
2.204854996362850983e+00
2.207904890595848713e+00
2.210784129018958044e+00
2.213495572989732540e+00
2.216048493710771616e+00
2.218432932849538464e+00
2.220664571453677905e+00
2.222733451190652243e+00
2.224648843263061782e+00
2.226413609028460527e+00
2.228024199999356192e+00
2.229489887378348634e+00
2.230813532522991860e+00
2.231991586945794026e+00
2.233026912004309139e+00
2.233928778901137058e+00
2.234693639148785937e+00
2.235330763949854749e+00
2.235836604816852979e+00
2.236220432952378712e+00
2.236478699868941877e+00
2.236614266924095151e+00
2.236636405320438836e+00
2.236535156725435680e+00
2.236326202186729617e+00
2.236005993216830579e+00
2.235570981328246276e+00
2.235036847568621532e+00
2.234400043450465390e+00
2.233663430331331412e+00
2.232836279413819014e+00
2.231908632365390499e+00
2.230896170233692022e+00
2.229795344531231738e+00
2.228615426460608617e+00
2.227346457689285408e+00
2.226004119264907821e+00
