# te
2.554095771942651805e+00
3.219874021718769797e+00
3.348842505357503718e+00
3.150392327821407878e+00
2.791356412482989491e+00
2.378846521728487318e+00
1.978987912827929962e+00
1.626714035830589600e+00
1.342182872866674259e+00
1.133799410896654258e+00
1.004455169146183380e+00
9.416913645790532250e-01
9.287916433132578087e-01
9.527661393131492407e-01
1.003488116763801230e+00
1.067422809887695223e+00
1.133324252671597865e+00
1.197546726635435821e+00
1.251316374030494005e+00
1.298231113807865489e+00
1.339912044020042714e+00
1.378001181684493703e+00
1.414227944721630603e+00
1.446804528671352452e+00
1.482825255116486440e+00
1.522734386862523159e+00
1.561262730261774756e+00
1.602166474730358114e+00
1.638370948038662345e+00
1.674294704963803282e+00
1.701097050970830971e+00
1.718222906986989873e+00
1.728416348285528148e+00
1.724685956132481435e+00
1.715907699490474059e+00
1.694482450083736769e+00
1.660131949983457478e+00
1.615531574673017223e+00
1.563213754295086133e+00
1.505259006241238540e+00
1.441882508293256260e+00
1.372488574159275831e+00
1.295096991017600452e+00
1.207464742399666724e+00
1.108125556348298790e+00
9.971176776904936423e-01
8.748394558366771045e-01
7.417533386477296320e-01
5.984416380868841090e-01
4.454190544016589648e-01
2.827554931914804670e-01
1.102285191727646885e-01
-7.312566561603758841e-02
-2.685898130259410377e-01
-4.776127433612996631e-01
-7.000943594425056427e-01
-9.349612184879976251e-01
-1.180891816712952069e+00
-1.436205699009996728e+00
-1.699603526823963762e+00
-1.971618100370696514e+00
-2.253253074248880772e+00
-2.545505693212155585e+00
-2.849424480774525925e+00
-3.165875585943746628e+00
-3.494271347212428047e+00
-3.833655843060611357e+00
-4.183098791348518475e+00
-4.541836565907558132e+00
-4.909409997522785396e+00
-5.286430318357806968e+00
-5.673588872953285289e+00
-6.070653988163330794e+00
-6.477105547814999476e+00
-6.892392602194643558e+00
-7.315379358582510427e+00
-7.745841437939837704e+00
-8.183810855029676645e+00
-8.629447821515995543e+00
-9.082683325258821938e+00
-9.543172443406991334e+00
-1.001066152155767419e+01
-1.048464051150622112e+01
-1.096491985730026464e+01
-1.145096031491093846e+01
-1.194229815236389314e+01
-1.243844044186055520e+01
-1.293895835405282391e+01
-1.344355125649349070e+01
-1.395173444296059628e+01
-1.446331248734041175e+01
-1.497784179129397941e+01
-1.549513515028418453e+01
-1.601474896597206765e+01
-1.653630373846914026e+01
-1.705941996788691029e+01
-1.758371815433688923e+01
-1.810875469948011585e+01
-1.863408600497765022e+01
-1.915926847249054532e+01
-1.968405079903121546e+01
-2.020773299245888666e+01
-2.072999965133552891e+01
-2.125034307887174023e+01
-2.176819147982765301e+01
-2.228316535431477163e+01
-2.279475700554370832e+01
-2.330239463827459190e+01
-2.380569875261893031e+01
-2.430422832303885272e+01
-2.479736031984944589e+01
-2.528479477841914047e+01
-2.576597534031455439e+01
-2.624047384400321548e+01
-2.670786212795264447e+01
-2.716764793217990004e+01
-2.761933899670206927e+01
-2.806257125843712785e+01
-2.849685245740214157e+01
-2.892169033361419039e+01
-2.933672082399123582e+01
-2.974145166855036493e+01
-3.013539060730864705e+01
-3.051817357718405432e+01
-3.088937241664410749e+01
-3.124849486570589008e+01
-3.159517686128737779e+01
-3.192899024185609846e+01
-3.224944274742910721e+01
-3.255617338569031460e+01
-3.284876934893681266e+01
-3.312688499868205838e+01
-3.339004649953863435e+01
-3.363803640992088617e+01
-3.387031679599093792e+01
-3.408654201926223948e+01
-3.428643053969872057e+01
-3.446963671881384528e+01
-3.463581491812107771e+01
-3.478468359758434758e+01
-3.491583302026666757e+01
-3.502904574458239750e+01
-3.512397613204501567e+01
-3.520021444571753477e+01
-3.525760734246479444e+01
-3.529568098689933464e+01
-3.531421793743552939e+01
-3.531287255558685700e+01
-3.529129920286678157e+01
-3.524928365181763468e+01
-3.518662453149350711e+01
-3.510312368507646141e+01
-3.499871115264947008e+01
-3.487312467894413004e+01
-3.472629430404339956e+01
-3.455802187112934121e+01
-3.436817332183445473e+01
-3.415661459779126830e+01
-3.392327573908274019e+01
-3.366795858889091875e+01
-3.339065728574922076e+01
-3.309110957438926448e+01
-3.276937369179492521e+01
-3.242525148114823708e+01
-3.205873708098263108e+01
-3.166976053138109037e+01
-3.125844416777791679e+01
-3.082471803025609702e+01
-3.036857625734904431e+01
-2.989001298759017899e+01
-2.938908645796338703e+01
-2.886579080700206745e+01
-2.832018427169011687e+01
-2.775245328591232052e+01
-2.716259445568487152e+01
-2.655067835540554455e+01
-2.591684212540537047e+01
-2.526115880756490384e+01
-2.458382964066560916e+01
-2.388505586348896514e+01
-2.316497461636597777e+01
-2.242378713807812929e+01
-2.166175876585733207e+01
-2.087889844313370347e+01
-2.007559970404006933e+01
-1.925199968890746050e+01
-1.840842783341824074e+01
-1.754508537635388876e+01
-1.666230175339677544e+01
-1.576040640022930184e+01
-1.483953645718247039e+01
-1.390002135993865906e+01
-1.294231874108117175e+01
-1.196669393784192259e+01
-1.097360458280421014e+01
-9.963380111650410598e+00
-8.936414058513362235e+00
-7.893035859075449245e+00
-6.833767244370417160e+00
-5.758864502181918255e+00
-4.668868214752791346e+00
-3.563989422625334580e+00
-2.444695560143659741e+00
-1.311389963201426090e+00
-1.644118692418355954e-01
9.958930744468589280e-01
2.168986925225043993e+00
3.354389429058515226e+00
4.551601102377932584e+00
5.760130153428007382e+00
6.979473252732367072e+00
8.209134762628702120e+00
9.448613917578660093e+00
1.069738559463271699e+01
1.195491826099630295e+01
1.322066115433971589e+01
1.449415966000892553e+01
1.577480532706882244e+01
1.706213072117528640e+01
1.835547611263284296e+01
1.965443816554783041e+01
2.095829305177431578e+01
2.226657333696818242e+01
2.357855519298349734e+01
2.489377118547614032e+01
2.621156158475064402e+01
2.753133075956197118e+01
2.885248307866510231e+01
3.017442291081501793e+01
3.149649052631623292e+01
3.281809029392371713e+01
3.413856248394199611e+01
3.545724736667559540e+01
3.677361340932993272e+01
3.808693678375908576e+01
3.939655776026756939e+01
4.070188070761035704e+01
4.200224589609197068e+01
4.329686539911601528e+01
4.458527178233837418e+01
4.586667711916268075e+01
4.714042167989342857e+01
4.840597393173606378e+01
4.966261004654463562e+01
5.090973439307413884e+01
5.214668724162908831e+01
5.337274476406352619e+01
5.458737542758291283e+01
5.578985540404131171e+01
5.697941654663178213e+01
5.815556212305671835e+01
5.931768698390710881e+01
6.046512188132339816e+01
6.159738986279747053e+01
6.271388577892027172e+01
6.381419677563410886e+01
6.489752540817859483e+01
6.596435620080239914e+01
6.701286613353781263e+01
6.804379612443537440e+01
6.905596413803191069e+01
7.004947010787338968e+01
7.102313199849668024e+01
7.197769072795227885e+01
7.291132327627246923e+01
7.382348859249869122e+01
7.471492759468142708e+01
7.558381726285300317e+01
7.643089851506391597e+01
7.725434833134644919e+01
7.805490762975115615e+01
7.883139437481484890e+01
7.958454948458806655e+01
8.031254993910309281e+01
8.101613665641045259e+01
8.169412760104698634e+01
8.234598172205409128e+01
8.297243993748232072e+01
8.357232021186847248e+01
8.414572247875855737e+01
8.469210568719392995e+01
8.521092878621603006e+01
8.570165072486624069e+01
8.616437143669057264e+01
8.659919085523492299e+01
8.700556792954073160e+01
8.738232062414482471e+01
8.773083084160229816e+01
8.804927556194543570e+01
8.833839570322474799e+01
8.859765021448163225e+01
8.882713902926208505e+01
8.902568011210289001e+01
8.919401438105461466e+01
8.933160078515868463e+01
8.943725728895188354e+01
8.951172481048475049e+01
8.955510328330328207e+01
8.956685165644883284e+01
8.954707655371306885e+01
8.949591135987031976e+01
8.941349614994057049e+01
8.929997099894386281e+01
8.915483499739565332e+01
8.897822822031592693e+01
8.877029074272472542e+01
8.853116263964204791e+01
8.826098398608787932e+01
8.795989485708227562e+01
8.762675335863610826e+01
8.726298153477850406e+01
8.686807847602494803e+01
8.644218425739539668e+01
8.598543895390992020e+01
8.549798264058847508e+01
8.498059637695565982e+01
8.443277925352691682e+01
8.385467134532227362e+01
8.324705371186630032e+01
8.261006642817895340e+01
8.194320858477571790e+01
8.124726124118122073e+01
8.052300545691994671e+01
7.976994032250738087e+01
7.898884689746805066e+01
7.817922427231748372e+01
7.734185350658020752e+01
7.647815664428533466e+01
7.558699179144379343e+01
7.466914000758011127e+01
7.372474136771430153e+01
7.275521791587553366e+01
7.176006874257919321e+01
7.074007490734990711e+01
6.969537648520764606e+01
6.862739552018152267e+01
6.753563110278703618e+01
6.642150527705325658e+01
6.528515811800023982e+01
6.412672970064795663e+01
6.294636010001643456e+01
6.174547136013479331e+01
6.052356257151848240e+01
5.928141479369207900e+01
5.801916810167556804e+01
5.673760355499355512e+01
5.543686122866601096e+01
5.411900415122659780e+01
5.278353141319083619e+01
5.143184356917321765e+01
5.006461423162546254e+01
4.868185453908017024e+01
4.728549858358358193e+01
4.587491651916376156e+01
4.445076046885782972e+01
4.301368255570294252e+01
4.156433490273624187e+01
4.010272864849030583e+01
3.863015690050684725e+01
3.714573341901208892e+01
3.565107180379998653e+01
3.414669598100677916e+01
3.263319397521917153e+01
3.111128200792474630e+01
2.958167630061109676e+01
2.804496487786492764e+01
2.650192805962428722e+01
2.495321796892632804e+01
2.339942263035772640e+01
2.184132236385654480e+01
2.027950519400946305e+01
1.871468734230410291e+01
1.714758503022803993e+01
1.557872218391751318e+01
1.400887912331059049e+01
1.243864387299394991e+01
1.086866855600473158e+01
9.299669393830546582e+00
7.732298509508530593e+00
6.167143927625378552e+00
4.604921869668683776e+00
3.046348557126047130e+00
1.492204309935530215e+00
-5.685874886572289677e-02
-1.599996200889215459e+00
-3.136555923097794629e+00
-4.665757595553392534e+00
-6.186884996768433176e+00
-7.699221905255304144e+00
-9.202052099526408568e+00
-1.069465935809414781e+01
-1.217639155792137373e+01
-1.364659657597093734e+01
-1.510449409230480100e+01
-1.654943839373084913e+01
-1.798072607845157833e+01
-1.939769861358481151e+01
-2.079966541702310678e+01
-2.218595257225618766e+01
-2.355592166445869040e+01
-2.490904551828886326e+01
-2.624485168962502968e+01
-2.756282671133722317e+01
-2.886249557536575594e+01
-3.014344096225634573e+01
-3.140507248673847940e+01
-3.264692796044255374e+01
-3.386854519499897265e+01
-3.506939790358768505e+01
-3.624921619319044908e+01
-3.740747377698721010e+01
-3.854390076195974046e+01
-3.965803495973842274e+01
-4.074954237885458497e+01
-4.181808902783953386e+01
-4.286314861987320768e+01
-4.388445126193736456e+01
-4.488153476566241551e+01
-4.585406513957967434e+01
-4.680164429376998925e+01
-4.772381003986376413e+01
-4.862022838639230571e+01
-4.949056534188692069e+01
-5.033448691487891580e+01
-5.115191550770143891e+01
-5.194258122733624106e+01
-5.270627827921553887e+01
-5.344286496722203594e+01
-5.415200729988701056e+01
-5.483362767954360351e+01
-5.548752031162404563e+01
-5.611335120465964366e+01
-5.671104276098350283e+01
-5.728026098912697250e+01
-5.782086419297271362e+01
-5.833264657795292862e+01
-5.881540234949986967e+01
-5.926892571304573920e+01
-5.969320316937412230e+01
-6.008809302236767991e+01
-6.045351767435959545e+01
-6.078927133078203582e+01
-6.109534049241861453e+01
-6.137164756160243684e+01
-6.161811494066667194e+01
-6.183492142574625916e+01
-6.202205351762475516e+01
-6.217956181553623907e+01
-6.230756101716519879e+01
-6.240610414410986806e+01
-6.247518980897488206e+01
-6.251488314517951039e+01
-6.252518518769262101e+01
-6.250616106993346932e+01
-6.245781182687089483e+01
-6.238020259192416006e+01
-6.227327030161169574e+01
-6.213727238470409020e+01
-6.197246626997204544e+01
-6.177840430323117005e+01
-6.155720276831534221e+01
-6.130777302653563510e+01
-6.103094939271680630e+01
-6.072692519717905668e+01
-6.039653475474712252e+01
-6.003933041123666214e+01
-5.965614648147240473e+01
-5.924717629577457245e+01
-5.881261318446334485e+01
-5.835200949335436604e+01
-5.786684052177692905e+01
-5.735601763104215678e+01
-5.682165710498387057e+01
-5.626267030491317911e+01
-5.567989154565482579e+01
-5.507415514203353979e+01
-5.444565442436957170e+01
-5.379548010128942792e+01
-5.312331271550970513e+01
-5.242998658185513250e+01
-5.171595142444773785e+01
-5.098172106585999330e+01
-5.022780932866436387e+01
-4.945466593698287738e+01
-4.866286881183845026e+01
-4.785286767735310320e+01
-4.702530455300022538e+01
-4.618082145825319174e+01
-4.531999631413493290e+01
-4.444353523856930366e+01
-4.355195205412874770e+01
-4.264601697718757833e+01
-4.172617973186779494e+01
-4.079327463299415513e+01
-3.984781550313915233e+01
-3.889050846022660579e+01
-3.792205962218036319e+01
-3.694311100847377105e+01
-3.595424054012981685e+01
-3.495618320735931661e+01
-3.394953309571938860e+01
-3.293472086770280782e+01
-3.191249767805458859e+01
-3.088335828771797864e+01
-2.984786155608663805e+01
-2.880656634255423754e+01
-2.776009560496492057e+01
-2.670900820271234011e+01
-2.565392709364063251e+01
-2.459534703869303129e+01
-2.353389099571365151e+01
-2.247018192254662239e+01
-2.140471458013516681e+01
-2.033811192632341047e+01
-1.927106101740593758e+01
-1.820405661432596744e+01
-1.713778577337808784e+01
-1.607287145240643156e+01
-1.500987251080465690e+01
-1.394947600486736405e+01
-1.289224079398821665e+01
-1.183878983601134927e+01
-1.078981018723134255e+01
-9.745860707041876125e+00
-8.707564353287070347e+00
-7.675544083811062457e+00
-6.650486954908434889e+00
-5.632887727522403409e+00
-4.623561654848464819e+00
-3.623067596280292069e+00
-2.632220805013381959e+00
-1.651516041990948480e+00
-6.817685604084912088e-01
2.764627803403159612e-01
1.222362727059983056e+00
2.155436518807287261e+00
3.074997099287645863e+00
3.980357412206469547e+00
4.870958598170089360e+00
5.746177699334379163e+00
6.605327659404746754e+00
7.447830389452391842e+00
8.273069341478217709e+00
9.080472836398472580e+00
9.869462785284335737e+00
1.063944827951691430e+01
1.138986404985748102e+01
1.212011085488858164e+01
1.282961637454194381e+01
1.351781502202699592e+01
1.418429249465785347e+01
1.482867006732903015e+01
1.545058183462513668e+01
1.604964266159564090e+01
1.662547382313505651e+01
1.717776069258836102e+01
1.770609890546988652e+01
1.821028280249037579e+01
1.868997852745966171e+01
1.914485222418759136e+01
1.957476233183535186e+01
1.997924679731187325e+01
2.035809996132790189e+01
2.071111616459418414e+01
2.103808974782146279e+01
2.133868685481957073e+01
2.161276592474971636e+01
2.186012129832263895e+01
2.208054731624908484e+01
2.227377422078934188e+01
2.243978864800552842e+01
2.257832084015792873e+01
2.268935743330865762e+01
2.277282096506937137e+01
2.282856987460126419e+01
2.285646260106554450e+01
2.285635758362340653e+01
2.282830555678742712e+01
2.277216495971879695e+01
2.268779423157872088e+01
2.257511590997885165e+01
2.243411663098130759e+01
2.226465483374728294e+01
2.206671715433889247e+01
2.184022613036778893e+01
2.158529659479700058e+01
2.130191518368862447e+01
2.099013263155524456e+01
2.064993557445896499e+01
2.028143884536280339e+01
1.988456498187842314e+01
1.945949291541929682e+01
1.900633747894844561e+01
1.852521350542889422e+01
1.801623582782365673e+01
1.747945518064531356e+01
1.691511459375778870e+01
1.632326480167365190e+01
1.570414883425682362e+01
1.505800574075415810e+01
1.438512274639455057e+01
1.368559080043845455e+01
1.295969314749767065e+01
1.220764893373356053e+01
1.142974140375793901e+01
1.062612560528170036e+01
9.797148881367109041e+00
8.943158575076440187e+00
8.064373832571044787e+00
7.161077898462728797e+00
6.233554017363309718e+00
5.282149532335052911e+00
4.307275884890680473e+00
3.309344516542913173e+00
2.288895065705379483e+00
1.246274875440354313e+00
1.820235841614561700e-01
-9.034473666185793839e-01
-2.009662436936582086e+00
-3.136210185279833862e+00
-4.282550973234696023e+00
-5.448209260837994172e+00
-6.632773606577006653e+00
-7.835768470488560844e+00
-9.056654214159012284e+00
-1.029501939607565930e+01
-1.155032437782484678e+01
-1.282190132409205141e+01
-1.410921059646363140e+01
-1.541171255652595740e+01
-1.672873936896449010e+01
-1.805981549381604978e+01
-1.940427309576608295e+01
-2.076146997888024259e+01
-2.213078317675930151e+01
-2.351155126393376804e+01
-2.490311281493413276e+01
-2.630482563382604511e+01
-2.771602957710901904e+01
-2.913605937340651408e+01
-3.056419334470562177e+01
-3.199970468511737920e+01
-3.344185505103172318e+01
-3.488991891852872840e+01
-3.634317076368843402e+01
-3.780081455429537840e+01
-3.926223373379539083e+01
-4.072650407307210685e+01
-4.219295773681098893e+01
-4.366078004503537358e+01
-4.512940221897618898e+01
-4.659836502900401456e+01
-4.806714514703904939e+01
-4.953521924500140727e+01
-5.100193579791038445e+01
-5.246689967458702597e+01
-5.392939525160011982e+01
-5.538896329932030227e+01
-5.684501639121727834e+01
-5.829696710076073884e+01
-5.974429209987083311e+01
-6.118633986356685028e+01
-6.262252296531844564e+01
-6.405231807704582536e+01
-6.547513777221867315e+01
-6.689033052585625683e+01
-6.829730891142824589e+01
-6.969554960085484652e+01
-7.108440106915526258e+01
-7.246327588979922041e+01
-7.383165073470689777e+01
-7.518880998044706132e+01
-7.653429439739034024e+01
-7.786738836210552961e+01
-7.918750444806231314e+01
-8.049411932718088281e+01
-8.178645327757956807e+01
-8.306391887272806684e+01
-8.432592868609609127e+01
-8.557170299580197081e+01
-8.680071847376588323e+01
-8.801225949655662362e+01
-8.920586683454477850e+01
-9.038095306120006001e+01
-9.153661025773992321e+01
-9.267302017903952560e+01
-9.378959539856855088e+01
-9.488510750529219706e+01
-9.595896907268014786e+01
-9.701123365870662951e+01
-9.804131383684136836e+01
-9.904862218055409073e+01
-1.000319302788099378e+02
-1.009912916895831501e+02
-1.019254780018389113e+02
-1.028345427735514193e+02
-1.037172575936859005e+02
-1.045736760202165669e+02
-1.054032106266131308e+02
-1.062053139743054686e+02
-1.069795985765640012e+02
-1.077263579191238705e+02
-1.084439625342065341e+02
-1.091333468920517333e+02
-1.097935225093855109e+02
-1.104247828719429805e+02
-1.110274214654592697e+02
-1.115998088221558930e+02
-1.121428794122725350e+02
-1.126562857370397666e+02
-1.131390393131836873e+02
-1.135914336264393540e+02
-1.140131211780373945e+02
-1.144043954537129650e+02
-1.147649089546966508e+02
-1.150936731977144376e+02
-1.153909816685015528e+02
-1.156564868682885248e+02
-1.158911232673150806e+02
-1.160939023823072489e+02
-1.162651176990001574e+02
-1.164050627031289622e+02
-1.165133898959242060e+02
-1.165897517786165309e+02
-1.166350828214456641e+02
-1.166483945411375629e+02
-1.166306214079319687e+02
-1.165801339540503392e+02
-1.164985076342369581e+02
-1.163853949497223539e+02
-1.162398074172326403e+02
-1.160626795070074735e+02
-1.158530227357728677e+02
-1.156124125582731068e+02
-1.153398604912342194e+02
-1.150356600203913331e+02
-1.147001046314795900e+02
-1.143328468257295754e+02
-1.139335391043719454e+02
-1.135037569221508420e+02
-1.130431527802969214e+02
-1.125513791800407830e+02
-1.120287296071174836e+02
-1.114754975472622789e+02
-1.108926174707147965e+02
-1.102791008942010791e+02
-1.096358822879608113e+02
-1.089632551377291918e+02
-1.082615129292412774e+02
-1.075302988154005703e+02
-1.067698595403063990e+02
-1.059817144687400514e+02
-1.051648190274646026e+02
-1.043200515967567981e+02
-1.034476495723888121e+02
-1.025478503501329044e+02
-1.016221732947702634e+02
-1.006695738330640637e+02
-9.969093034529097963e+01
-9.868648022722325663e+01
-9.765646087463306912e+01
-9.660175066779709141e+01
-9.552130503347848389e+01
-9.441664333645854867e+01
-9.328736198800486079e+01
-9.213369838388965150e+01
-9.095588991988510941e+01
-8.975545596077249400e+01
-8.853263390232403651e+01
-8.728766114031191137e+01
-8.602077507050826455e+01
-8.473349505769448342e+01
-8.342605849764267134e+01
-8.209870278612504535e+01
-8.075294728792292176e+01
-7.938838841430390403e+01
-7.800654553004930847e+01
-7.660701504642676696e+01
-7.519195731272210992e+01
-7.376096874020299765e+01
-7.231492770914614709e+01
-7.085343063081920434e+01
-6.937799687000348570e+01
-6.788822283796659462e+01
-6.638434593048074817e+01
-6.486788551232722000e+01
-6.333779701026908526e+01
-6.179624077359222412e+01
-6.024281321356424712e+01
-5.868031566397555565e+01
-5.710834453609381001e+01
-5.552841919470027676e+01
-5.394141802007168707e+01
-5.234886037698937855e+01
-5.075034267672094757e+01
-4.914738428404771042e+01
-4.754022259474185574e+01
-4.592973598908010757e+01
-4.431552087833011910e+01
-4.269968656345692892e+01
-4.108157421412412447e+01
-3.946175592068362192e+01
-3.784144475799186580e+01
-3.621993084739163038e+01
-3.459906824824395954e+01
-3.297750609738707084e+01
-3.135773943868651159e+01
-2.973905839348510227e+01
-2.812203505213471644e+01
-2.650801068639272629e+01
-2.489749328816059304e+01
-2.329124724314155870e+01
-2.168997283858844227e+01
-2.009437036175404145e+01
-1.850514009989117881e+01
-1.692266184800038076e+01
-1.534705900728036099e+01
-1.377864727428121228e+01
-1.221774234555298655e+01
-1.066459581919532695e+01
-9.119395194857386144e+00
-7.582520267539722525e+00
-6.054799521396027728e+00
-4.537189637480942395e+00
-3.030647296849097838e+00
-1.536129180555127371e+00
-5.446377275274959934e-02
1.413328147052955064e+00
2.866418094708253594e+00
4.304554472113542474e+00
5.727357484268269516e+00
7.134703729973728592e+00
8.526341611130296982e+00
9.901955431187897005e+00
1.126142178894783363e+01
1.260429679095908106e+01
1.393000834686977285e+01
1.523766387407572331e+01
1.652656308532411700e+01
1.779581339801078599e+01
1.904471452488292016e+01
2.027243798178679057e+01
2.147821938301913747e+01
2.266167893357944152e+01
2.382226377265090989e+01
2.495963897414835131e+01
2.607334782493068914e+01
2.716297719880313721e+01
2.822809986791183690e+01
2.926834689102609133e+01
3.028354145039965317e+01
3.127355219521936647e+01
3.223824777467206104e+01
3.317749683794456672e+01
3.409120008344896036e+01
3.497921975052703658e+01
3.584135398007013151e+01
3.667720861761821283e+01
3.748638950871124820e+01
3.826843840043876099e+01
3.902289703989026748e+01
3.974937127260572822e+01
4.044733874722422229e+01
4.111653350618662017e+01
4.175694598573563354e+01
4.236888711436622401e+01
4.295234732832111035e+01
4.350763755609527550e+01
4.403481233238185411e+01
4.453411848722539901e+01
4.500567465376950338e+01
4.544927897290551044e+01
4.586485778242568045e+01
4.625214512477087681e+01
4.661106733773335264e+01
4.694129436530353416e+01
4.724281664372413303e+01
4.751536821543602684e+01
4.775887541823145455e+01
4.797320049145222498e+01
4.815826977289056998e+01
4.831388140343784698e+01
4.844002581933673923e+01
4.853650116147856863e+01
4.860329786610608949e+01
4.864059866481333216e+01
4.864865038764482819e+01
4.862782806154600479e+01
4.857825031966049778e+01
4.850029218893372729e+01
4.839413640095976632e+01
4.826009388423359070e+01
4.809834737034925922e+01
4.790901549245040769e+01
4.769240917903200483e+01
4.744864706323765802e+01
4.717791187666144737e+01
4.688045044934788308e+01
4.655638141444059386e+01
4.620594037775936158e+01
4.582931804822503352e+01
4.542656571363280449e+01
4.499792695712921642e+01
4.454351716495997238e+01
4.406345172337067595e+01
4.355791011705747451e+01
4.302720002761736851e+01
4.247156503819692830e+01
4.189131283039315434e+01
4.128675108580308972e+01
4.065818748602374910e+01
4.000592971265212583e+01
3.933022134883482579e+01
3.863143417461929374e+01
3.790993997005301708e+01
3.716598231828254484e+01
3.640006119625627434e+01
3.561242018712076884e+01
3.480343107092349442e+01
3.397346562771195266e+01
3.312308793288494257e+01
3.225273386494041716e+01
3.136296749927722516e+01
3.045428881284373546e+01
2.952732597948924465e+01
2.858251487771168442e+01
2.762041958290990706e+01
2.664154007203228147e+01
2.564631222357673224e+01
2.463523601449166733e+01
2.360874732327499714e+01
2.256741022532557039e+01
2.151159650069086737e+01
2.044187022476970839e+01
1.935873137451049786e+01
1.826280812376253238e+01
1.715460044947417728e+01
1.603473652549473982e+01
1.490378042722305629e+01
1.376223213160752223e+01
1.261071981249742358e+01
1.144987164374206046e+01
1.028037989764117199e+01
9.102808649593621126e+00
7.917850171899139866e+00
6.726196736857479763e+00
5.528476518317940958e+00
4.325253591679369514e+00
3.117348426142419804e+00
1.905210118861751845e+00
6.893406416189795660e-01
-5.300012089494002820e-01
-1.752364340855481650e+00
-2.977425859012312603e+00
-4.204798769882462928e+00
-5.434096079928510292e+00
-6.664738500261650600e+00
-7.896210840443558254e+00
-9.128062008486343970e+00
-1.035984091240213800e+01
-1.159096826330214114e+01
-1.282092887074801268e+01
-1.404939983965278749e+01
-1.527593007802858871e+01
-1.650006849388752528e+01
-1.772136399524173100e+01
-1.893942958855375736e+01
-2.015381418183573814e+01
-2.136413078155025147e+01
-2.256986419725894777e+01
-2.377049923852350588e+01
-2.496564891180647905e+01
-2.615479802666954612e+01
-2.733736729422391676e+01
-2.851303381938262049e+01
-2.968115421480639071e+01
-3.084140558540828536e+01
-3.199324710136976435e+01
-3.313625331008313424e+01
-3.426997311956051817e+01
-3.539394902796898634e+01
-3.650772353347561960e+01
-3.761085900476712851e+01
-3.870294088597237447e+01
-3.978356487697232780e+01
-4.085233693340001082e+01
-4.190885724202789930e+01
-4.295272598962849031e+01
-4.398349208421387857e+01
-4.500084545038720307e+01
-4.600420679925966283e+01
-4.699312503884338099e+01
-4.796702088024957789e+01
-4.892550732994080676e+01
-4.986800509902828082e+01
-5.079406309552413035e+01
-5.170316612899001285e+01
-5.259467081208667594e+01
-5.346812605282623565e+01
-5.432299065659301363e+01
-5.515887580586375094e+01
-5.597543077738825446e+01
-5.677236894636686060e+01
-5.754940368799981343e+01
-5.830644067283880361e+01
-5.904351376833638909e+01
-5.976072094039558635e+01
-6.045796785956806474e+01
-6.113528839330639642e+01
-6.179265231061268793e+01
-6.243015757738994154e+01
-6.304770986418986212e+01
-6.364508664466315224e+01
-6.422225768781193267e+01
-6.477912866418789406e+01
-6.531560524434266313e+01
-6.583152900037745781e+01
-6.632680560284393323e+01
-6.680108432849191047e+01
-6.725407855252170464e+01
-6.768550165013358821e+01
-6.809493879962694507e+01
-6.848216747465255594e+01
-6.884677285350974785e+01
-6.918853240984931574e+01
-6.950780050337607463e+01
-6.980480329689396513e+01
-7.007989515010784487e+01
-7.033343042272252887e+01
-7.056582757289336882e+01
-7.077731276342423428e+01
-7.096824035402002551e+01
-7.113838781833145219e+01
-7.128746853155882945e+01
-7.141525996735290960e+01
-7.152147550091396511e+01
-7.160589260589274829e+01
-7.166828875593999726e+01
-7.170837732625602712e+01
-7.172638447964475006e+01
-7.172253637891013511e+01
-7.169686689150469761e+01
-7.165017906628652611e+01
-7.158212218000539906e+01
-7.149362747842030785e+01
-7.138434423828107356e+01
-7.125456272084207399e+01
-7.110393220285317284e+01
-7.093402491457780457e+01
-7.074447944951720046e+01
-7.053489166817772116e+01
-7.030548773232166582e+01
-7.005649380371134782e+01
-6.978877702861355203e+01
-6.950192258428603509e+01
-6.919551564798653942e+01
-6.887106435048642084e+01
-6.852751288453889345e+01
-6.816508741190622800e+01
-6.778529606335980873e+01
-6.738644204714826458e+01
-6.697067447854753652e+01
-6.653693755031079604e+01
-6.608545742420034230e+01
-6.561774223098754533e+01
-6.513273616342560501e+01
-6.463130636778134885e+01
-6.411367900581704760e+01
-6.358008023929500752e+01
-6.303073622997749936e+01
-6.246651412413135063e+01
-6.188699909901431084e+01
-6.129305830089321461e+01
-6.068491789153032556e+01
-6.006216304818339324e+01
-5.942630190162380188e+01
-5.877756061361384354e+01
-5.811552436141123223e+01
-5.744170127578736640e+01
-5.675503554949541751e+01
-5.605703531330679823e+01
-5.534792672898375798e+01
-5.462793595828861726e+01
-5.389793014748816802e+01
-5.315685348933563148e+01
-5.240685509910692019e+01
-5.164752015405979080e+01
-5.087907481595649983e+01
-5.010238623106389610e+01
-4.931832154564883552e+01
-4.852646593696901078e+01
-4.772832753579583454e+01
-4.692349151938703500e+01
-4.611346601851398930e+01
-4.529783621043445407e+01
-4.447746924141524971e+01
-4.365323225772320370e+01
-4.282535142112062232e+01
-4.199469387787430463e+01
-4.116079864407891620e+01
-4.032494304469031476e+01
-3.948643528998757546e+01
-3.864637834686259055e+01
-3.780484960699989472e+01
-3.696205465898497522e+01
-3.611832728830422212e+01
-3.527400128044401839e+01
-3.442934632244028137e+01
-3.358469619977942955e+01
-3.274038469794782458e+01
-3.189661740553095015e+01
-3.105392040336655768e+01
-3.021243518158966879e+01
-2.937255962413713206e+01
-2.853469161494578543e+01
-2.769903674260110193e+01
-2.686592879258947875e+01
-2.603582974729820165e+01
-2.520888109686229939e+01
-2.438554482366906129e+01
-2.356609061475442957e+01
-2.275085225560477653e+01
-2.194016353170650291e+01
-2.113435822854600232e+01
-2.033389832851053924e+01
-1.953911761708653927e+01
-1.875047807666128108e+01
-1.796824939427069623e+01
-1.719289355230208471e+01
-1.642480843469229157e+01
-1.566426372847723769e+01
-1.491165731759378055e+01
-1.416732298752829600e+01
-1.343159452376718299e+01
-1.270474161334635710e+01
-1.198722623865312009e+01
-1.127931808672341951e+01
-1.058135094304362056e+01
-9.893722691550580706e+00
-9.216831216181136099e+00
-8.551010302421669707e+00
-7.896593735758576926e+00
-7.253979400128694799e+00
-6.623501081018413394e+00
-6.005556662364572418e+00
-5.400415831203102535e+00
-4.808412373020398256e+00
-4.229944171753292181e+00
-3.665280914437717641e+00
-3.114722280348806382e+00
-2.578495622367089180e+00
-2.056665990260933885e+00
-1.549362532249150659e+00
-1.056714396550568535e+00
-5.789148298344538590e-01
-1.159647834187204074e-01
3.318783975769015182e-01
7.645496633840548339e-01
1.181983964234375017e+00
1.584052151909033146e+00
1.970753275090131096e+00
2.341958185558850492e+00
2.697537735096359857e+00
3.037490972384766952e+00
3.361688749205247628e+00
3.670130114239886776e+00
3.962685919269868240e+00
4.239355212977288012e+00
4.500072945593781348e+00
4.744709968900523656e+00
4.973329430030074327e+00
5.185802180763599445e+00
5.382095220557971516e+00
5.562239647320509128e+00
5.726202460508071468e+00
5.873989118647803487e+00
6.005573031041608445e+00
6.120953246371580114e+00
6.220115993629719675e+00
6.303073141188206385e+00
6.369855786954365939e+00
6.420468748470823606e+00
6.454939277737877568e+00
6.473281807065725424e+00
6.475517178609614177e+00
6.461675849292358720e+00
6.431833785936595937e+00
6.386060545519918641e+00
6.324444914555057196e+00
6.247069269709694339e+00
6.154009577806466957e+00
6.045361035203150379e+00
5.921199608722382379e+00
5.781646134102119916e+00
5.626827856925365801e+00
5.456865612930074327e+00
5.271899467389340010e+00
5.071979747745619882e+00
4.857361896482824903e+00
4.628035353927337781e+00
4.384271619234992201e+00
4.126076189404082939e+00
3.853646856784277208e+00
3.567053216824330963e+00
3.266493061873909642e+00
2.952100085832220167e+00
2.623943884148024708e+00
2.282286347621441447e+00
1.927197071701222342e+00
1.559002045637945200e+00
1.177834963330823603e+00
7.838295186790656954e-01
3.771835040323324728e-01
-4.184118980924692033e-02
-4.731108689464659234e-01
-9.163636425792069939e-01
-1.371401718357797339e+00
-1.838091402383030148e+00
-2.316042606953873317e+00
-2.805249835072027409e+00
-3.305322999036465426e+00
-3.816000208047059861e+00
-4.337083669754144388e+00
-4.868119198006239046e+00
-5.408909000453672178e+00
-5.959191186296325604e+00
-6.518511569382717141e+00
-7.086672357363165808e+00
-7.663347560987111784e+00
-8.248275289454424453e+00
-8.841001356613618967e+00
-9.441392068565491513e+00
-1.004899323915854659e+01
-1.066360707604312275e+01
-1.128484349151818833e+01
-1.191237649633316842e+01
-1.254581600278702425e+01
-1.318483602162918977e+01
-1.382904646515862801e+01
-1.447805724567430552e+01
-1.513147827547519952e+01
-1.578898356531072089e+01
-1.645024712593030358e+01
-1.711476349242209238e+01
-1.778218744600037837e+01
-1.845212248911907693e+01
-1.912417853407716350e+01
-1.979796549317360643e+01
-2.047306763932718709e+01
-2.114908362243351192e+01
-2.182574651843603419e+01
-2.250282941963518013e+01
-2.318011823802148541e+01
-2.385737324620529876e+01
-2.453438035617716295e+01
-2.521091714712903453e+01
-2.588675658316446970e+01
-2.656167598708163169e+01
-2.723544934855927124e+01
-2.790785822089329571e+01
-2.857867697835313692e+01
-2.924768512308430246e+01
-2.991464292769712685e+01
-3.057931066480197302e+01
-3.124141655778395688e+01
-3.190071446940838840e+01
-3.255693903290543290e+01
-3.320982488150525569e+01
-3.385914510750831141e+01
-3.450457024569428199e+01
-3.514595030650419005e+01
-3.578287890657718151e+01
-3.641520605635425767e+01
-3.704258947092503007e+01
-3.766481506228004150e+01
-3.828160464395935492e+01
-3.889261593105260317e+01
-3.949769893400076626e+01
-4.009651136789347703e+01
-4.068883914472125696e+01
-4.127433997957373180e+01
-4.185279978444144433e+01
-4.242387627441399900e+01
-4.298735536148194569e+01
-4.354295885918534736e+01
-4.409040858106428118e+01
-4.462936224220838710e+01
-4.515954165615771387e+01
-4.568073273490282560e+01
-4.619259319353331250e+01
-4.669490894403973869e+01
-4.718727360306124297e+01
-4.766960127948929227e+01
-4.814148558996303962e+01
-4.860271244647302069e+01
-4.905300366255929134e+01
-4.949208105176197847e+01
-4.991973052607158223e+01
-5.033560980057771417e+01
-5.073959833186344781e+01
-5.113143696727831866e+01
-5.151121649256617019e+01
-5.187870720121862433e+01
-5.223393578052909447e+01
-5.257673662243961843e+01
-5.290707231579315106e+01
-5.322490544943266855e+01
-5.353013451375068854e+01
-5.382259390068924176e+01
-5.410237439599219300e+01
-5.436931039160160140e+01
-5.462330037790999171e+01
-5.486443514066122162e+01
-5.509248497334686334e+01
-5.530754066171081007e+01
-5.550956479459605220e+01
-5.569845586239503632e+01
-5.587417645395076704e+01
-5.603675325655665063e+01
-5.618608476060516921e+01
-5.632219765338977879e+01
-5.644505452375341292e+01
-5.655461796053903356e+01
-5.665085055258963109e+01
-5.673377898719856915e+01
-5.680342995165931086e+01
-5.685970193636434544e+01
-5.690262162860709338e+01
-5.693227981413141237e+01
-5.694863908178027856e+01
-5.695172611884711245e+01
-5.694156761262529187e+01
-5.691812615195784986e+01
-5.688142842413812872e+01
-5.683162931336049439e+01
-5.676869140846790174e+01
-5.669270549520423685e+01
-5.660363416241242618e+01
-5.650163229428681433e+01
-5.638672657812082178e+01
-5.625887960275741051e+01
-5.611831035084136943e+01
-5.596498141121562497e+01
-5.579898356962409878e+01
-5.562040761181062010e+01
-5.542934432351908214e+01
-5.522582039204289117e+01
-5.500992660312594040e+01
-5.478194603786344175e+01
-5.454196187413829477e+01
-5.429002685838950981e+01
-5.402631432609600637e+01
-5.375093351428623833e+01
-5.346392956153827214e+01
-5.316547580333100598e+01
-5.285568147669292216e+01
-5.253459172020203738e+01
-5.220244396778773677e+01
-5.185921925957759271e+01
-5.150509093105052472e+01
-5.114023231768545941e+01
-5.076468855806042058e+01
-5.037869708610480757e+01
-4.998243123729753279e+01
-4.957600024866707145e+01
-4.915957745569237147e+01
-4.873333619385234527e+01
-4.829744979862592658e+01
-4.785215570394250761e+01
-4.739762724528100080e+01
-4.693403775812036116e+01
-4.646162467638993832e+01
-4.598062543401916002e+01
-4.549121336648693159e+01
-4.499356180927218674e+01
-4.448797229475476200e+01
-4.397461815841359112e+01
-4.345373683417805921e+01
-4.292543755907664860e+01
-4.239008596393964012e+01
-4.184779128579553031e+01
-4.129879095857366877e+01
-4.074338651465392758e+01
-4.018187948641614327e+01
-3.961463550469059669e+01
-3.904182790495623578e+01
-3.846388641649379991e+01
-3.788104847323268132e+01
-3.729361560755269522e+01
-3.670195345028416511e+01
-3.610623533690601761e+01
-3.550682689824854066e+01
-3.490396556824113361e+01
-3.429801697771407731e+01
-3.368915446214629128e+01
-3.307780775081856461e+01
-3.246415017920980262e+01
-3.184867557505119606e+01
-3.123168547072261347e+01
-3.061351209107445825e+01
-2.999422584013671766e+01
-2.937412010976135335e+01
-2.875329599644889811e+01
-2.813185459669994515e+01
-2.750996110546550355e+01
-2.688784481614707644e+01
-2.626554272679475943e+01
-2.564328413081003433e+01
-2.502123422314391732e+01
-2.439949410029699806e+01
-2.377835715412119555e+01
-2.315786038266661961e+01
-2.253842537468613827e+01
-2.192008912822985067e+01
-2.130314503514967939e+01
-2.068775829039666903e+01
-2.007422228582275636e+01
-1.946257401947804055e+01
-1.885317098166490979e+01
-1.824617836733440868e+01
-1.764169727298708068e+01
-1.704002109047488389e+01
-1.644125091629837954e+01
-1.584568014230949728e+01
-1.525353806190971717e+01
-1.466492577159961286e+01
-1.408007256478066438e+01
-1.349933593175526170e+01
-1.292275287057351107e+01
-1.235068087153780958e+01
-1.178322103114872377e+01
-1.122066674125818864e+01
-1.066318319681723459e+01
-1.011106378967779484e+01
-9.564473714790885595e+00
-9.023706364008454273e+00
-8.488862833831044341e+00
-7.960300614561087507e+00
-7.438120802699115686e+00
-6.922616790097081640e+00
-6.413953771705999785e+00
-5.912361040927363476e+00
-5.418131989613093502e+00
-4.931367714263775071e+00
-4.452297508280866900e+00
-3.981278861966786042e+00
-3.518348773371619664e+00
-3.063928831248226903e+00
-2.618120132097168540e+00
-2.181190833557913322e+00
-1.753244057969537195e+00
-1.334357693458647409e+00
-9.246096281518457749e-01
-5.240136517252910187e-01
-1.325835538551233816e-01
2.495386788815862900e-01
6.223392568086975052e-01
9.858043902500488453e-01
1.339792092628593556e+00
1.684352672718625543e+00
2.019344143943092806e+00
2.344752716625836619e+00
2.660564601090708692e+00
2.966766007661562732e+00
3.263150851310880896e+00
3.549833539263423265e+00
3.826672084942128294e+00
4.093652698670848800e+00
4.350825689223883685e+00
4.598049070024177176e+00
4.835373149846036611e+00
5.062720040562850521e+00
5.280075952498470393e+00
5.487362997526290975e+00
5.684695582871077235e+00
5.871931721955762740e+00
6.049121723554651275e+00
6.216264617681690474e+00
6.373314565435499013e+00
6.520277006675060605e+00
6.657150971414318441e+00
6.783961129047397343e+00
6.900706509588233395e+00
7.007398962740863269e+00
7.104063157899410008e+00
7.190691715232762959e+00
7.267315713980098124e+00
7.333953413690489143e+00
7.390640380494637007e+00
7.437410898554228211e+00
7.474297970061954288e+00
7.501326905396436651e+00
7.518537757579908387e+00
7.525968015696582469e+00
7.523667988520765348e+00
7.511720034051990957e+00
7.490180870909607158e+00
7.459120037403057957e+00
7.418600661996737955e+00
7.368680980298615069e+00
7.309418886026080031e+00
7.240854560350000746e+00
7.163066643511522003e+00
7.076108136371603408e+00
6.980038449636253084e+00
6.874916994011476490e+00
6.760790360513190045e+00
6.637814107523081653e+00
6.505945088226430251e+00
6.365396549610336407e+00
6.216253541760986323e+00
6.058665213215025602e+00
5.892652515608185482e+00
5.718428695927569194e+00
5.536014705808907976e+00
5.345559693788842992e+00
5.147212808404021622e+00
4.941123198191086807e+00
4.727311814785771560e+00
4.505991905175175560e+00
4.277312617895943525e+00
4.041294904583807579e+00
3.798152012225866070e+00
3.548033089358764602e+00
3.291087284519146561e+00
3.027527844694112513e+00
2.757439819969847328e+00
2.481100555783909201e+00
2.198531003772029369e+00
1.909944410921307512e+00
1.615554024218843532e+00
1.315508992201280369e+00
1.010022561855718370e+00
6.992438817188015854e-01
3.833221003271721217e-01
6.247046466793051978e-02
-2.630977782718242342e-01
-5.931693815049927654e-01
-9.274669995940227896e-01
-1.265905582452725664e+00
-1.608143686193083788e+00
-1.954032162278460216e+00
-2.303293665271304302e+00
-2.655714948184511037e+00
-3.011082764030978964e+00
-3.369183865823615509e+00
-3.729740908124861587e+00
-4.092540643947617518e+00
-4.457369826304790728e+00
-4.823977552035914051e+00
-5.192282785539377166e+00
-5.562102736589737972e+00
-5.933446910312937916e+00
-6.306132516483538453e+00
-6.680104961777014516e+00
-7.055181455967937332e+00
-7.431307405731783611e+00
-7.808300020843121025e+00
-8.186168806427877698e+00
-8.564602775359716702e+00
-8.943611432764566160e+00
-9.323011988416990192e+00
-9.702685750542016763e+00
-1.008244992891420821e+01
-1.046224993020904748e+01
-1.084190296420109689e+01
-1.122135443756582873e+01
-1.160035746162736281e+01
-1.197879334461072176e+01
-1.235658185381119623e+01
-1.273355942853849143e+01
-1.310956250810230550e+01
-1.348441471212226084e+01
-1.385795888975309786e+01
-1.423001225076938780e+01
-1.460042405417092404e+01
-1.496900509988722661e+01
-1.533560464691809067e+01
-1.570005913457321967e+01
-1.606221141200736469e+01
-1.642190432837526970e+01
-1.677898714267673341e+01
-1.713329629422145217e+01
-1.748467463216418594e+01
-1.783297782534976861e+01
-1.817802308355276608e+01
-1.851964364116036066e+01
-1.885767465551324307e+01
-1.919194359213805612e+01
-1.952228304443747930e+01
-1.984851470907760529e+01
-2.017048143521319048e+01
-2.048800043261879011e+01
-2.080090173075907245e+01
-2.110900894925364213e+01
-2.141215211756716030e+01
-2.171015485531924227e+01
-2.200284078212949623e+01
-2.229003992746257978e+01
-2.257160974534282971e+01
-2.284749174865308063e+01
-2.311764205514576531e+01
-2.338202319241835525e+01
-2.364062332744850536e+01
-2.389336652876340494e+01
-2.414017686489026104e+01
-2.438112583079232110e+01
-2.461602852763099492e+01
-2.484495645036954770e+01
-2.506772470016938570e+01
-2.528440477199376346e+01
-2.549487586545456352e+01
-2.569908127861411273e+01
-2.589702840798521066e+01
-2.608872465008064268e+01
-2.627404920451228421e+01
-2.645300946779292417e+01
-2.662561283643537280e+01
-2.679173851005148066e+01
-2.695152208205496791e+01
-2.710477865360725858e+01
-2.725157971967159298e+01
-2.739180447985983946e+01
-2.752552442913526320e+01
-2.765268286556019106e+01
-2.777322308719695343e+01
-2.788708839210790202e+01
-2.799441437370671082e+01
-2.809501613315482516e+01
-2.818902926386594743e+01
-2.827633296545193886e+01
-2.835699873287606110e+01
-2.843096986420063033e+01
-2.849831785438891885e+01
-2.855892190305278433e+01
-2.861291760360593628e+01
-2.866018415566025368e+01
-2.870079305417898397e+01
-2.873481579412537457e+01
-2.876213157511129381e+01
-2.878281189209999624e+01
-2.879692824005472573e+01
-2.880442391703781979e+01
-2.880530631956206378e+01
-2.879971104104115653e+01
-2.878758137953743201e+01
-2.876892473156369689e+01
-2.874381259208317374e+01
-2.871225235760867278e+01
-2.867431310885549323e+01
-2.863005426954721599e+01
-2.857946875070901527e+01
-2.852254946336608299e+01
-2.845941751544451748e+01
-2.839012991641994788e+01
-2.831461547886711472e+01
-2.823299531071209501e+01
-2.814532642143055341e+01
-2.805166582049811197e+01
-2.795207051739041404e+01
-2.784653342313264446e+01
-2.773523974410136361e+01
-2.761818239132173503e+01
-2.749535427581895064e+01
-2.736694060396957440e+01
-2.723299838524923189e+01
-2.709352053068310795e+01
-2.694862814819730445e+01
-2.679837824726745410e+01
-2.664289193581965876e+01
-2.648222622332955112e+01
-2.631656631617368802e+01
-2.614590512537725076e+01
-2.597042785731678549e+01
-2.579025561991839055e+01
-2.560544542265770573e+01
-2.541611837346082936e+01
-2.522239558025384909e+01
-2.502433405251241538e+01
-2.482211899661306376e+01
-2.461587152048190319e+01
-2.440558453514410076e+01
-2.419150734542668246e+01
-2.397369696080527390e+01
-2.375227448920597340e+01
-2.352748923545579274e+01
-2.329939820903036107e+01
-2.306812251785578027e+01
-2.283384736830859651e+01
-2.259669386831490812e+01
-2.235678312580081339e+01
-2.211436444559330283e+01
-2.186943073871757903e+01
-2.162223131000063248e+01
-2.137288726736857214e+01
-2.112158381719793709e+01
-2.086837796896437069e+01
-2.061358312594533260e+01
-2.035725629761646971e+01
-2.009962686597532056e+01
-1.984071632480072722e+01
-1.958071854039343052e+01
-1.931963508370280991e+01
-1.905753162412870338e+01
-1.879453792952138969e+01
-1.853059147237979332e+01
-1.826588611900466930e+01
-1.800042344034538999e+01
-1.773426910580178273e+01
-1.746755288322414756e+01
-1.720034044201231183e+01
-1.693269745156610995e+01
-1.666462548283492495e+01
-1.639638250056994551e+01
-1.612797007572055819e+01
-1.585945387768659565e+01
-1.559102777276880403e+01
-1.532262923346609895e+01
-1.505451622452969218e+01
-1.478669031690895785e+01
-1.451928127845416938e+01
-1.425248297546609244e+01
-1.398623288044364088e+01
-1.372078895813801225e+01
-1.345615277949859312e+01
-1.319245411237566579e+01
-1.292982272461951432e+01
-1.266838838408044232e+01
-1.240815266170781150e+01
-1.214930942380238044e+01
-1.189192433976397112e+01
-1.163612717744288183e+01
-1.138198360623894168e+01
-1.112968749245290212e+01
-1.087936860393503657e+01
-1.063109261008519368e+01
-1.038511747565456922e+01
-1.014144477159254087e+01
-9.900268364199840576e+00
-9.661653922876324074e+00
-9.425859412373176482e+00
-9.192822305189324084e+00
-8.962736467625509462e+00
-8.735731667532029121e+00
-8.511937672759163576e+00
-8.291356054256297625e+00
-8.074308875225078452e+00
-7.860733608164434116e+00
-7.650888217825566606e+00
-7.444821580956598517e+00
-7.242643600599750542e+00
-7.044319190244624274e+00
-6.849877361831268274e+00
-6.659411225750200281e+00
-6.472821597040567809e+00
-6.290265684543330238e+00
-6.111708401748093600e+00
-5.937178760594909122e+00
-5.766641674573379284e+00
-5.600190254074020046e+00
-5.437789412586425009e+00
-5.279596358951565094e+00
-5.125511908208581602e+00
-4.975565072297539082e+00
-4.829913060059391583e+00
-4.688456686533294615e+00
-4.551289062109753480e+00
-4.418375100278375101e+00
-4.289807911429663001e+00
-4.165616507503676402e+00
-4.045701703539561045e+00
-3.930156609927828892e+00
-3.819010238608536056e+00
-3.712227503071278356e+00
-3.609901513706572640e+00
-3.511933085553564204e+00
-3.418415329002758796e+00
-3.329313157543766888e+00
-3.244719681567085345e+00
-3.164535716111871455e+00
-3.088918470019087259e+00
-3.017704659877424866e+00
-2.950987396077393576e+00
-2.888795690559048612e+00
-2.831030358361535271e+00
-2.777848608325822699e+00
-2.729087157040599454e+00
-2.684903213346832906e+00
-2.645133493833210725e+00
-2.609871108890246649e+00
-2.579080972007538719e+00
-2.552792095125145266e+00
-2.530969391732666551e+00
-2.513577775319702390e+00
-2.500582159375853486e+00
-2.492075654291631359e+00
-2.488023173556636269e+00
-2.488261433759558550e+00
-2.492947643741366459e+00
-2.501976950756180429e+00
-2.515343617973907708e+00
-2.533042650624476533e+00
-2.555043414557632175e+00
-2.581308865778078498e+00
-2.611814779980603962e+00
-2.646524113169912429e+00
-2.685406231195750060e+00
-2.728436909752907980e+00
-2.775579104846088718e+00
-2.826789362634947178e+00
-2.882017819434092853e+00
-2.941227431248226942e+00
-3.004374744237006567e+00
-3.071409894715040334e+00
-3.142283018996937738e+00
-3.216957073087401309e+00
-3.295369373610949282e+00
-3.377463647037147521e+00
-3.463183619835558336e+00
-3.552473018475746702e+00
-3.645269159582232632e+00
-3.741522179469627396e+00
-3.841169394762446121e+00
-3.944128892550074372e+00
-4.050337989457029941e+00
-4.159708362727650766e+00
-4.272164509296364265e+00
-4.387637335942642380e+00
-4.506051339600914751e+00
-4.627318197515519316e+00
-4.751355996775834534e+00
-4.878082824471246859e+00
-5.007403948001046601e+00
-5.139237454454613996e+00
-5.273488611231243794e+00
-5.410075505420315345e+00
-5.548903404421122509e+00
-5.689877575632954709e+00
-5.832890466765014104e+00
-5.977840935371544262e+00
-6.124621429161748232e+00
-6.273130805689869582e+00
-6.423267922510154548e+00
-6.574918817486758549e+00
-6.727982348173927818e+00
-6.882344552435814222e+00
-7.037885058291532658e+00
-7.194496313450278180e+00
-7.352057945931162131e+00
-7.510483423709779949e+00
-7.669719017066959132e+00
-7.829725606704868390e+00
-7.990457663480643014e+00
-8.151856838561313268e+00
-8.313890422494104371e+00
-8.476506476291099546e+00
-8.639653060964377573e+00
-8.803284647371073746e+00
-8.967349296523266844e+00
-9.131788659587991575e+00
-9.296544387732295078e+00
-9.461570951813298436e+00
-9.626810002998043458e+00
-9.792203192453561300e+00
-9.957692171346900878e+00
-1.012321859084509335e+01
-1.028870487258003763e+01
-1.045409266771877732e+01
-1.061931080773825542e+01
-1.078428812411541671e+01
-1.094895985817226070e+01
-1.111325484138572506e+01
-1.127710190523276168e+01
-1.144041706150022719e+01
-1.160312914166506637e+01
-1.176516056735917992e+01
-1.192643376021447033e+01
-1.208687114186283651e+01
-1.224639513393618628e+01
-1.240492815806640969e+01
-1.256238622604037403e+01
-1.271868534964492525e+01
-1.287375436035701881e+01
-1.302751567980854830e+01
-1.317987250009628220e+01
-1.333076006254221468e+01
-1.348007514939806128e+01
-1.362772736260562922e+01
-1.377362630410673638e+01
-1.391768157584318821e+01
-1.405978996006670378e+01
-1.419986746856414150e+01
-1.433782370327730860e+01
-1.447355544645792591e+01
-1.460697870989284830e+01
-1.473800950536892884e+01
-1.486655743482798364e+01
-1.499253210021182170e+01
-1.511583669361720084e+01
-1.523640038163138399e+01
-1.535419213035313568e+01
-1.546917483114649450e+01
-1.558142034274125365e+01
-1.569077617929063351e+01
-1.579731419952444682e+01
-1.590104216372203183e+01
-1.600183963526183462e+01
-1.609977847287366259e+01
-1.619486643683685756e+01
-1.628698309052986914e+01
-1.637613619423204625e+01
-1.646239760667319274e+01
-1.654564689123174759e+01
-1.662595590663751821e+01
-1.670326831471940210e+01
-1.677752777730628964e+01
-1.684880615312799179e+01
-1.691698300556294399e+01
-1.698213019334095719e+01
-1.704419137829092534e+01
-1.710317432069219734e+01
-1.715902268237366357e+01
-1.721174422361468359e+01
-1.726134670469460275e+01
-1.730783788589277705e+01
-1.735109733058764192e+01
-1.739126099595945973e+01
-1.742820844538666947e+01
-1.746194743914862357e+01
-1.749248573752467095e+01
-1.751983110079416051e+01
-1.754399128923644824e+01
-1.756490996468042454e+01
-1.758259488740544541e+01
-1.759705381769085619e+01
-1.760823041736555439e+01
-1.761619654515934386e+01
-1.762089586290112564e+01
-1.762240022932069650e+01
-1.762065330624696102e+01
-1.761559875550880605e+01
-1.760737253428649751e+01
-1.759585420595848149e+01
-1.758111562925455118e+01
-1.756310046600361474e+01
-1.754188057493546538e+01
-1.751739961787900768e+01
-1.748966535511359055e+01
-1.745874964536901786e+01
-1.742459652405585757e+01
-1.738721561936182169e+01
-1.734668103150675122e+01
-1.730300276226002865e+01
-1.725612671494059214e+01
-1.720619108821872700e+01
-1.715320588386382283e+01
-1.709705290674435574e+01
-1.703793445398107309e+01
-1.697573233044245100e+01
-1.691058473479878543e+01
-1.684243757036900391e+01
-1.677136493737294742e+01
-1.669737683758000202e+01
-1.662048327275955373e+01
-1.654075834313143645e+01
-1.645821205046504332e+01
-1.637291849498020824e+01
-1.628488767844632079e+01
-1.619419370108321488e+01
-1.610078246620982867e+01
-1.600485627094690955e+01
-1.590629692016292651e+01
-1.580517851407772945e+01
-1.570163925136160010e+01
-1.559562503533348021e+01
-1.548720996621321078e+01
-1.537646814422062391e+01
-1.526340957112510743e+01
-1.514810834714650589e+01
-1.503063857250465141e+01
-1.491107434741939031e+01
-1.478948977211056715e+01
-1.466589484834755197e+01
-1.454036367635019644e+01
-1.441297035633834156e+01
-1.428378898853181944e+01
-1.415289367315047819e+01
-1.402029441196369675e+01
-1.388612940364177462e+01
-1.375040864995409251e+01
-1.361320625112049854e+01
-1.347466040581127800e+01
-1.333471701734536907e+01
-1.319357838284352091e+01
-1.305125450407511423e+01
-1.290781948125999357e+01
-1.276341151306844957e+01
-1.261804060126987004e+01
-1.247184494453455272e+01
-1.232482408808259500e+01
-1.217712804628835066e+01
-1.202870408162551641e+01
-1.187956355501824923e+01
-1.172978192584115398e+01
-1.157937055501839296e+01
-1.142840490192456926e+01
-1.127683222903338844e+01
-1.112472799571945892e+01
-1.097210356290693589e+01
-1.081897029151997636e+01
-1.066540364093318516e+01
-1.051141497207071929e+01
-1.035707974430719247e+01
-1.020240931856675637e+01
-1.004747915422402293e+01
-9.892364710653604121e+00
-9.737077348779651587e+00
-9.581692527976775509e+00
-9.426285707619589616e+00
-9.270804150181792380e+00
-9.115387413488448942e+00
-8.960110956914167701e+00
-8.804922042932650683e+00
-8.649896130918511616e+00
-8.495172778696808535e+00
-8.340699248741247018e+00
-8.186551000426431912e+00
-8.032803493126980499e+00
-7.879532186217498513e+00
-7.726748440622142056e+00
-7.574591814165977155e+00
-7.423073667773158135e+00
-7.272269460818296061e+00
-7.122190554225544368e+00
-6.972976505819974413e+00
-6.824574578075274900e+00
-6.677188427266977477e+00
-6.530765315868777066e+00
-6.385444801705739692e+00
-6.241238245702022347e+00
-6.098221107232232541e+00
-5.956468845670979562e+00
-5.816056920392877139e+00
-5.677060790772536336e+00
-5.539491817734107926e+00
-5.403553657553118228e+00
-5.269257671153718903e+00
-5.136679317910513909e+00
-5.005829958747671782e+00
-4.876838944350486926e+00
-4.749666599944313283e+00
-4.624327142065188134e+00
-4.500898885699609053e+00
-4.379267850482711388e+00
-4.259576449851442348e+00
-4.141710703440935504e+00
-4.025813024688147834e+00
-3.911833531678658993e+00
-3.799722342498059735e+00
-3.689621870583301710e+00
-3.581418135569516270e+00
-3.475253550893655508e+00
-3.371078234641305738e+00
-3.268842304898055051e+00
-3.168688175100853321e+00
-3.070501864884835452e+00
-2.974425787686952205e+00
-2.880345963142336263e+00
-2.788340706237479427e+00
-2.698424233508431413e+00
-2.610610761491228171e+00
-2.524914506721914087e+00
-2.441285587286077696e+00
-2.359802318170214797e+00
-2.280414817459909926e+00
-2.203201400141661548e+00
-2.128176282751510495e+00
-2.055289583375048412e+00
-1.984619616998767766e+00
-1.916116501708253983e+00
-1.849858552490008856e+00
-1.785859985880072331e+00
-1.724070919964030058e+00
-1.664569669728381385e+00
-1.607306353258711296e+00
-1.552295187091061068e+00
-1.499550387761474424e+00
-1.449086171805991530e+00
-1.400916755760656551e+00
-1.354992257711054249e+00
-1.311390992643685083e+00
-1.270127177094585225e+00
-1.231086830698892243e+00
-1.194412366893553346e+00
-1.160053903764158623e+00
-1.127987198776476463e+00
-1.098252107846729553e+00
-1.070837208130778206e+00
-1.045737486629527924e+00
-1.022953167636221350e+00
-1.002479785233270082e+00
-9.843052911053296050e-01
-9.684304566271485504e-01
-9.548368236383389940e-01
-9.435059339785110133e-01
-9.344385590224132399e-01
-9.276162406096558621e-01
-9.230333402699434364e-01
-9.206649899978408547e-01
-9.205055513230494535e-01
-9.225429759302278265e-01
-9.267395761238493845e-01
-9.330961232786632031e-01
-9.415749296991430262e-01
-9.521639470699467811e-01
-9.648383073856400260e-01
-9.795859623308785791e-01
-9.963756340551841451e-01
-1.015176044708076653e+00
-1.035968736129167178e+00
-1.058722430467975872e+00
-1.083412259719069404e+00
-1.110013355877013330e+00
-1.138494441091327580e+00
-1.168824237511532971e+00
-1.200977877132194838e+00
-1.234917672257788368e+00
-1.270605935192787639e+00
-1.308024207776804948e+00
-1.347134802314314816e+00
-1.387906440954837395e+00
-1.430288616312756611e+00
-1.474250050537592394e+00
-1.519753055933819930e+00
-1.566747125115822925e+00
-1.615194570388076123e+00
-1.665051294210008637e+00
-1.716279608886095431e+00
-1.768835416875765842e+00
-1.822668210793403576e+00
-1.877727483253391894e+00
-1.933975546560206649e+00
-1.991357406436698785e+00
-2.049832170264819897e+00
-2.109349971643460275e+00
-2.169859021217992012e+00
-2.231304965695773745e+00
-2.293634092768664701e+00
-2.356793331113031797e+00
-2.420736109442053863e+00
-2.485443779569677769e+00
-2.550904193346666737e+00
-2.617100074747745087e+00
-2.684011647908070231e+00
-2.751619265159700234e+00
-2.819903727523847881e+00
-2.888845515529471442e+00
-2.958425430197782813e+00
-3.028622605990281436e+00
-3.099414446710304194e+00
-3.170774702549514767e+00
-3.242680328622094432e+00
-3.315105716104211453e+00
-3.388026538141040156e+00
-3.461418467877754868e+00
-3.535253973537009653e+00
-3.609499754480913758e+00
-3.684118664164553802e+00
-3.759074838012020692e+00
-3.834332411447407551e+00
-3.909853596941295528e+00
-3.985603811886787362e+00
-4.061545268754460203e+00
-4.137642743952913982e+00
-4.213859090937230434e+00
-4.290158445131505793e+00
-4.366504300975324604e+00
-4.442860793892783988e+00
-4.519190777338966569e+00
-4.595457297064307056e+00
-4.671617053072647074e+00
-4.747625783891069595e+00
-4.823439035751306392e+00
-4.899012803574241737e+00
-4.974301736213304181e+00
-5.049262469573882584e+00
-5.123850806281509129e+00
-5.198020626008207579e+00
-5.271726449410500059e+00
-5.344924720098424231e+00
-5.417568035774994684e+00
-5.489612199065743603e+00
-5.561012371611700367e+00
-5.631721151115876012e+00
-5.701686648389751255e+00
-5.770858256213812432e+00
-5.839175752600981539e+00
-5.906596222145800823e+00
-5.973060724830199675e+00
-6.038530829474554551e+00
-6.102979631957533790e+00
-6.166413556686341835e+00
-6.228819798533052676e+00
-6.290191962214774613e+00
-6.350536472138716526e+00
-6.409840523176948857e+00
-6.468097720046585231e+00
-6.525301667464741051e+00
-6.581445970148532609e+00
-6.636517822970025016e+00
-6.690510830646339002e+00
-6.743405778204492940e+00
-6.795202680206651635e+00
-6.845888731524881088e+00
-6.895444717186209438e+00
-6.943870651752792611e+00
-6.991147320251656971e+00
-7.037268327399916146e+00
-7.082227277914684649e+00
-7.126011366668033808e+00
-7.168601378686988213e+00
-7.209997328533706451e+00
-7.250180001235212224e+00
-7.289149411353665897e+00
-7.326886343916092059e+00
-7.363384403639606113e+00
-7.398637195241323461e+00
-7.432625503748263363e+00
-7.465342933877548326e+00
-7.496776680501242573e+00
-7.526920348336460620e+00
-7.555761132255274681e+00
-7.583286227129752533e+00
-7.609482827831965501e+00
-7.634338129233980474e+00
-7.657852145897957818e+00
-7.680005662850922121e+00
-7.700792284809988786e+00
-7.720212026337319067e+00
-7.738245672459937552e+00
-7.754893237740001943e+00
-7.770135507204537717e+00
-7.783978905260745762e+00
-7.796404216935659548e+00
-7.807417866636478188e+00
-7.817000639390229821e+00
-7.825146139914024523e+00
-7.831860792615072064e+00
-7.837125382520394368e+00
-7.840941521958691318e+00
-7.843310804479783016e+00
-7.844236421400024639e+00
-7.843734383725857739e+00
-7.841801472928602301e+00
-7.838453700014703429e+00
-7.833687846455470449e+00
-7.827519923257350243e+00
-7.819953121736700652e+00
-7.810997043054925371e+00
-7.800661288373426316e+00
-7.788961868698644153e+00
-7.775901975346945605e+00
-7.761491209479729037e+00
-7.745739172258393701e+00
-7.728693923914620179e+00
-7.710288147469257503e+00
-7.690595542534169660e+00
-7.669593661045524868e+00
-7.647388251840414597e+00
-7.623892768404553877e+00
-7.599148861124573884e+00
-7.573198180387104017e+00
-7.546018278128317824e+00
-7.517650804734846481e+00
-7.488137410593321164e+00
-7.457455647639913643e+00
-7.425647166261252430e+00
-7.392753616843970477e+00
-7.358752551324242219e+00
-7.323621521638238541e+00
-7.287466276623050021e+00
-7.250328466665301619e+00
-7.212121545250715471e+00
-7.172951261216374164e+00
-7.132795166498455686e+00
-7.091759009934039071e+00
-7.049756245008851785e+00
-7.006892620559971085e+00
-6.963145688523575849e+00
-6.918621197736750439e+00
-6.873296700135669290e+00
-6.827149747656504175e+00
-6.780350187586801525e+00
-6.732747374961818743e+00
-6.684511157069100484e+00
-6.635619085844817633e+00
-6.586176910126058992e+00
-6.536098083398540481e+00
-6.485424256048894165e+00
-6.434320519625509327e+00
-6.382612450467896714e+00
-6.330505459879152141e+00
-6.277820368459635425e+00
-6.224698489061984752e+00
-6.171088839187473418e+00
-6.117004534787826131e+00
-6.062458691814774703e+00
-6.007464426220042064e+00
-5.952098952405814103e+00
-5.896311287873361451e+00
-5.840050450123956516e+00
-5.783457752010238373e+00
-5.726546309483934394e+00
-5.669201041595859358e+00
-5.611563261198652341e+00
-5.553581985793586639e+00
-5.495270331332390512e+00
-5.436705512217243630e+00
-5.377900644399873364e+00
-5.318804745381556565e+00
-5.259495029564472901e+00
-5.199984612900347969e+00
-5.140286611340910028e+00
-5.080478239288345854e+00
-5.020508514243924303e+00
-4.960390552159370969e+00
-4.900265665887328481e+00
-4.840082872929065694e+00
-4.779855289236311755e+00
-4.719660129211247224e+00
-4.659446410355147172e+00
-4.599291347070193936e+00
-4.539208055308112222e+00
-4.479209651020632066e+00
-4.419373348609934915e+00
-4.359712264027748141e+00
-4.300175414775345928e+00
-4.240904113705363798e+00
-4.181911476769530012e+00
-4.123146521469118753e+00
-4.064686462206308804e+00
-4.006608513383286940e+00
-3.948925790951779202e+00
-3.891587312413055777e+00
-3.834734390619757072e+00
-3.778316043073153274e+00
-3.722409484175430272e+00
-3.667027829878312772e+00
-3.612248294583983554e+00
-3.558014789228739705e+00
-3.504443093840331702e+00
-3.451451586530170257e+00
-3.399150940761031858e+00
-3.347395436193868257e+00
-3.296295746291455941e+00
-3.245898446066115994e+00
-3.196121913629256905e+00
-3.147012723993199756e+00
-3.098489255269353038e+00
-3.050726279370948646e+00
-3.003578075958941440e+00
-2.957155318496103025e+00
-2.911376385093848551e+00
-2.866351949214951400e+00
-2.822000388970817841e+00
-2.778368279373771621e+00
-2.735438096985677525e+00
-2.693320515269311599e+00
-2.651869813885624261e+00
-2.611196666297395552e+00
-2.571283549066487151e+00
-2.532177037205219694e+00
-2.493859607275459744e+00
-2.456313735839072088e+00
-2.419585997908375141e+00
-2.383658870045234135e+00
-2.348553287881788521e+00
-2.314290187050176861e+00
-2.280877683492442021e+00
-2.248317483305591669e+00
-2.216617702431666448e+00
-2.185792866657763511e+00
-2.155844682080880759e+00
-2.126787674488116231e+00
-2.098629959821510571e+00
-2.071392473713205451e+00
-2.045083332105247731e+00
-2.019710650939683383e+00
-1.995282546158559267e+00
-1.971819953394015057e+00
-1.949330988588095837e+00
-1.927817357837804169e+00
-1.907287177085186025e+00
-1.887754972117336560e+00
-1.869228858876298638e+00
-1.851710543459077929e+00
-1.835214551652763815e+00
-1.819742589554359302e+00
-1.805309182950957325e+00
-1.791919067367199192e+00
-1.779557046813059928e+00
-1.768223774416247673e+00
-1.757894263924285605e+00
-1.748562758619837787e+00
-1.740210682095473915e+00
-1.732832277633854057e+00
-1.726402558982505386e+00
-1.720909359579043008e+00
-1.716346922706128320e+00
-1.712690262111286499e+00
-1.709927211232133981e+00
-1.708045603506286092e+00
-1.707026862526314082e+00
-1.706858821729833942e+00
-1.707522904709414924e+00
-1.709006944902675462e+00
-1.711298775747229550e+00
-1.714373410990602808e+00
-1.718218684070412117e+00
-1.722809608734181763e+00
-1.728140428264572703e+00
-1.734179746564065372e+00
-1.740915397070275983e+00
-1.748328803375774010e+00
-1.756394979228085518e+00
-1.765095348219780425e+00
-1.774411333943429536e+00
-1.784324359991603215e+00
-1.794803030266781452e+00
-1.805841588051625202e+00
-1.817408637248614012e+00
-1.829485601450318688e+00
-1.842047494404264185e+00
-1.855069329857975458e+00
-1.868532531404022645e+00
-1.882412112789932035e+00
-1.896676677918181397e+00
-1.911307650381342205e+00
-1.926280043926939411e+00
-1.941568872302498194e+00
-1.957142739410497878e+00
-1.972976658998462973e+00
-1.989045644813919766e+00
-2.005324710604391658e+00
-2.021776050427313898e+00
-2.038387497720301589e+00
-2.055114836695743463e+00
-2.071939490946210771e+00
-2.088823654529136320e+00
-2.105751967055714768e+00
-2.122734751901724337e+00
-2.139811187841747397e+00
-2.157007633960278170e+00
-2.174337629651716508e+00
-2.191833943845600707e+00
-2.209516525781378249e+00
-2.227418144388586096e+00
-2.245558748906672175e+00
-2.263958288575082634e+00
-2.282643122478310804e+00
-2.301639609700848244e+00
-2.320961289637097025e+00
-2.340634521371549592e+00
-2.360679254143652095e+00
-2.381115437192852013e+00
-2.401963019758596385e+00
-2.423241951080331802e+00
-2.444972180397505301e+00
-2.467173656949563920e+00
-2.489859920130908844e+00
-2.513050919180987552e+00
-2.536766603339246196e+00
-2.561020512000085958e+00
-2.585839004248000617e+00
-2.611229209632344617e+00
-2.637204667547520920e+00
-2.663785327232974343e+00
-2.690978318238062439e+00
-2.718809999647276765e+00
-2.747274681319882728e+00
-2.776405132185418179e+00
-2.806208481793238896e+00
-2.836691859692700657e+00
-2.867875215123250499e+00
-2.899765677634243755e+00
-2.932376786620082498e+00
-2.965728491320214211e+00
-2.999821511438947930e+00
-3.034669386370684840e+00
-3.070285655509827905e+00
-3.106677448405731123e+00
-3.143858304452798791e+00
-3.181828943355338168e+00
-3.220602904507751774e+00
-3.260193727304441236e+00
-3.300602131449716925e+00
-3.341841656337979583e+00
-3.383919431518585430e+00
-3.426842586540891133e+00
