# tt
9.032115591159865744e+02
8.548026812287539542e+02
8.062101484808038094e+02
7.679489853425167212e+02
7.398637353021500758e+02
7.202958207199338858e+02
7.072097971483980245e+02
6.991298585479030407e+02
6.949535543880260775e+02
6.936095395865834234e+02
6.955066669299076239e+02
6.986933176533062806e+02
7.031370392101114248e+02
7.079243783595742343e+02
7.145002237285236788e+02
7.226514476656003581e+02
7.313257152543676511e+02
7.411692045278358592e+02
7.507943970300214005e+02
7.607938198184289149e+02
7.711817991106069030e+02
7.816218669537977348e+02
7.923843721490550251e+02
8.035627861169959942e+02
8.147138546128240932e+02
8.261933511701861335e+02
8.378645037395056079e+02
8.496737112051292797e+02
8.617994567133182500e+02
8.737077971780080361e+02
8.860822173817988414e+02
8.984772320516099171e+02
9.108885888578155345e+02
9.238214749433534507e+02
9.364986360183639817e+02
9.493685566329905896e+02
9.625174619152584228e+02
9.758566400324735923e+02
9.893129359784322787e+02
1.002809504938259920e+03
1.016350890538084172e+03
1.029950766285452573e+03
1.043654854913141435e+03
1.057521698844016782e+03
1.071525179365714621e+03
1.085653074702452841e+03
1.099885420083764302e+03
1.114215070429273965e+03
1.128692569264015901e+03
1.143370758394928771e+03
1.158202705390794563e+03
1.173124546567163179e+03
1.188117287154903124e+03
1.203174752074974776e+03
1.218391844835006623e+03
1.233857553206392140e+03
1.249537598970599674e+03
1.265359244838825589e+03
1.281307442127675131e+03
1.297390425724412125e+03
1.313613417123248382e+03
1.329992101698963324e+03
1.346529345136244729e+03
1.363247242654917727e+03
1.380178166928964856e+03
1.397305862618366973e+03
1.414598712457080865e+03
1.432018689334017381e+03
1.449540585828178791e+03
1.467145694176381994e+03
1.484931043077339154e+03
1.502993751042530675e+03
1.521341198752799528e+03
1.539974357043944110e+03
1.558854934897437488e+03
1.577877331708087922e+03
1.597031291762335059e+03
1.616357838106982626e+03
1.635878764253697682e+03
1.655616875913067588e+03
1.675579798056217896e+03
1.695744118627966145e+03
1.716105655108267456e+03
1.736653815132030104e+03
1.757382736850524907e+03
1.778267021410197231e+03
1.799292410318900011e+03
1.820470284464668339e+03
1.841805614890491825e+03
1.863308956452502116e+03
1.884981150034172742e+03
1.906835030177166118e+03
1.928864201888007301e+03
1.951081499708358024e+03
1.973480528644743572e+03
1.996061303548734486e+03
2.018830249116947698e+03
2.041768150665816393e+03
2.064887842737003211e+03
2.088182930337033213e+03
2.111653428317477392e+03
2.135286531839814870e+03
2.159082255755616643e+03
2.183034205071408451e+03
2.207135984793714670e+03
2.231381199929061040e+03
2.255757045638927593e+03
2.280269946619930124e+03
2.304907098033548209e+03
2.329662075516650020e+03
2.354534747072516893e+03
2.379518541489726886e+03
2.404606887556858510e+03
2.429793214062491188e+03
2.455077359640248233e+03
2.480452753078708156e+03
2.505906413321404216e+03
2.531438179001959725e+03
2.557041478908953650e+03
2.582709741830964504e+03
2.608429986711524180e+03
2.634202052184258719e+03
2.660019367037744814e+03
2.685868950215516634e+03
2.711750640351196580e+03
2.737651456388319275e+03
2.763564827115462322e+03
2.789490591166250397e+03
2.815415767484214939e+03
2.841327521207794234e+03
2.867232831790175169e+03
2.893113185499270003e+03
2.918969298138124486e+03
2.944789065819693406e+03
2.970573204347023875e+03
2.996309609833072045e+03
3.021992588235839776e+03
3.047610035668281398e+03
3.073169077778489736e+03
3.098651200834374322e+03
3.124050710793937469e+03
3.149368323460224929e+03
3.174585525101147596e+03
3.199703031519751221e+03
3.224695919138901900e+03
3.249558493916598763e+03
3.274278651965800236e+03
3.298844289399458830e+03
3.323243302330532970e+03
3.347457102069211032e+03
3.371492439474980984e+03
3.395336760914477054e+03
3.418990332444421256e+03
3.442447010276491255e+03
3.465713470312455684e+03
3.488770749073901243e+03
3.511625522462597473e+03
3.534265236845174513e+03
3.556683748433311848e+03
3.578862093748593907e+03
3.600794129002700629e+03
3.622473710407308317e+03
3.643881874484003674e+03
3.665018887289509621e+03
3.685872195190459024e+03
3.706435654398528186e+03
3.726703121125396137e+03
3.746668451582739181e+03
3.766325501982235437e+03
3.785661718690517318e+03
3.804683777609354365e+03
3.823372715260330551e+03
3.841722387855124907e+03
3.859733061450460809e+03
3.877392332010894734e+03
3.894694803737724669e+03
3.911628820585132416e+03
3.928195546197385283e+03
3.944389734373708961e+03
3.960199729068280249e+03
3.975626693925371455e+03
3.990665382744203725e+03
4.005304139478958405e+03
4.019544127773903256e+03
4.033373691583218715e+03
4.046793994551173910e+03
4.059799790476991348e+03
4.072379423314851465e+03
4.084534056709023389e+03
4.096258444458731901e+03
4.107540930518155619e+03
4.118376268686517506e+03
4.128772032453133761e+03
4.138716565772182548e+03
4.148211032287934358e+03
4.157256595644659683e+03
4.165854419486626284e+03
4.173986437922967525e+03
4.181666634288044406e+03
4.188883316011399984e+03
4.195631054269068045e+03
4.201891564022358580e+03
4.207672199612762597e+03
4.212948266156540740e+03
4.217727117995184926e+03
4.221996879935049037e+03
4.225752086627529934e+03
4.229019321949258483e+03
4.231786710706584927e+03
4.234061607241002093e+03
4.235857775739043973e+03
4.237176160697157684e+03
4.238024116456830598e+03
4.238402587514509833e+03
4.238299698676548360e+03
4.237716394439391479e+03
4.236653619299483580e+03
4.235105907908222434e+03
4.233067794917010360e+03
4.230546634667336548e+03
4.227530551965554878e+03
4.224026901153152721e+03
4.220043036571624725e+03
4.215579902717413461e+03
4.210632034241920337e+03
4.205206785486632725e+03
4.199305100947995925e+03
4.192934334967502764e+03
4.186089022196551014e+03
4.178776516976630774e+03
4.171004173649232143e+03
4.162766526865755623e+03
4.154064521122644692e+03
4.144911920606436070e+03
4.135296850123482727e+03
4.125239483705367093e+03
4.114734356003488756e+03
4.103788821359336907e+03
4.092403824269356392e+03
4.080580309229992054e+03
4.068332040427781521e+03
4.055659962359166457e+03
4.042565019520595342e+03
4.029060976098600349e+03
4.015155186434675215e+03
4.000842185180218166e+03
3.986142146366808902e+03
3.971049604645847467e+03
3.955578324203871034e+03
3.939722697815613628e+03
3.923489370439245249e+03
3.906878435311228259e+03
3.889902805358109163e+03
3.872549754126261632e+03
3.854832194542234902e+03
3.836756629687535224e+03
3.818335972488713196e+03
3.799576726027275072e+03
3.780498213074818068e+03
3.761100526867800909e+03
3.741402990177821721e+03
3.721412106086386757e+03
3.701134377674999541e+03
3.680569898180122891e+03
3.659725170683259421e+03
3.638613108110963822e+03
3.617233803699693908e+03
3.595587350685910678e+03
3.573680252151119930e+03
3.551531830866920245e+03
3.529135770224721455e+03
3.506517802841170123e+03
3.483671612107680176e+03
3.460610110950801300e+03
3.437352622142131622e+03
3.413899238918131687e+03
3.390256464360305472e+03
3.366437211395206305e+03
3.342454392949383873e+03
3.318308102259299176e+03
3.294011252251503720e+03
3.269576755852548104e+03
3.245004706298892415e+03
3.220308016517088163e+03
3.195493189588641599e+03
3.170579548285148576e+03
3.145567185843069637e+03
3.120462605343912401e+03
3.095285129559270445e+03
3.070041261570651386e+03
3.044731094614514859e+03
3.019367541617412371e+03
2.993963515505894520e+03
2.968519109516423214e+03
2.943047236575548141e+03
2.917547989919729389e+03
2.892040692320565086e+03
2.866531846859560119e+03
2.841027956618219832e+03
2.815541674462732317e+03
2.790084613017831998e+03
2.764661715002844630e+03
2.739284332982140768e+03
2.713963819520090965e+03
2.688698707490974357e+03
2.663506759304208572e+03
2.638392917679118000e+03
2.613362125335028850e+03
2.588412915146219348e+03
2.563569459367152831e+03
2.538823881027061361e+03
2.514193942535364386e+03
2.489684586611385839e+03
2.465294346129404403e+03
2.441040983498838159e+03
2.416929441439011043e+03
2.392971072514294519e+03
2.369164409598968177e+03
2.345514395412356407e+03
2.322045202208923001e+03
2.298742543172855676e+03
2.275630590558615950e+03
2.252701467395438158e+03
2.229972936092738564e+03
2.207443529524798123e+03
2.185124600255986024e+03
2.163021091005628477e+03
2.141137944493050327e+03
2.119486513282622582e+03
2.098065330248625287e+03
2.076885747955428542e+03
2.055946299277312391e+03
2.035258336778648754e+03
2.014833213023807048e+03
1.994669460887066634e+03
1.974772023087754633e+03
1.955145842345194751e+03
1.935802271223758680e+03
1.916746252442770810e+03
1.897976318876511868e+03
1.879497413244306927e+03
1.861314478265480830e+03
1.843426046814313395e+03
1.825837061610130377e+03
1.808552465372256620e+03
1.791570790974972169e+03
1.774896981137601870e+03
1.758542388424517412e+03
1.742505545709997477e+03
1.726797741942557877e+03
1.711423601762243152e+03
1.696381276348198071e+03
1.681675326724611978e+03
1.667316723760720379e+03
1.653297208790620971e+03
1.639621342838504233e+03
1.626293686928559055e+03
1.613312392239929750e+03
1.600675609951760634e+03
1.588387901088241051e+03
1.576447416828514861e+03
1.564865128041817570e+03
1.553626366217201394e+03
1.542748512068948230e+03
1.532223306931155548e+03
1.522055311828013373e+03
1.512242677938665565e+03
1.502783556442256668e+03
1.493688918208020596e+03
1.484944094725011837e+03
1.476560056862464762e+03
1.468528545954477750e+03
1.460854123025241051e+03
1.453528529408852364e+03
1.446556326129501713e+03
1.439942074211378440e+03
1.433671105143536124e+03
1.427754389795209136e+03
1.422190079345541562e+03
1.416969915128632920e+03
1.412098458168671641e+03
1.407573859644802042e+03
1.403387860891123182e+03
1.399538613086778696e+03
1.396030677255958153e+03
1.392862204577805869e+03
1.390018526541374513e+03
1.387504204170853654e+03
1.385317388645387609e+03
1.383456231144120466e+03
1.381906063156104892e+03
1.380677855550576396e+03
1.379756939816587874e+03
1.379141467133283186e+03
1.378829588679806193e+03
1.378813045790255728e+03
1.379096399488821589e+03
1.379671391109601927e+03
1.380536171831740830e+03
1.381689117264009838e+03
1.383123090888641627e+03
1.384837590462542721e+03
1.386832113742618731e+03
1.389093338795684758e+03
1.391620763378646643e+03
1.394413885248410907e+03
1.397465792316836769e+03
1.400763162650740242e+03
1.404318313697117901e+03
1.408105103832693885e+03
1.412135850504464543e+03
1.416403641624291140e+03
1.420901565104033580e+03
1.425616299010506737e+03
1.430560160790708096e+03
1.435713418666406369e+03
1.441081980239553559e+03
1.446652523576964768e+03
1.452430956280590635e+03
1.458403956417246718e+03
1.464564611898793373e+03
1.470918830327181922e+03
1.477453289769227013e+03
1.484161078136789911e+03
1.491041693186776001e+03
1.498075403140954677e+03
1.505274525446323196e+03
1.512612918479604787e+03
1.520090079997706198e+03
1.527705507757533269e+03
1.535445879825899965e+03
1.543317103804759199e+03
1.551299447915879455e+03
1.559398819761212053e+03
1.567608307252618260e+03
1.575920998301957525e+03
1.584329980821091567e+03
1.592834752566924863e+03
1.601421991606273195e+03
1.610084785850996695e+03
1.618809813367910692e+03
1.627596571913920343e+03
1.636431739555841659e+03
1.645308404205533861e+03
1.654219653774858443e+03
1.663158576175675307e+03
1.672131079009936002e+03
1.681123840344455402e+03
1.690129948091094093e+03
1.699149211738724716e+03
1.708182687704089176e+03
1.717212514600758368e+03
1.726240060577441000e+03
1.735253874092754586e+03
1.744248913450361442e+03
1.753220136953924566e+03
1.762156093062061245e+03
1.771045330233388313e+03
1.779902036306705668e+03
1.788701940050538951e+03
1.797465639148733544e+03
1.806168862369815088e+03
1.814832207397628736e+03
1.823431403000701039e+03
1.831980637017830759e+03
1.840468457907635639e+03
1.848883414128732056e+03
1.857226873829829628e+03
1.865487385469544279e+03
1.873653497506493522e+03
1.881726578089386749e+03
1.889695175676839654e+03
1.897560658417561399e+03
1.905317984615214755e+03
1.912968522418508201e+03
1.920500820286058115e+03
1.927922656211619142e+03
1.935235398343899078e+03
1.942421185296469957e+03
1.949494204908130769e+03
1.956430185947407836e+03
1.963236906408055120e+03
1.969902914748689682e+03
1.976416759427929492e+03
1.982786218439527374e+03
1.988999840242100618e+03
1.995052583139312446e+03
2.000952225124916367e+03
2.006687314657530123e+03
2.012259219885861285e+03
2.017669308958619240e+03
2.022918950024510650e+03
2.028003101387199422e+03
2.032916721350348098e+03
2.037661178062665158e+03
2.042225019982767208e+03
2.046609615259363181e+03
2.050809922196115622e+03
2.054820899096687754e+03
2.058637585329493959e+03
2.062261754367010326e+03
2.065688850901417482e+03
2.068920729469943581e+03
2.071965654454860214e+03
2.074812660703305482e+03
2.077470012597550976e+03
2.079933154829779141e+03
2.082197532092171059e+03
2.084277818612045849e+03
2.086156639391494082e+03
2.087848668657834423e+03
2.089342941258202700e+03
2.090641311729826157e+03
2.091745634609933404e+03
2.092657764435750323e+03
2.093373145899458905e+03
2.093887223693242049e+03
2.094208262199371347e+03
2.094325296264983990e+03
2.094246590272352478e+03
2.093967588913658801e+03
2.093483736881084951e+03
2.092809708401948683e+03
2.091934538323387187e+03
2.090872900872718219e+03
2.089620240742123769e+03
2.088178412468831539e+03
2.086549270590068318e+03
2.084741079488107516e+03
2.082742874010084506e+03
2.080569328383318862e+03
2.078215887299992119e+03
2.075677995452285359e+03
2.072970327067518156e+03
2.070081916992825882e+03
2.067027439455527201e+03
2.063802339147804105e+03
2.060414880451929093e+03
2.056854098215039357e+03
2.053141076509497907e+03
2.049271260027487187e+03
2.045240093461188053e+03
2.041062251037920078e+03
2.036739587294910052e+03
2.032267546924339968e+03
2.027654394308482551e+03
2.022901983984565732e+03
2.018012170489815389e+03
2.012986808361460362e+03
2.007840336266028999e+03
2.002560611246709868e+03
1.997160894166083153e+03
1.991648036041684918e+03
1.986016068200958671e+03
1.980265431816395449e+03
1.974415797595620234e+03
1.968454787021032189e+03
1.962389251110166924e+03
1.956219631035514567e+03
1.949959187659655527e+03
1.943595542464988284e+03
1.937141956314093477e+03
1.930605280224507851e+03
1.923973135678628751e+03
1.917258783539037495e+03
1.910469074823269921e+03
1.903598040858769309e+03
1.896652532663071952e+03
1.889632991408666840e+03
1.882546268113089582e+03
1.875399213793875788e+03
1.868192269623514676e+03
1.860925876774496601e+03
1.853619705954447682e+03
1.846261378645767309e+03
1.838870565556080464e+03
1.831441298012832704e+03
1.823980427033558499e+03
1.816494803635794142e+03
1.808991278837073878e+03
1.801470293809888062e+03
1.793932289726726822e+03
1.786390527450170339e+03
1.778845448152708741e+03
1.771297493006831928e+03
1.763753513030074828e+03
1.756226769085018759e+03
1.748704882654061976e+03
1.741207524444831506e+03
1.733735135629816796e+03
1.726288157381507517e+03
1.718873440717438825e+03
1.711491426810101302e+03
1.704155376522075130e+03
1.696865731025850209e+03
1.689622931493916667e+03
1.682433828943809431e+03
1.675305274393063883e+03
1.668237709014169923e+03
1.661244094089805458e+03
1.654310553202852361e+03
1.647461369426563806e+03
1.640682366763919163e+03
1.633978598753034021e+03
1.627361528777070362e+03
1.620823390684053038e+03
1.614375647857142894e+03
1.608023353834456202e+03
1.601752332618972787e+03
1.595586867283944684e+03
1.589512781832351493e+03
1.583535129802309029e+03
1.577671784422024984e+03
1.571902159849432337e+03
1.566250539157784033e+03
1.560709156195104470e+03
1.555283064499510601e+03
1.549970907764071853e+03
1.544777739526905179e+03
1.539715023171171424e+03
1.534774992544895440e+03
1.529956291341147789e+03
1.525270382943090453e+03
1.520715911043793085e+03
1.516297929181372183e+03
1.512008671203852373e+03
1.507866010339440663e+03
1.503855770591116652e+03
1.499989415342041866e+03
1.496265588285286867e+03
1.492682933113921081e+03
1.489252913211107398e+03
1.485967762424869761e+03
1.482832534293324670e+03
1.479852282354587942e+03
1.477025650301729684e+03
1.474351281827820458e+03
1.471834230470976991e+03
1.469473139924268480e+03
1.467273063725811653e+03
1.465226235723631589e+03
1.463350529145934843e+03
1.461625358150655529e+03
1.460068595966000657e+03
1.458678886285039880e+03
1.457448462955799869e+03
1.456382379516394622e+03
1.455479279659895838e+03
1.454750626769464816e+03
1.454182190746602146e+03
1.453778754622033830e+03
1.453545047325006863e+03
1.453479387939722073e+03
1.453586505395427366e+03
1.453851899086232606e+03
1.454286707786430497e+03
1.454889250580223006e+03
1.455657846551811417e+03
1.456590814785397015e+03
1.457686474365181084e+03
1.458949554220411756e+03
1.460371963590244377e+03
1.461958431403925488e+03
1.463707276745657964e+03
1.465610408854596699e+03
1.467672556659988913e+03
1.469898449091081829e+03
1.472273585541985994e+03
1.474809104786994340e+03
1.477496916065262440e+03
1.480335338460991352e+03
1.483322691058383271e+03
1.486457292941639480e+03
1.489743873040007429e+03
1.493174340592643148e+03
1.496747014683747466e+03
1.500453804552476640e+03
1.504305848973123602e+03
1.508295057184843927e+03
1.512413338426794780e+03
1.516659011783175629e+03
1.521036806183235285e+03
1.525545040711174806e+03
1.530169214761104058e+03
1.534914057262270944e+03
1.539777887298876976e+03
1.544759023955122984e+03
1.549855786315210707e+03
1.555060083618296630e+03
1.560370234948581810e+03
1.565784559390267759e+03
1.571301376027556898e+03
1.576912594099604121e+03
1.582622942535657103e+03
1.588411510884780682e+03
1.594295847766313045e+03
1.600255042729318347e+03
1.606300234548090430e+03
1.612416922616738930e+03
1.618603667818741542e+03
1.624853588389632705e+03
1.631172864054313322e+03
1.637561264692639270e+03
1.643999330649329750e+03
1.650506061339377084e+03
1.657061997107500247e+03
1.663666907833555797e+03
1.670326973242443728e+03
1.677029143523929406e+03
1.683773188557868934e+03
1.690565288069162762e+03
1.697385982402530090e+03
1.704241451282872731e+03
1.711131464590045880e+03
1.718042972513814675e+03
1.724975744934034765e+03
1.731929551730561570e+03
1.738897752938205485e+03
1.745880118436822158e+03
1.752870008261221983e+03
1.759867192291260380e+03
1.766871440406793454e+03
1.773876112642631142e+03
1.780880978878628866e+03
1.787879399149597702e+03
1.794871143335392617e+03
1.801855981315869940e+03
1.808814453435747964e+03
1.815759149264973530e+03
1.822683428838357941e+03
1.829574242345665425e+03
1.836437769511796660e+03
1.843267370371562038e+03
1.850049995114726926e+03
1.856798233311237254e+03
1.863492625305811998e+03
1.870139350823353425e+03
1.876731769898671018e+03
1.883263242566575627e+03
1.889727128861876508e+03
1.896123198664430220e+03
1.902451221854091727e+03
1.908698148620626625e+03
1.914863748843889425e+03
1.920941382558691430e+03
1.926930819644888288e+03
1.932825420137289257e+03
1.938624953915750893e+03
1.944322781015083592e+03
1.949912539600814398e+03
1.955388980361344693e+03
1.960759951805882565e+03
1.966020482753546958e+03
1.971165602023454767e+03
1.976190338434724481e+03
1.981108950341611035e+03
1.985910056718186979e+03
1.990595096228614921e+03
1.995159097692014257e+03
1.999603499772547138e+03
2.003923331289332054e+03
2.008120030906532975e+03
2.012182217598222223e+03
2.016111330028563088e+03
2.019908806861719540e+03
2.023563267071763221e+03
2.027082559167904037e+03
2.030448892279168376e+03
2.033676524759811628e+03
2.036754075583905660e+03
2.039676573570568735e+03
2.042451867229008940e+03
2.045068575533300418e+03
2.047528137147606003e+03
2.049838400581134010e+03
2.051994394653003383e+03
2.053997558027377636e+03
2.055849329368419603e+03
2.057544737495248228e+03
2.059091630917072052e+03
2.060478628607963401e+03
2.061713579077131726e+03
2.062785101298648442e+03
2.063694633936679111e+03
2.064430795965294692e+03
2.065001435893705093e+03
2.065401582541027437e+03
2.065619854881334959e+03
2.065670511268881455e+03
2.065542170677740160e+03
2.065242681617120070e+03
2.064767072906138765e+03
2.064116783208959987e+03
2.063286841344702225e+03
2.062285095822574021e+03
2.061112985306739120e+03
2.059765538616315553e+03
2.058250604260511864e+03
2.056563211058446996e+03
2.054704836794158382e+03
2.052683525576229840e+03
2.050488131097983569e+03
2.048126736587877986e+03
2.045588195739234152e+03
2.042867772090419521e+03
2.039967139024847256e+03
2.036887969925930292e+03
2.033625528332035174e+03
2.030181487626574835e+03
2.026557521192963122e+03
2.022768122104702798e+03
2.018808553900161996e+03
2.014686899807798454e+03
2.010411243056070361e+03
2.005983257028391563e+03
2.001398205263128148e+03
1.996657761143693506e+03
1.991757188208454636e+03
1.986691749995779446e+03
1.981456710044034935e+03
1.976053741736633583e+03
1.970478108611942844e+03
1.964737893898421362e+03
1.958841180824526873e+03
1.952789642773672995e+03
1.946591362974317690e+03
1.940248014809873666e+03
1.933774091353844824e+03
1.927171265989643643e+03
1.920441212100683742e+03
1.913579193225331892e+03
1.906580472901955318e+03
1.899453134359013120e+03
1.892186031289826360e+03
1.884774427232762037e+03
1.877226405416279249e+03
1.869550049068835733e+03
1.861734211883753687e+03
1.853806206624628203e+03
1.845761296829825596e+03
1.837607565727805422e+03
1.829346686701979706e+03
1.820999562670898285e+03
1.812548637482836739e+03
1.804008404211299421e+03
1.795367716549608303e+03
1.786634657726221803e+03
1.777804491279506237e+03
1.768872480747829968e+03
1.759852883681826597e+03
1.750739786005512997e+03
1.741539857810128069e+03
1.732253359341864098e+03
1.722899780382051631e+03
1.713466561486791534e+03
1.703973192437413672e+03
1.694419933480110785e+03
1.684807044861075838e+03
1.675134786826501568e+03
1.665409829467626651e+03
1.655626023185598115e+03
1.645796447916700345e+03
1.635914954062080142e+03
1.625981801867931154e+03
1.616010071270536400e+03
1.605987202825998565e+03
1.595919866625555187e+03
1.585814732760444940e+03
1.575665651631815535e+03
1.565479293330905421e+03
1.555262327948952588e+03
1.545008605887104522e+03
1.534731207081645607e+03
1.524430391778767671e+03
1.514112830069710526e+03
1.503778782200666228e+03
1.493447737952963735e+03
1.483107137882706184e+03
1.472770061926176140e+03
1.462430360484521998e+03
1.452101113494027231e+03
1.441776171355839097e+03
1.431455794316150559e+03
1.421146652466200749e+03
1.410849006052181494e+03
1.400563115320285760e+03
1.390302060206798387e+03
1.380053281267820466e+03
1.369836268284681182e+03
1.359644871658528700e+03
1.349485761480601468e+03
1.339359197997091314e+03
1.329278261144283306e+03
1.319230391478278534e+03
1.309235078780406184e+03
1.299286173451814648e+03
1.289390345583742146e+03
1.279554265267426217e+03
1.269778192749060509e+03
1.260062129922719805e+03
1.250417864964097589e+03
1.240844108006680017e+03
1.231339569183951426e+03
1.221909368474442545e+03
1.212552216011638848e+03
1.203279641619115637e+03
1.194083945585313131e+03
1.184970247888761605e+03
1.175937258662946078e+03
1.166990097886397734e+03
1.158133885537646620e+03
1.149367331750177982e+03
1.140689146657477067e+03
1.132098040393028441e+03
1.123605542780408769e+03
1.115203954108057133e+03
1.106891984509459007e+03
1.098681163808190377e+03
1.090570202137736260e+03
1.082551399786536194e+03
1.074636286578166619e+03
1.066829982491157352e+03
1.059118377968903360e+03
1.051519412680025880e+03
1.044025386912964223e+03
1.036641420646249571e+03
1.029372633858411746e+03
1.022217736682936675e+03
1.015175439253308809e+03
1.008244451703013397e+03
1.001436303855626534e+03
9.947432959995879855e+02
9.881705481134280262e+02
9.817167703306322437e+02
9.753806727846848617e+02
9.691673754541174048e+02
9.630755884724143243e+02
9.571104318181065764e+02
9.512642057796333575e+02
9.455484401805713333e+02
9.399554353093592454e+02
9.344903111445286186e+02
9.291517778195636765e+02
9.239449553129958304e+02
9.188621439132640489e+02
9.139148734439447708e+02
9.090954441934770784e+02
9.044025662953467872e+02
8.998477695731290851e+02
8.954233155916051601e+02
8.911277208659643065e+02
8.869658730327821559e+02
8.829298400385437162e+02
8.790309193648701012e+02
8.752611789582464326e+02
8.716255064552482281e+02
8.681159698023603823e+02
8.647374566361588677e+02
8.614948545932194293e+02
8.583802316200267342e+02
8.553984753531569822e+02
8.525480635841399817e+02
8.498274741045066776e+02
8.472351847057866507e+02
8.447696731795107326e+02
8.424358271622545544e+02
8.402257146005027835e+02
8.381442231308318469e+02
8.361898305447716666e+02
8.343546047888066823e+02
8.326434334995132076e+02
8.310547944684215054e+02
8.295935753321073207e+02
8.282454341920099523e+02
8.270152586847051452e+02
8.259079364467688720e+02
8.249155354246856859e+02
8.240365334099863048e+02
8.232758180392461327e+02
8.226254572589505187e+02
8.220839288606291575e+02
8.216497106358126530e+02
8.213276902210769777e+02
8.211099355629065712e+02
8.209949244528321515e+02
8.209875445274292360e+02
8.210798637331830605e+02
8.212703598616232057e+02
8.215575107042803893e+02
8.219397940526851016e+02
8.224220975434128604e+02
8.229900792779033054e+02
8.236550367377775501e+02
8.244026280244748932e+02
8.252377407745710798e+02
8.261588527795964865e+02
8.271644418310814899e+02
8.282465758755109846e+02
8.294101425494604882e+02
8.306409988987630868e+02
8.319514371270064430e+02
8.333283090019909878e+02
8.347776958266524616e+02
8.362864493687904996e+02
8.378670607763871203e+02
8.395063818172415040e+02
8.412104937942903007e+02
8.429790681654239961e+02
8.447989566984418843e+02
8.466826505413264385e+02
8.486170014618767254e+02
8.506016809179834581e+02
8.526491800576286550e+02
8.547399408035661281e+02
8.568864543037775547e+02
8.590883920161539891e+02
8.613326057084947251e+02
8.636251766837364130e+02
8.659657763997689699e+02
8.683476664694381952e+02
8.707705183506345747e+02
8.732211838111577435e+02
8.757121539989894927e+02
8.782238708368836342e+02
8.807688254728220727e+02
8.833338696746046708e+02
8.859186749001219141e+02
8.885357322973553664e+02
8.911654837890592944e+02
8.938204205232154891e+02
8.964873942676235856e+02
8.991788961702651477e+02
9.018817779989399241e+02
9.046021210565838828e+02
9.073267771109972273e+02
9.100490077750245064e+02
9.127813041966477385e+02
9.155105181436663315e+02
9.182299112289258574e+02
9.209455647553620565e+02
9.236507403358207284e+02
9.263386995831463082e+02
9.290219336453205869e+02
9.316872942901437682e+02
9.343344529755059966e+02
9.369630811592982127e+02
9.395728502994107885e+02
9.421570220086895233e+02
9.447152677450243345e+02
9.472410707656465547e+02
9.497352107503762682e+02
9.521986890234190923e+02
9.546325069089809858e+02
9.570248460411766018e+02
9.593831175892566989e+02
9.617019130323824356e+02
9.639822336947592021e+02
9.662186710555470199e+02
9.684186362839977846e+02
9.705767208592710631e+02
9.726939261055729276e+02
9.747648435020640818e+02
9.767904743729496886e+02
9.787654101973902243e+02
9.806970621446369023e+02
9.825736118488048305e+02
9.844088803241902497e+02
9.861846393598630129e+02
9.879147099701195884e+02
9.895872737890747430e+02
9.912097419859794627e+02
9.927702961949493101e+02
9.942763475852349302e+02
9.957224876359970267e+02
9.971161275164862445e+02
9.984454488608179190e+02
9.997178628382432635e+02
1.000921551082876931e+03
1.002070334609015504e+03
1.003152395050774203e+03
1.004168733732358533e+03
1.005120351977973996e+03
1.006008251111827235e+03
1.006827022613077474e+03
1.007577667805931355e+03
1.008261188014594268e+03
1.008872174718226233e+03
1.009411629241033665e+03
1.009880552907221841e+03
1.010279947040996831e+03
1.010604403121518658e+03
1.010854922472993167e+03
1.011032506419626316e+03
1.011138156285623836e+03
1.011166463550145750e+03
1.011124839382443724e+03
1.011007875261677782e+03
1.010810162667007944e+03
1.010545522612731588e+03
1.010195764009527352e+03
1.009774893479740967e+03
1.009271315387145705e+03
1.008699073475696309e+03
1.008046572109166732e+03
1.007315035341420753e+03
1.006512097071368430e+03
1.005626161662782806e+03
1.004671272859619080e+03
1.003635835025650522e+03
1.002527482059787189e+03
1.001341028170847835e+03
1.000084107257741607e+03
9.987515335292878262e+02
9.973445310393509544e+02
9.958643238417945440e+02
9.943121359904831706e+02
9.926891915392812962e+02
9.909903046970074456e+02
9.892166995175258535e+02
9.873760098997465775e+02
9.854630500524878016e+02
9.834790440296143288e+02
9.814316257300361031e+02
9.793091995175254851e+02
9.771129894459475054e+02
9.748570392592570215e+02
9.725361631662728996e+02
9.701451753758141194e+02
9.676981196318357661e+02
9.651834002981109961e+02
9.626086512735495262e+02
9.599750966120160456e+02
9.572775505223289656e+02
9.545236469033980029e+02
9.517146098090875057e+02
9.488452534482163401e+02
9.459232117196939953e+02
9.429497086773851606e+02
9.399131486850627653e+02
9.368339853317276038e+02
9.337006229811529465e+02
9.305206955322486237e+02
9.272890171938331605e+02
9.240132218648169555e+02
9.206945335990634476e+02
9.173341764504374396e+02
9.139269646277574566e+02
9.104805320299334426e+02
9.069961027108294047e+02
9.034747426805186024e+02
8.999168857739070972e+02
8.963292176271556855e+02
8.926991943412889441e+02
8.890399113975130376e+02
8.853452347418973432e+02
8.816218500106027705e+02
8.778700329947442924e+02
8.740900594854374503e+02
8.702822052737974445e+02
8.664467461509392479e+02
8.625903677530234290e+02
8.587069360261201609e+02
8.548031366063897849e+02
8.508792452849476149e+02
8.469291280078629143e+02
8.429594704112971613e+02
8.389705482863651014e+02
8.349690472692276444e+02
8.309488333059542811e+02
8.269165920327056938e+02
8.228725992405971965e+02
8.188171307207442169e+02
8.147504622642615004e+02
8.106728696622644748e+02
8.065910385509138223e+02
8.025052447213249707e+02
7.984093541195671833e+02
7.943164622268468520e+02
7.902204349892338087e+02
7.861215481978430262e+02
7.820264874888354143e+02
7.779355286533260596e+02
7.738489474824303898e+02
7.697670197672631502e+02
7.656900212989398824e+02
7.616246377136212686e+02
7.575711448024222818e+02
7.535298183564583496e+02
7.494945243217993038e+02
7.454847680246963364e+02
7.414880055661742517e+02
7.375109225823933912e+02
7.335602047095144371e+02
7.296297178936073351e+02
7.257197379257870580e+02
7.218369504422144018e+02
7.179880410790499354e+02
7.141668757823637179e+02
7.103737303432704948e+02
7.066151118350747993e+02
7.028904032346090389e+02
6.991988089558495858e+02
6.955459432578174983e+02
6.919246007094438937e+02
6.883403955697499441e+02
6.847925322527121352e+02
6.812866250173517528e+02
6.778218782776449416e+02
6.743910866025222504e+02
6.709998642510055333e+02
6.676538254821161900e+02
6.643457648647845417e+02
6.610812966580327839e+02
6.578660351208817474e+02
6.546863649772170675e+02
6.515543103311057394e+02
6.484690755965237940e+02
6.454298651874472625e+02
6.424294736728068074e+02
6.394863350017150196e+02
6.365804240530114839e+02
6.337301747758085639e+02
6.309219718939916675e+02
6.281678395116279034e+02
6.254605721976474797e+02
6.228057842110722504e+02
6.202026799658782465e+02
6.176568737210869813e+02
6.151611600456292308e+02
6.127147433534810261e+02
6.103232379036637667e+02
6.079922579551994204e+02
6.057081882319725992e+02
6.034830528380506394e+02
6.013096463423642035e+02
5.991935830039345774e+02
5.971340672367380193e+02
5.951303034547507878e+02
5.931814960719486862e+02
5.912932593473534553e+02
5.894647976949412396e+02
5.876889056836423606e+02
5.859711975724787862e+02
5.843108777754262064e+02
5.827135605515063617e+02
5.811720404696500282e+02
5.796919317888786054e+02
5.782660290781226422e+02
5.769063564414491339e+02
5.755992686755557770e+02
5.743502304035254156e+02
5.731646763212531823e+02
5.720352214345439279e+02
5.709673004392926714e+02
5.699599381863494045e+02
5.690121595265637779e+02
5.681229893107857833e+02
5.672850425448195892e+02
5.665165736146519748e+02
5.657973778359959169e+02
5.651392997497922579e+02
5.645413642068908757e+02
5.639961862130962800e+02
5.635092004643036034e+02
5.630730219663174694e+02
5.626994952600782653e+02
5.623812353513908420e+02
5.621172670911047362e+02
5.619066153300699398e+02
5.617483049191361033e+02
5.616477705541988144e+02
5.615976272410622414e+02
5.615962588460716916e+02
5.616491000651225249e+02
5.617532527955512478e+02
5.619077418882071697e+02
5.621115921939403961e+02
5.623638285636009186e+02
5.626641168325428453e+02
5.630114818516160540e+02
5.634049484716707639e+02
5.638435415435562845e+02
5.643262859181228350e+02
5.648528474307246370e+02
5.654216099477069974e+02
5.660322393044244791e+02
5.666831193672220479e+02
5.673732749869499230e+02
5.681030129834666695e+02
5.688700762386133647e+02
5.696734896032396591e+02
5.705122779281954308e+02
5.713861070488350151e+02
5.722920788624948045e+02
5.732305001890335916e+02
5.741991139102921125e+02
5.751975858616247024e+02
5.762236589248723249e+02
5.772763579508846306e+02
5.783548340473089411e+02
5.794581023644775541e+02
5.805853043095206658e+02
5.817355812895679037e+02
5.829099976652629493e+02
5.841057718902220586e+02
5.853233273405838872e+02
5.865618054234787451e+02
5.878203475460363734e+02
5.890974541308819425e+02
5.903935485541546768e+02
5.917071312384796329e+02
5.930373435909870068e+02
5.943833270188065399e+02
5.957442229290678597e+02
5.971191727289011624e+02
5.985073178254363029e+02
5.999077996258030225e+02
6.013197595371315174e+02
6.027416979820467304e+02
6.041733973521833150e+02
6.056139990546708987e+02
6.070613625276306493e+02
6.085152701626966518e+02
6.099742223824944176e+02
6.114373605941538017e+02
6.129038262048047727e+02
6.143721196370726148e+02
6.158407413135824982e+02
6.173094736259688489e+02
6.187768169968572920e+02
6.202406308643683133e+02
6.217013386046411370e+02
6.231567996557962488e+02
6.246055144404593875e+02
6.260472653502644107e+02
6.274799118233325999e+02
6.289032362512982672e+02
6.303150980722820123e+02
6.317139977089093463e+02
6.330997175528146954e+02
6.344701170421186589e+02
6.358243375839514329e+02
6.371602386164335030e+02
6.384776025311992953e+02
6.397742887663698639e+02
6.410494387290749501e+02
6.423009118574351533e+02
6.435284905430852405e+02
6.447300342241455837e+02
6.459048280106356970e+02
6.470520908396273398e+02
6.481731083045949617e+02
6.492608332004542717e+02
6.503248839192391415e+02
6.513594952248741947e+02
6.523653117263297645e+02
6.533429780325757292e+02
6.542867289075370536e+02
6.551972089601835023e+02
6.560750627994857496e+02
6.569273448794590422e+02
6.577418801189826354e+02
6.585257229720722307e+02
6.592795180476980477e+02
6.599910902647392277e+02
6.606739039222567271e+02
6.613221937841753970e+02
6.619301946144200883e+02
6.625113707120516437e+02
6.630471371509038363e+02
6.635509582300377360e+02
6.640170687133781939e+02
6.644461132098952021e+02
6.648323264835133841e+02
6.651827629882486690e+02
6.654980673330710488e+02
6.657724742819051471e+02
6.660066284437210697e+02
6.661947645824436677e+02
6.663503469971338973e+02
6.664612006066712411e+02
6.665279700200254638e+02
6.665512998461670122e+02
6.665382445391114743e+02
6.664830388627833599e+02
6.663799175811076339e+02
6.662359351480996565e+02
6.660453263276841653e+02
6.658151455738769755e+02
6.655396276506025970e+02
6.652194171668312492e+02
6.648615685765786338e+02
6.644539067987237786e+02
6.639970764422369029e+02
6.634981319611338222e+02
6.629577179643845284e+02
6.623636593708681630e+02
6.617294204796460235e+02
6.610428262095971377e+02
6.603173676003966648e+02
6.595410032739932831e+02
6.587209481280862065e+02
6.578580072153290530e+02
6.569465757433299586e+02
6.559874587647425415e+02
6.549814613322205332e+02
6.539357983434630341e+02
6.528384551610325843e+02
6.517030565276739935e+02
6.505175878059496881e+02
6.492892638935592231e+02
6.480124799981101660e+02
6.466944510173021854e+02
6.453295721587429625e+02
6.439250583201322797e+02
6.424753047090775908e+02
6.409875262232784507e+02
6.394561180703431091e+02
6.378818853029248430e+02
6.362656329736774978e+02
6.346081661352544643e+02
6.329166996853554110e+02
6.311792189865426508e+02
6.294029389365151701e+02
6.275886645879269281e+02
6.257307911483860607e+02
6.238365335155914408e+02
6.219066967421969139e+02
6.199420858808562116e+02
6.179370961391772425e+02
6.158989424148593343e+02
6.138220199155105092e+02
6.117135435388299811e+02
6.095679084924259996e+02
6.073923296739975513e+02
6.051812022911527720e+02
6.029353313965455072e+02
6.006619318878746299e+02
5.983618088177940990e+02
5.960293573939119369e+02
5.936653826688815343e+02
5.912706896953567366e+02
5.888524933710368714e+02
5.864051889035298473e+02
5.839295813454893960e+02
5.814328855946146177e+02
5.789094968585137622e+02
5.763602201898404473e+02
5.737922704862937735e+02
5.712063554213065117e+02
5.685963833063819948e+02
5.659625749188484178e+02
5.633115608810792310e+02
5.606435619704028568e+02
5.579587989641469221e+02
5.552574926396396222e+02
5.525334539291637839e+02
5.497933134550924024e+02
5.470372919947540140e+02
5.442656103254764730e+02
5.414784892245879746e+02
5.386761494694162593e+02
5.358588118372898634e+02
5.330266971055365275e+02
5.301864358965298152e+02
5.273318391425523259e+02
5.244695374659778508e+02
5.215933417990885346e+02
5.187034729192126861e+02
5.158129712937692375e+02
5.129092380099954198e+02
5.099924938452191441e+02
5.070757792668596835e+02
5.041464953621538712e+02
5.012176825985206960e+02
4.982831519082429850e+02
4.953431240686486490e+02
4.924042297021113086e+02
4.894602797409134496e+02
4.865179048074286925e+02
4.835709158339394662e+02
4.806259434428195618e+02
4.776896182564423725e+02
4.747493413620450724e+02
4.718181532270466505e+02
4.688834549386840536e+02
4.659582869643763843e+02
4.630428700814518947e+02
4.601278102996702728e+02
4.572229431639279369e+02
4.543272074825435993e+02
4.514414650173499695e+02
4.485659365456751857e+02
4.457021248138563578e+02
4.428508915837261952e+02
4.400137396016218077e+02
4.371908896448709356e+02
4.343838444598113142e+02
4.315934658082750843e+02
4.288205003279490484e+02
4.260665161289443859e+02
4.233304022592084266e+02
4.206129707202014174e+02
4.179150335133844578e+02
4.152361206712091075e+02
4.125764032106312698e+02
4.099366931331119872e+02
4.073171614556072768e+02
4.047179791950733261e+02
4.021393173684662656e+02
3.995832699462558821e+02
3.970487259763893348e+02
3.945371384448318395e+02
3.920493193530441545e+02
3.895847987334776690e+02
3.871443885875933688e+02
3.847289009168518419e+02
3.823378657537048184e+02
3.799720950996128863e+02
3.776317599715323468e+02
3.753170313864189893e+02
3.730280803612295699e+02
3.707657188974242217e+02
3.685301180119594733e+02
3.663220897062959125e+02
3.641411640128852127e+02
3.619881529331880188e+02
3.598638684686650322e+02
3.577678406517679832e+02
3.557008814839574597e+02
3.536625209976850783e+02
3.516542121789161683e+02
3.496754850601022895e+02
3.477265106581997429e+02
3.458081009746690029e+02
3.439191450574573423e+02
3.420617368770344342e+02
3.402354064658519519e+02
3.384403248408660829e+02
3.366766630190329010e+02
3.349458739863179062e+02
3.332468467906677461e+02
3.315810344180480911e+02
3.299473259164058163e+02
3.283471742717061375e+02
3.267807505009052420e+02
3.252469436519503461e+02
3.237472067108065517e+02
3.222810697099254753e+02
3.208486764314513948e+02
3.194500617182802671e+02
3.180858741630011082e+02
3.167548394046888234e+02
3.154576060359321446e+02
3.141941816648154031e+02
3.129645738994225326e+02
3.117687903478378644e+02
3.106068386181455026e+02
3.094780853339252076e+02
3.083825381032609130e+02
3.073208455187416348e+02
3.062917332194422784e+02
3.052964907824562033e+02
3.043338438468583718e+02
3.034044410052376293e+02
3.025070078966690517e+02
3.016421931137413139e+02
3.008100042645385201e+02
3.000091669881359167e+02
2.992409708616266357e+02
2.985035005395813528e+02
2.977974046145886291e+02
2.971226906947327961e+02
2.964787254035933302e+02
2.958648753647499348e+02
2.952817891707913986e+02
2.947288334452972549e+02
2.942060157963517781e+02
2.937120618630299305e+02
2.932476202379205574e+02
2.928120575446031921e+02
2.924047404066574245e+02
2.920250354476630150e+02
2.916723092911994399e+02
2.913472105298556016e+02
2.910484648027064623e+02
2.907754387333316686e+02
2.905281399298153246e+02
2.903059350157372478e+02
2.901081906146769143e+02
2.899349143347184850e+02
2.897848318149371494e+02
2.896579506634169547e+02
2.895536375037377184e+02
2.894706179749743455e+02
2.894095406697155681e+02
2.893691312270365188e+02
2.893481152860122165e+02
2.893477824237360210e+02
2.893656458407049854e+02
2.894020607971586401e+02
2.894568110992632342e+02
2.895296805531849031e+02
2.896204529650897257e+02
2.897282711566394369e+02
2.898535599185046294e+02
2.899954620723470953e+02
2.901537614243327994e+02
2.903282417806279341e+02
2.905186869473987485e+02
2.907248807308112646e+02
2.909459659525272741e+02
2.911817264187127989e+02
2.914319459355339745e+02
2.916964083091570501e+02
2.919742563612435902e+02
2.922652738979597871e+02
2.925686037409672053e+02
2.928840296964319805e+02
2.932113355705203048e+02
2.935496641848937998e+02
2.938987993457186008e+02
2.942578838746563292e+02
2.946267015778731775e+02
2.950050362615351673e+02
2.953913897627995766e+02
2.957861868723368843e+02
2.961885704118088256e+02
2.965976832028769650e+02
2.970133090517074947e+02
2.974345907799620363e+02
2.978606712093020974e+02
2.982919751303984981e+02
2.987270043804082320e+02
2.991649017809929205e+02
2.996060921228233269e+02
3.000490772430563311e+02
3.004936409478582391e+02
3.009389260588906723e+02
3.013840753978151952e+02
3.018288727707980001e+02
3.022724609995005949e+02
3.027146238900891717e+02
3.031538632797208379e+02
3.035899629745618427e+02
3.040220657962735800e+02
3.044493145665177281e+02
3.048714930914604793e+02
3.052871032082588840e+02
3.056960163944680744e+02
3.060984548131987708e+02
3.064928053454372048e+02
3.068806597946922921e+02
3.072604050419500936e+02
3.076317099372058692e+02
3.079955252994639068e+02
3.083508789942148951e+02
3.086980808559587217e+02
3.090361587501859617e+02
3.093654225113963889e+02
3.096849000050807490e+02
3.099955420502434436e+02
3.102963765123749340e+02
3.105870722414706506e+02
3.108672980875256258e+02
3.111373638850398606e+02
3.113969384840085581e+02
3.116450497499222365e+02
3.118820075172807833e+02
3.121074806360794582e+02
3.123211379563134642e+02
3.125226483279780041e+02
3.127123215855729086e+02
3.128891855945888096e+02
3.130535501895254811e+02
3.132050842203782395e+02
3.133440975216468019e+02
3.134689769743173997e+02
3.135800324128896364e+02
3.136782146563679134e+02
3.137612696012339484e+02
3.138301480664918017e+02
3.138845189021370174e+02
3.139240509581645711e+02
3.139484130845698928e+02
3.139572741313480151e+02
3.139509439329988822e+02
3.139290913395176972e+02
3.138907442163950350e+02
3.138362123981308400e+02
3.137658057192247725e+02
3.136779110606630070e+02
3.135741202259544025e+02
3.134521791115805627e+02
3.133136795210504033e+02
3.131576493198545563e+02
3.129831163734837105e+02
3.127910315009422106e+02
3.125810635522253165e+02
3.123529064948148175e+02
3.121063547661394750e+02
3.118418689056191511e+02
3.115592684681691935e+02
3.112590139932092370e+02
3.109402840511502859e+02
3.106035391814121454e+02
3.102485989389100496e+02
3.098765648475685452e+02
3.094859744932936678e+02
3.090779294000099640e+02
3.086516081381281538e+02
3.082074712470682130e+02
3.077459792662498330e+02
3.072669517505883618e+02
3.067708492395037752e+02
3.062568503034066794e+02
3.057254154817171070e+02
3.051776462983593206e+02
3.046120803392396397e+02
3.040304601127870114e+02
3.034319641894120991e+02
3.028164121240303643e+02
3.021855464250706973e+02
3.015379046784393040e+02
3.008739474235560465e+02
3.001947761843453009e+02
2.994995695312179578e+02
2.987887880035938224e+02
2.980628921408926999e+02
2.973217014980299950e+02
2.965656766144255130e+02
2.957946370449944880e+02
2.950090433291570093e+02
2.942087150218281977e+02
2.933953946314371137e+02
2.925682607283944776e+02
2.917277738521201513e+02
2.908743945420339969e+02
2.900085833375558764e+02
2.891308007781057654e+02
2.882408664185988414e+02
2.873392407984549664e+02
2.864257434725895450e+02
2.855021169494314677e+02
2.845668988148869971e+02
2.836211905928805663e+02
2.826660938073365514e+02
2.817001460441611584e+02
2.807257307962879054e+02
2.797419789716439027e+02
2.787497537817347393e+02
2.777492297910779939e+02
2.767399405796865608e+02
2.757220607120777913e+02
2.746964057372738353e+02
2.736625092352875868e+02
2.726205457706364541e+02
2.715706899078378456e+02
2.705137571959139109e+02
2.694492812148774306e+02
2.683774365292458697e+02
2.672990386880413780e+02
2.662136212712766792e+02
2.651226408124784939e+02
2.640256308916596595e+02
2.629227660733375842e+02
2.618148619065343610e+02
2.607020929557673981e+02
2.595846337855542743e+02
2.584626589604122273e+02
2.573363430448588360e+02
2.562065015879161933e+02
2.550726681695970228e+02
2.539362993234280736e+02
2.527962876449176406e+02
2.516540896675921601e+02
2.505098799559692964e+02
2.493631920900618297e+02
2.482154826033963104e+02
2.470662850759857179e+02
2.459164150568519460e+02
2.447660471105126021e+02
2.436159967859896938e+02
2.424657976632960015e+02
2.413169062759581607e+02
2.401694971884935796e+02
2.390231039809152946e+02
2.378791831867497137e+02
2.367379093705143873e+02
2.355988161122222095e+02
2.344633599453997590e+02
2.333317154345644440e+02
2.322034161597291586e+02
2.310799186544205384e+02
2.299607564986514490e+02
2.288473862259484974e+02
2.277393414163244927e+02
2.266380786033060986e+02
2.255431313669061808e+02
2.244558920299425893e+02
2.233762141033885769e+02
2.223038868875090088e+02
2.212393406670731224e+02
2.201830057268499843e+02
2.191346713671044881e+02
2.180941268881010160e+02
2.170618025746091178e+02
2.160374877268932323e+02
2.150216126297226253e+02
2.140139665833620768e+02
2.130149798725807386e+02
2.120244417976432771e+02
2.110427826433189580e+02
2.100704326943769615e+02
2.091071812510820394e+02
2.081534585982032866e+02
2.072090540360054831e+02
2.062743978492578663e+02
2.053492793382250170e+02
2.044341287876762578e+02
2.035293764823807123e+02
2.026341707380986179e+02
2.017489418395990981e+02
2.008747610561560464e+02
2.000107767035294728e+02
1.991574190664886714e+02
1.983151184298027943e+02
1.974843050782410785e+02
1.966641273275637332e+02
1.958562974315491090e+02
1.950599637059571876e+02
1.942755564355573199e+02
1.935028649206141154e+02
1.927423194458967544e+02
1.919943502961745594e+02
1.912581057872076258e+02
1.905346571882697333e+02
1.898231528151209773e+02
1.891246639370351090e+02
1.884389798542768517e+02
1.877658898671109284e+02
1.871064652448110621e+02
1.864598543031372913e+02
1.858264873268589952e+02
1.852067946007452974e+02
1.846012064095654637e+02
1.840082300845750751e+02
1.834295778795523972e+02
1.828643981102576106e+02
1.823131004673511768e+02
1.817760122650583696e+02
1.812521582544866305e+02
1.807424861402570002e+02
1.802466616579816048e+02
1.797649915277768855e+02
1.792965005007502839e+02
1.788421362815228690e+02
1.784009236212020824e+02
1.779744512089136208e+02
1.775604618267557839e+02
1.771605441638541834e+02
1.767743639558208031e+02
1.764015869382676556e+02
1.760418788468067817e+02
1.756949054170501086e+02
1.753616143536186485e+02
1.750416713921244991e+02
1.747341012836750167e+02
1.744398517328914124e+02
1.741585884753855282e+02
1.738893362622648624e+02
1.736330427981505409e+02
1.733887328341499199e+02
1.731573540748841538e+02
1.729379312714606556e+02
1.727307711439959235e+02
1.725355394281019983e+02
1.723519018593908356e+02
1.721795241734744479e+02
1.720193540749738474e+02
1.718704163149965893e+02
1.717323766291545439e+02
1.716049007530597805e+02
1.714882954068287972e+02
1.713828673105781775e+02
1.712870002309107065e+02
1.712016418724475386e+02
1.711258169862961154e+02
1.710598322925729349e+02
1.710033535268900380e+02
1.709566874093638660e+02
1.709188586911020025e+02
1.708895331077162894e+02
1.708690173793233384e+02
1.708569772415351053e+02
1.708530784299635741e+02
1.708569866802207571e+02
1.708683677279186384e+02
1.708875282931737445e+02
1.709128850679497589e+02
1.709455503836719004e+02
1.709847465436125731e+02
1.710309778200532094e+02
1.710834665162662134e+02
1.711427169045330743e+02
1.712079512881261394e+02
1.712790329548223554e+02
1.713571071614077255e+02
1.714407552266500545e+02
1.715298404383263176e+02
1.716248670687179754e+02
1.717250574210974037e+02
1.718302747832415207e+02
1.719410234274318441e+02
1.720565256569406642e+02
1.721766447595449847e+02
1.723012440230216953e+02
1.724308277196522567e+02
1.725639771682045875e+02
1.727011966409600348e+02
1.728423494256956019e+02
1.729866578256836362e+02
1.731352670977101411e+02
1.732861175760384640e+02
1.734397135329500657e+02
1.735965592407263784e+02
1.737552360181352071e+02
1.739162481374580977e+02
1.740794588864719401e+02
1.742440905684491099e+02
1.744093654866619829e+02
1.745764288978966192e+02
1.747438621209207383e+02
1.749121694280159716e+02
1.750805731224545525e+02
1.752489364920134847e+02
1.754171228244697147e+02
1.755843544230955331e+02
1.757504945756679149e+02
1.759154065699638352e+02
1.760789536937601270e+02
1.762409992348337369e+02
1.764001245119525265e+02
1.765568337973979567e+02
1.767109903789469172e+02
1.768618165598718406e+02
1.770091756279496167e+02
1.771522898864526496e+02
1.772910226231578008e+02
1.774259254906241381e+02
1.775558167090067911e+02
1.776808438477476386e+02
1.778011544762885308e+02
1.779168961640712610e+02
1.780275754960331653e+02
1.781333400416159520e+02
1.782343373702615565e+02
1.783300740669072582e+02
1.784206977009948218e+02
1.785063558419661547e+02
1.785859140902539082e+02
1.786608019843090460e+02
1.787298851245643334e+02
1.787926700959569075e+02
1.788505864369378742e+02
1.789024997479398849e+02
1.789479166139002473e+02
1.789882665732698115e+02
1.790217742419768570e+02
1.790492281739676628e+02
1.790707759386841360e+02
1.790852831365589566e+02
1.790935383215385457e+02
1.790956890630647251e+02
1.790906009615702033e+02
1.790784215864968019e+02
1.790592985072863428e+02
1.790327383088761621e+02
1.789995295452125674e+02
1.789585378167283523e+02
1.789105516773698525e+02
1.788550777120743192e+02
1.787916225057791451e+02
1.787209746124305809e+02
1.786419996324614488e+02
1.785554861198180561e+02
1.784609406594376821e+02
1.783578698362576631e+02
1.782470622042243633e+02
1.781280243482750052e+02
1.780002628533469817e+02
1.778632843043774585e+02
1.777185182398174277e+02
1.775641892755949982e+02
1.774017269501611906e+02
1.772299968639486849e+02
1.770485056018947319e+02
1.768586827024503236e+02
1.766587527815435976e+02
1.764501625876700643e+02
1.762318637714852230e+02
1.760041071626982898e+02
1.757671435910184528e+02
1.755212238861548713e+02
1.752659578933122475e+02
1.750009554576951984e+02
1.747271083935174545e+02
1.744440265459836610e+02
1.741519607448029774e+02
1.738505208351800775e+02
1.735399576468241492e+02
1.732198810249398377e+02
1.728911827837408737e+02
1.725534727684319307e+02
1.722063608242175974e+02
1.718513797498162319e+02
1.714868574214232524e+02
1.711143266377570740e+02
1.707327562595177710e+02
1.703430381009190455e+02
1.699454229916700569e+02
1.695388797924709650e+02
1.691243003175355284e+02
1.687019353965728499e+02
1.682707538902830606e+02
1.678316476128799195e+02
1.673848673940726712e+02
1.669300230790658190e+02
1.664673654975686361e+02
1.659977864637948528e+02
1.655202548384445436e+02
1.650350214512269531e+02
1.645429781163557834e+02
1.640437346790356798e+02
1.635375419689758303e+02
1.630240098313808517e+02
1.625040300804645597e+02
1.619772125614315428e+02
1.614438081039909605e+02
1.609034265533475434e+02
1.603569597237149651e+02
1.598046584448024134e+02
1.592461325618145338e+02
1.586822738889651419e+02
1.581126922714587693e+02
1.575369975545001182e+02
1.569567225368075185e+02
1.563714770635855018e+02
1.557815119645433697e+02
1.551864149856323820e+02
1.545869674447997397e+02
1.539826465917302585e+02
1.533735706606132680e+02
1.527598578856381266e+02
1.521422674854986212e+02
1.515196357253750250e+02
1.508933628084658380e+02
1.502622849999512198e+02
1.496278025030296703e+02
1.489887515828813775e+02
1.483465324427047562e+02
1.476999813476800796e+02
1.470498575165011914e+02
1.463969201678620209e+02
1.457400055669427843e+02
1.450798729324373539e+02
1.444172814830396590e+02
1.437510674839298588e+02
1.430826311383064535e+02
1.424114496958541451e+02
1.417370004062577777e+02
1.410606834727158230e+02
1.403819761449130112e+02
1.397016376415432148e+02
1.390185042277866785e+02
1.383339761068418738e+02
1.376475305283935313e+02
1.369599267111355800e+02
1.362712828892572929e+02
1.355817172969480566e+02
1.348913481683972293e+02
1.342002937377940839e+02
1.335086722393279786e+02
1.328178838761973282e+02
1.321261239290778917e+02
1.314347926011679988e+02
1.307446491111616069e+02
1.300545297242388756e+02
1.293651936590937623e+02
1.286767591499156254e+02
1.279893444308936523e+02
1.273037087207219145e+02
1.266199702535896137e+02
1.259376062791816224e+02
1.252580170006962845e+02
1.245806796678184298e+02
1.239057125147373881e+02
1.232338747601470743e+02
1.225646436537322330e+02
1.218987435756342705e+02
1.212361185672799877e+02
1.205766778315437335e+02
1.199203305712998855e+02
1.192676269739272783e+02
1.186178352577957469e+02
1.179721465947886685e+02
1.173291882187713639e+02
1.166907922861317388e+02
1.160555860307350429e+02
1.154247606244647670e+02
1.147975842856906610e+02
1.141746072017915878e+02
1.135550975911373968e+02
1.129402466256114508e+02
1.123293225235835564e+02
1.117228754724326762e+02
1.111201736905284889e+02
1.105224083497545280e+02
1.099282066839759580e+02
1.093394008495807839e+02
1.087546180804342271e+02
1.081744085639152217e+02
1.075999634719072020e+02
1.070292690537707756e+02
1.064641574658940186e+02
1.059038969266466808e+02
1.053490376234076535e+02
1.047994887590512576e+02
1.042545185519472994e+02
1.037153181739792132e+02
1.031811558435168052e+02
1.026525817479388962e+02
1.021295050901198920e+02
1.016124760574386841e+02
1.011014038527695362e+02
1.005955566944822834e+02
1.000961257544603882e+02
9.960302023557814266e+01
9.911614934070988170e+01
9.863542227272996854e+01
9.816138921901726633e+01
9.769331839794159578e+01
9.723240098138636256e+01
9.677790518772135897e+01
9.632974021982093404e+01
9.588845626506396513e+01
9.545396252632482970e+01
9.502680919098233403e+01
9.460626447740629885e+01
9.419286362100228871e+01
9.378644106477786124e+01
9.338745728427177539e+01
9.299509078601369083e+01
9.261044303004696587e+01
9.223205153839670345e+01
9.186101777110623345e+01
9.149716121920980072e+01
9.113966038923702229e+01
9.078961674123122805e+01
9.044620878172216294e+01
9.010989698624851485e+01
8.978050084584451440e+01
8.945783985154444906e+01
8.914173349438247840e+01
8.883264224989738977e+01
8.853038560912342803e+01
8.823478306309480956e+01
8.794565410284570817e+01
8.766345920391495383e+01
8.738737687283219202e+01
8.711850856964075263e+01
8.685603280087029532e+01
8.660041004205963588e+01
8.635145978424293389e+01
8.610900151845446260e+01
8.587285473572838157e+01
8.564283892709899249e+01
8.541941456810501165e+01
8.520240114978069812e+01
8.499097717865566892e+01
8.478624411477329659e+01
8.458738046466322658e+01
8.439484670386426046e+01
8.420782133890604371e+01
8.402676484532734946e+01
8.385213769866697930e+01
8.368247742095000774e+01
8.351888547221977888e+01
8.336118134351052333e+01
8.320854354135191500e+01
8.306143254128272702e+01
8.291966783433713317e+01
8.278242792704484998e+01
8.265081427944919312e+01
8.252464638258439322e+01
8.240310274298012416e+01
8.228600285167057393e+01
8.217380718419457253e+01
8.206633523158625110e+01
8.196342004069832399e+01
8.186494888165704253e+01
8.177082258040702811e+01
8.168158294739754410e+01
8.159648982406872619e+01
8.151544403636519576e+01
8.143898739473621617e+01
8.136637974062188050e+01
8.129816288447146633e+01
8.123423765222958082e+01
8.117386388533637387e+01
8.111758339424106623e+01
8.106529700488833612e+01
8.101690554322281912e+01
8.097166885068467934e+01
8.093076972222768006e+01
8.089346799929195697e+01
8.085966450782214565e+01
8.082861908925836758e+01
8.080151453855441446e+01
8.077761069715042197e+01
8.075680839099103991e+01
8.073964943052548904e+01
8.072475267268936250e+01
8.071330091243639515e+01
8.070391300670220858e+01
8.069777175044055184e+01
8.069413698509153221e+01
8.069226855209524274e+01
8.069334924640553197e+01
8.069663890946247875e+01
8.070203836721074708e+01
8.070880746109045845e+01
8.071812898605541875e+01
8.072862179904117852e+01
8.074146869500150103e+01
8.075528853087197945e+01
8.077062311710179188e+01
8.078673229513110243e+01
8.080479885991368860e+01
8.082280068388050154e+01
8.084192056198541820e+01
8.086205932017303155e+01
8.088247679988349148e+01
8.090307382706146200e+01
8.092375122765162132e+01
8.094440982759864767e+01
8.096495045284716241e+01
8.098527392934191482e+01
8.100528108302752628e+01
8.102489716530034514e+01
8.104350414485871568e+01
8.106114940035728011e+01
8.107852129495513793e+01
8.109438523829777523e+01
8.111007057804891929e+01
8.112498370835854189e+01
8.113917200788129946e+01
8.115204187076720643e+01
8.116428166017536228e+01
8.117593875476036658e+01
8.118641954867230481e+01
8.119513043606117719e+01
8.120340076459065415e+01
8.121063692841082116e+01
8.121688630617620674e+01
8.122155529203689639e+01
8.122469126464744704e+01
8.122698258716701503e+01
8.122783565374564319e+01
8.122729784303788847e+01
8.122541653369835046e+01
8.122223910438162875e+01
8.121717194923775196e+01
8.121026244692131968e+01
8.120219896059144560e+01
8.119174689989361582e+01
8.117959462798697245e+01
8.116578952352612930e+01
8.115037896516565752e+01
8.113276934705557153e+01
8.111300804785048513e+01
8.109050146170042694e+01
8.106657893626906741e+01
8.104000588120192106e+01
8.101147065965811578e+01
8.098037966578769442e+01
8.094678027824521394e+01
8.091071987568528812e+01
8.087224583676251655e+01
8.083076455562689944e+01
8.078696439543759311e+01
8.074025175034464041e+01
8.069067399900261250e+01
8.063827852006610897e+01
8.058247170768515844e+01
8.052394192501891723e+01
8.046209556621738557e+01
8.039762099443974819e+01
8.032928361933144856e+01
8.025778396787956126e+01
8.018323023787819182e+01
8.010446082194029316e+01
8.002351903520153087e+01
7.993860228577034377e+01
7.985047191977326975e+01
7.975924829883234679e+01
7.966441080006509878e+01
7.956607978509353529e+01
7.946501660004425105e+01
7.936070062203472730e+01
7.925261122818245951e+01
7.914150976461401399e+01
7.902751659295145714e+01
7.891011109031227022e+01
7.878941361831847701e+01
7.866554453859212970e+01
7.853862421275525207e+01
7.840813201792533960e+01
7.827482930022898699e+01
7.813819543678364710e+01
7.799835078921140052e+01
7.785605670363881359e+01
7.771015157267882500e+01
7.756139674245802951e+01
7.740927159009389413e+01
7.725453746171304203e+01
7.709667373443292604e+01
7.693644175438012667e+01
7.677267991416762527e+01
7.660614955992197395e+01
7.643697105326523911e+01
7.626526475581943032e+01
7.609051004470204305e+01
7.591282728153512949e+01
7.573233682794068500e+01
7.554980003004536115e+01
7.536405528046202562e+01
7.517586392531732997e+01
7.498534632623326956e+01
7.479198186032733986e+01
7.459653187372614980e+01
7.439847574354716642e+01
7.419793383141239929e+01
7.399502649894394324e+01
7.379051509226836458e+01
7.358323800399858783e+01
7.337395658026120771e+01
7.316215019817370546e+01
7.294858020386267583e+01
7.273335944326203162e+01
7.251592971504855711e+01
7.229636628671545395e+01
7.207474442575596640e+01
7.185178038416785284e+01
7.162626746043520143e+01
7.139956289106034149e+01
7.117045997452738959e+01
7.094031594733866086e+01
7.070792410797825767e+01
7.047400070844395259e+01
7.023798003172440474e+01
7.000057832981737249e+01
6.976122988571155759e+01
6.952065095140466155e+01
6.927891679438992867e+01
6.903482071315150392e+01
6.878971994419164560e+01
6.854368975500359795e+01
6.829552344407147757e+01
6.804657824789759957e+01
6.779628844947059463e+01
6.754537030078827797e+01
6.729261710033472355e+01
6.703938608461224646e+01
6.678511153660952004e+01
6.652922773931521760e+01
6.627309192923164005e+01
6.601613838934746070e+01
6.575908337166045214e+01
6.550072017465470253e+01
6.524176505032798445e+01
6.498229326617351376e+01
6.472238008968450629e+01
6.446274177285873463e+01
6.420217161418028695e+01
6.394138586564696425e+01
6.368110077925650359e+01
6.342075063799756407e+01
6.315976972485884033e+01
6.289951527634261197e+01
6.264006255994208772e+01
6.238020487414144100e+01
6.212129945544293008e+01
6.186278058683522829e+01
6.160536452031610821e+01
6.134848553887423606e+01
6.109221891000280635e+01
6.083728088569961301e+01
6.058310574895330092e+01
6.032975129179140339e+01
6.007848737338781575e+01
5.982736145492796709e+01
5.957826690462460562e+01
5.932989216816778111e+01
5.908284864476108567e+01
5.883710674910364702e+01
5.859199591138999352e+01
5.834876851532838060e+01
5.810611300660872303e+01
5.786528176893932596e+01
5.762496324801008996e+01
5.738640982752928466e+01
5.714895093769142420e+01
5.691255699319561501e+01
5.667783939324553444e+01
5.644412756803568954e+01
5.621203291676976477e+01
5.598088486964230270e+01
5.575193581036149482e+01
5.552387418461734825e+01
5.529731139161351905e+01
5.507285883055365616e+01
5.484920494712774541e+01
5.462760212504399959e+01
5.440737979449697548e+01
5.418850837018576527e+01
5.397159925131400371e+01
5.375662285258083983e+01
5.354290860418076647e+01
5.333106790531748231e+01
5.312107117069004403e+01
5.291288881499758645e+01
5.270713223744375142e+01
5.250248988371853187e+01
5.230021413753013348e+01
5.209963442907311304e+01
5.190136215755109816e+01
5.170472675315867406e+01
5.151033961509948256e+01
5.131817115807260166e+01
5.112819179677714487e+01
5.093973096140766188e+01
5.075404103567235836e+01
5.057109243427032652e+01
5.038957360289159482e+01
5.021137790974886883e+01
5.003519380053219834e+01
4.986099168994063291e+01
4.969002396168240665e+01
4.952097330967422550e+01
4.935506335875781758e+01
4.919094804398346099e+01
4.902984523841956843e+01
4.887104986162096765e+01
4.871513880215157855e+01
4.856204796407072166e+01
4.841107226693321053e+01
4.826214761479836568e+01
4.811649188073469929e+01
4.797339998429696806e+01
4.783216684503998550e+01
4.769465132053676371e+01
4.755886636133297429e+01
4.742602984049710813e+01
4.729543667758392900e+01
4.716766376115737813e+01
4.704264699527678317e+01
4.692032228400147886e+01
4.679998454688630005e+01
4.668285165699970207e+01
4.656821853389644161e+01
4.645602108163591737e+01
4.634619520427744277e+01
4.623931779038494483e+01
4.613468375951322287e+01
4.603287000022617548e+01
4.593381241658313741e+01
4.583744691264350024e+01
4.574306840796203488e+01
4.565189477560718245e+01
4.556322093513376359e+01
4.547698279060114857e+01
4.539311624606864370e+01
4.531219819010019023e+01
4.523416452675510868e+01
4.515831017558823390e+01
4.508521202516342896e+01
4.501416499503552160e+01
4.494574597376842462e+01
4.488053184992600109e+01
4.481717655855853621e+01
4.475625698822991438e+01
4.469802953525176292e+01
4.464217370988163225e+01
4.458881771153020424e+01
4.453783334580641196e+01
4.448928471367048587e+01
4.444304362073134484e+01
4.439917416794923355e+01
