# ee
2.924328239039578406e-02
4.998501799089201392e-02
5.897727537440871498e-02
5.513784233396028245e-02
4.310721079493749081e-02
2.904386611123320472e-02
1.751721635882515921e-02
1.033798852016184176e-02
7.032351465179002142e-03
6.025364846268908316e-03
5.796876835194582182e-03
5.477641467605996566e-03
4.903294097345450159e-03
4.310665218754367901e-03
3.994119258714551486e-03
4.010005045628491950e-03
4.322556786683150014e-03
4.783951619249396381e-03
5.241213593350404175e-03
5.694292051583940348e-03
6.201140892581919785e-03
6.843555058139194278e-03
7.697597447129909086e-03
8.768935897561650275e-03
1.004596513715527023e-02
1.149955451397492202e-02
1.309052365647869927e-02
1.483247831791320061e-02
1.674506275473803055e-02
1.881230526369793987e-02
2.103560005026283361e-02
2.339344048449902916e-02
2.591192786886057503e-02
2.857271827471058803e-02
3.137620742958319164e-02
3.435867263969882845e-02
3.753530671258142187e-02
4.091373291473935497e-02
4.450168359599775830e-02
4.830589172999193159e-02
5.232869533084633790e-02
5.657120591949463262e-02
6.103288841861385233e-02
6.571105013937225681e-02
7.060168591519452863e-02
7.570451179006730535e-02
8.101492202997148673e-02
8.652774310838562410e-02
9.224631838632280090e-02
9.817492461461360675e-02
1.043181653483447741e-01
1.106781707774065066e-01
1.172576388841914535e-01
1.240604032360969056e-01
1.310853923780311570e-01
1.383323552950300461e-01
1.458029494596680131e-01
1.534994001370220962e-01
1.614182546671460161e-01
1.695552159371211121e-01
1.779026090221387246e-01
1.864524823369198558e-01
1.951963165036833536e-01
2.041272955221548613e-01
2.132350417679752530e-01
2.225153716505288426e-01
2.319633789176266114e-01
2.415758606945863363e-01
2.513501818992282533e-01
2.612850043466629080e-01
2.713767961386321925e-01
2.816204833116570661e-01
2.920064495622398115e-01
3.025245107943806966e-01
3.131630684098085649e-01
3.239139504812047488e-01
3.347681383714817827e-01
3.457171812360543273e-01
3.567526282303370988e-01
3.678655537487505178e-01
3.790462687267416864e-01
3.902834737537585474e-01
4.015664372117513370e-01
4.128838596901683311e-01
4.242264737133619179e-01
4.355840548652674671e-01
4.469472750797199301e-01
4.583068062905544804e-01
4.696499136765923121e-01
4.809667639756933233e-01
4.922460709343181584e-01
5.034766108954547015e-01
5.146488635795973821e-01
5.257510375372319578e-01
5.367724769038478838e-01
5.477019580224332662e-01
5.585276894434735295e-01
5.692390153024585731e-01
5.798269831123851192e-01
5.902803692162412741e-01
6.005822720319913266e-01
6.107328237526693515e-01
6.207094448712169310e-01
6.305065896556446559e-01
6.401130344489404100e-01
6.495232335191147843e-01
6.587202852841326228e-01
6.676986440120046273e-01
6.764414081206953089e-01
6.849431540447207256e-01
6.931989468846176949e-01
7.011926180573818668e-01
7.089136769050324860e-01
7.163629886196343222e-01
7.235300625432062871e-01
7.303987300927442528e-01
7.369698564603133217e-01
7.432329509879324059e-01
7.491832009426432348e-01
7.548101156664648315e-01
7.601088824264392585e-01
7.650746884896083566e-01
7.696970431979910376e-01
7.739768117436521822e-01
7.779035034686108130e-01
7.814779835649320328e-01
7.846897613746345312e-01
7.875397020897833000e-01
7.900173150523973620e-01
7.921237135549650255e-01
7.938610032916671999e-01
7.952201822070631421e-01
7.962149599458027138e-01
7.968306565274219100e-01
7.970753036715484408e-01
7.969455772477637145e-01
7.964495089756951085e-01
7.955837747249246972e-01
7.943507282900568178e-01
7.927640793157422205e-01
7.908148257465391628e-01
7.885109993020755770e-01
7.858606317019789511e-01
7.828603988158310267e-01
7.795240102882823319e-01
7.758594978389604657e-01
7.718692152624700986e-01
7.675611942784390518e-01
7.629434666064943693e-01
7.580240726138087748e-01
7.528110872577323809e-01
7.473182720681831315e-01
7.415593885750789704e-01
7.355368424582915399e-01
7.292700731727619345e-01
7.227614863983616855e-01
7.160361995150551495e-01
7.090966182027139686e-01
7.019621819162790155e-01
6.946466521856682341e-01
6.871637905407995683e-01
6.795387143616367087e-01
6.717738293280517414e-01
6.638885748949855392e-01
6.559023905173788638e-01
6.478347156501728099e-01
6.397049897483083614e-01
6.315326522667260578e-01
6.233314647353441762e-01
6.151265445341262961e-01
6.069373311180138453e-01
5.987832639419472525e-01
5.906837824608676124e-01
5.826696819797618776e-01
5.747547628742323278e-01
5.669700146776880390e-01
5.593351099191770093e-01
5.518697211277461268e-01
5.446048766824893583e-01
5.375659270374771870e-01
5.307782226467800957e-01
5.242614360394457496e-01
5.180465955945675605e-01
5.121647296912391623e-01
5.066355108585081091e-01
5.014848573429472323e-01
4.967460686936593928e-01
4.924456309497197148e-01
4.886123013202125498e-01
4.852731336367153148e-01
4.824574529008147650e-01
4.801934485290930144e-01
4.785110133156388890e-01
4.774400400545414369e-01
4.770104215398896508e-01
4.772531861507770534e-01
4.781982266812928040e-01
4.798754359255256174e-01
4.823147066775645975e-01
4.855467121552469179e-01
4.895967303838681950e-01
4.944902520199697116e-01
5.002521999275907350e-01
5.069080647632726588e-01
5.144822015985521801e-01
5.230006688824732075e-01
5.324883894790749528e-01
5.429697184598939463e-01
5.544707142739740968e-01
5.670168675778569645e-01
5.806319656505769533e-01
5.953420669411776389e-01
6.111726621062008036e-01
6.281435638771645236e-01
6.462865086281357474e-01
6.656213090906329954e-01
6.861677779961744550e-01
7.079570839263247262e-01
7.310090396126021073e-01
7.553434577865250077e-01
7.809915070296580275e-01
8.079673221484966472e-01
8.362963937995816499e-01
8.659928567894094043e-01
8.970878796995437332e-01
9.296012752615029351e-01
9.635471782817827124e-01
9.989510794169246255e-01
1.035832791398446862e+00
1.074200771107821639e+00
1.114080509201590630e+00
1.155491818411272131e+00
1.198448833543361847e+00
1.242971367329377630e+00
1.289079232500838001e+00
1.336775208014192806e+00
1.386079106600959676e+00
1.436999385142611940e+00
1.489561534295690270e+00
1.543774010941667330e+00
1.599645271962014892e+00
1.657189452163229326e+00
1.716415008426782185e+00
1.777336075559169615e+00
1.839949754591817088e+00
1.904275858256243792e+00
1.970322843433920834e+00
2.038087811156275908e+00
2.107590574154826868e+00
2.178815910261553412e+00
2.251773117535947666e+00
2.326453492913032051e+00
2.402859689177875069e+00
2.480977325340476103e+00
2.560809054185904543e+00
2.642346172649181479e+00
2.725574299740307627e+00
2.810496088244350155e+00
2.897097157171310666e+00
2.985368803456209363e+00
3.075302324034070001e+00
3.166889015839915000e+00
3.260114497883743301e+00
3.354958711250532133e+00
3.451407274950279991e+00
3.549440130067963661e+00
3.649042895613582971e+00
3.750201190597137746e+00
3.852889278178580401e+00
3.957092777367910319e+00
4.062791629250105174e+00
4.169948741135070414e+00
4.278555409957830236e+00
4.388580220953315347e+00
4.500003115206498983e+00
4.612798355877338885e+00
4.726940206125785693e+00
4.842391573261747517e+00
4.959121042520155065e+00
5.077108554985984235e+00
5.196311340044118765e+00
5.316703660854513736e+00
5.438254102652098076e+00
5.560925572746779899e+00
5.684686656373489910e+00
5.809488904992088365e+00
5.935306581762530342e+00
6.062096916069696917e+00
6.189822815223497976e+00
6.318458542383886822e+00
6.447893191835471605e+00
6.578174839763503812e+00
6.709238003852776799e+00
6.840960422537852637e+00
6.973390172003981924e+00
7.106404990685730283e+00
7.239996175518116139e+00
7.374098244185936402e+00
7.508645714373978208e+00
7.643687805977016581e+00
7.779051196726975981e+00
7.914790825066222446e+00
8.050848070936659440e+00
8.187164314280192201e+00
8.323737714288958145e+00
8.460452871654631224e+00
8.597307945569344412e+00
8.734244315975004724e+00
8.871146583563286114e+00
9.008069686776554619e+00
9.144898226306484190e+00
9.281630361345209579e+00
9.418150692584406514e+00
9.554400599965982011e+00
9.690435021932298554e+00
9.826081779924798809e+00
9.961339033135621079e+00
1.009614816150666883e+01
1.023050732423008036e+01
1.036430112199752607e+01
1.049747093475091475e+01
1.062995814243214987e+01
1.076170412498313134e+01
1.089270704159600456e+01
1.102290827221266589e+01
1.115219241752479284e+01
1.128050085747429243e+01
1.140783175125329585e+01
1.153406969955347883e+01
1.165921286156698322e+01
1.178320261723570361e+01
1.190592356725131928e+01
1.202737387080596854e+01
1.214743812859132177e+01
1.226611449979951551e+01
1.238334436437245500e+01
1.249906910225204371e+01
1.261323009338018863e+01
1.272582549694902454e+01
1.283668313439999409e+01
1.294580116492523736e+01
1.305312096846664893e+01
1.315852714571591520e+01
1.326201785586516912e+01
1.336347769960607756e+01
1.346290483613078237e+01
1.356012708688072799e+01
1.365525616954850641e+01
1.374817668482579691e+01
1.383888950064999435e+01
1.392734954068934172e+01
1.401351443735732971e+01
1.409739860231768738e+01
1.417890288873368831e+01
1.425804170826906514e+01
1.433477269333730497e+01
1.440905347635192157e+01
1.448078491047617078e+01
1.454998140737378876e+01
1.461660059945827506e+01
1.468060011914312923e+01
1.474193759884184551e+01
1.480062745021816184e+01
1.485662730568556711e+01
1.490989479765756620e+01
1.496044433779788818e+01
1.500817677926980487e+01
1.505322009223750079e+01
1.509536157136378520e+01
1.513478596606308102e+01
1.517128057099819571e+01
1.520497335633331915e+01
1.523582195448195087e+01
1.526378399785759044e+01
1.528881711887373562e+01
1.531093572919411017e+01
1.533009746123222961e+01
1.534625994740157573e+01
1.535943759936588648e+01
1.536964482878889093e+01
1.537672570958362606e+01
1.538086499116451833e+01
1.538196352669482359e+01
1.538003572783828155e+01
1.537515278550885078e+01
1.536727233212002908e+01
1.535646555858577322e+01
1.534269009731958988e+01
1.532596035998520279e+01
1.530629075824633922e+01
1.528363892451650230e+01
1.525807604970965237e+01
1.522955976623928898e+01
1.519804770651890813e+01
1.516366784071270146e+01
1.512632102198393902e+01
1.508607844124657582e+01
1.504289773091411497e+01
1.499690686115074634e+01
1.494800716453649336e+01
1.489627222906906034e+01
1.484177612216291209e+01
1.478447935273204550e+01
1.472439920894070120e+01
1.466166653745356641e+01
1.459624184718464157e+01
1.452808564704793071e+01
1.445738556295835053e+01
1.438410210382991039e+01
1.430825255782683669e+01
1.422991099236359069e+01
1.414909469560440769e+01
1.406587773496374538e+01
1.398033417785607035e+01
1.389242453319538129e+01
1.380227964764637072e+01
1.370991680937327040e+01
1.361535330654030851e+01
1.351860642731172391e+01
1.341980701835220557e+01
1.331891558857575042e+01
1.321594942614659551e+01
1.311103937772943162e+01
1.300420273148848871e+01
1.289551355483822626e+01
1.278510269444334213e+01
1.267304421771829936e+01
1.255935541282732437e+01
1.244411034718487841e+01
1.232749664670588885e+01
1.220947482030435438e+01
1.209011893539473448e+01
1.196955983864172524e+01
1.184775803895932711e+01
1.172484438301223264e+01
1.160083615896467002e+01
1.147586421348133534e+01
1.134994583472645857e+01
1.122315509011450096e+01
1.109562282631015506e+01
1.096736633147765438e+01
1.083851645228169147e+01
1.070914725613672402e+01
1.057927603120698379e+01
1.044909040340739637e+01
1.031860766090219350e+01
1.018795865035606596e+01
1.005721743918347322e+01
9.926401315548654125e+00
9.795694352734845012e+00
9.665096075747886317e+00
9.534716015462402439e+00
9.404606923502779381e+00
9.274821551493406702e+00
9.145412651058681064e+00
9.016432973822986696e+00
8.887992050660944443e+00
8.760142633196949191e+00
8.632937473055388722e+00
8.506429321860650816e+00
8.380784489737589382e+00
8.256055728310593977e+00
8.132295789204055936e+00
8.009614203292592549e+00
7.888063722200597816e+00
7.767753876802690804e+00
7.648737418723260184e+00
7.531067099586698177e+00
7.414795671017397005e+00
7.300032663889973072e+00
7.186887609079050776e+00
7.075356478958788387e+00
6.965492025153573685e+00
6.857460557788261468e+00
6.751314828487240405e+00
6.647050809624671430e+00
6.544834811325404900e+00
6.444719585213829482e+00
6.346814662164569576e+00
6.251059235301549499e+00
6.157676393999857112e+00
6.066662110633646243e+00
5.978125916077540403e+00
5.892120561955930924e+00
5.808698799893205589e+00
5.727913381513755731e+00
5.649930616942431705e+00
5.574689699303164048e+00
5.502356938720804891e+00
5.432985086819742904e+00
5.366570115974138133e+00
5.303221557058611424e+00
5.243048940947783620e+00
5.186105019266043392e+00
5.132385764387552562e+00
5.082000707186932864e+00
5.035002599288572966e+00
4.991444192316861539e+00
4.951435017146422091e+00
4.914966857292991875e+00
4.882128299339091981e+00
4.852890182508358130e+00
4.827393683775120792e+00
4.805552863112786177e+00
4.787452118245452581e+00
4.773130423497035757e+00
4.762615397341400936e+00
4.755923302402371711e+00
4.753076079228794271e+00
4.754089990444487768e+00
4.758981298673276683e+00
4.767777622389028025e+00
4.780495224215564498e+00
4.797144688851684435e+00
4.817747956846232249e+00
4.842309934972984564e+00
4.870852563780786681e+00
4.903380750043415226e+00
4.939905078459666754e+00
4.980441811653365747e+00
5.024995856398286165e+00
5.073572119468206409e+00
5.126164151786853473e+00
5.182771182202982274e+00
5.243386761640322469e+00
5.308010118947626310e+00
5.376640482973646940e+00
5.449265726717091418e+00
5.525873723176665919e+00
5.606463701201124472e+00
5.691012177939128058e+00
5.779507026389381963e+00
5.871936119550594135e+00
5.968293008346495121e+00
6.068554209925743237e+00
6.172696241437003017e+00
6.280701297953953599e+00
6.392534540775214325e+00
6.508172487049443511e+00
6.627597331850326512e+00
6.750774236476473789e+00
6.877674040151529944e+00
7.008267582099128035e+00
7.142502989842815175e+00
7.280356780531252348e+00
7.421777081687983113e+00
7.566677953286418123e+00
7.715143793050653898e+00
7.866975102453637625e+00
8.022257096700789347e+00
8.180851143921891833e+00
8.342732988228512170e+00
8.507878373732220112e+00
8.676206265294345243e+00
8.847692407026457317e+00
9.022255763789891247e+00
9.199872079696213234e+00
9.380460319606758191e+00
9.563996227633095870e+00
9.750341989386326347e+00
9.939530128228248884e+00
1.013142282976996889e+01
1.032599583812305433e+01
1.052316811814883657e+01
1.072291541395888714e+01
1.092504313191407839e+01
1.112958379537620246e+01
1.133645636920660316e+01
1.154552303901638233e+01
1.175675954891710440e+01
1.197002808451987654e+01
1.218530438993626674e+01
1.240250743002760814e+01
1.262149939040500435e+01
1.284225601518002868e+01
1.306463948996377944e+01
1.328856877961759686e+01
1.351401962825304537e+01
1.374079744223099908e+01
1.396887796566302775e+01
1.419812338416023323e+01
1.442845266258395398e+01
1.465984154504575443e+01
1.489203865865627741e+01
1.512507652677732572e+01
1.535881733501999769e+01
1.559312326899540402e+01
1.582791329356487964e+01
1.606310637358975768e+01
1.629856469468114710e+01
1.653420722170037749e+01
1.676989614025856667e+01
1.700555041521703714e+01
1.724103223218689962e+01
1.747626055602949435e+01
1.771109757235592497e+01
1.794540546677729154e+01
1.817915998340516381e+01
1.841216652860041236e+01
1.864435022426899380e+01
1.887560404124506164e+01
1.910588388665760462e+01
1.933508888838540329e+01
1.956311817430722044e+01
1.978992765155205547e+01
2.001547322724890066e+01
2.023959725002629995e+01
2.046225562701324918e+01
2.068334748608851825e+01
2.090271517588063688e+01
2.112037138276884818e+01
2.133621523463190073e+01
2.155014585934857863e+01
2.176206238479764465e+01
2.197192071810809111e+01
2.217967676640892805e+01
2.238528643682913710e+01
2.258853529874703980e+01
2.278949281779209457e+01
2.298805812184305708e+01
2.318401678027824175e+01
2.337743825872711412e+01
2.356816490581820389e+01
2.375615262868050337e+01
2.394124377594256714e+01
2.412339425473336973e+01
2.430250319293170591e+01
2.447852649766655375e+01
2.465142007606692331e+01
2.482096949751111126e+01
2.498724422762858310e+01
2.515008661504786858e+01
2.530939578764774822e+01
2.546518443180744029e+01
2.561729489615549227e+01
2.576573986707111885e+01
2.591036169318286753e+01
2.605117306086996010e+01
2.618801631876094405e+01
2.632090415323504118e+01
2.644967891292077766e+01
2.657435328419740728e+01
2.669482639494368215e+01
2.681094059378813554e+01
2.692270856711000704e+01
2.703002944278805941e+01
2.713280234870105900e+01
2.723103997122823472e+01
2.732464143824836000e+01
2.741362441858221288e+01
2.749796973156660584e+01
2.757766317897990405e+01
2.765269056260046199e+01
2.772298090495642597e+01
2.778863356632661308e+01
2.784957756923915539e+01
2.790579871547242519e+01
2.795722602755455810e+01
2.800390208651412749e+01
2.804575591487929032e+01
2.808277331442840463e+01
2.811499686619006155e+01
2.814235559269240028e+01
2.816489207496401193e+01
2.818259211478325099e+01
2.819549829317872991e+01
2.820353963267857011e+01
2.820670193506114032e+01
2.820508456060527536e+01
2.819867331108931552e+01
2.818739720904141421e+01
2.817135561474039207e+01
2.815053432996461424e+01
2.812491915649243879e+01
2.809455267535246747e+01
2.805947746757328787e+01
2.801962255568303917e+01
2.797503052071031604e+01
2.792574394368370605e+01
2.787169184713134484e+01
2.781297359133207081e+01
2.774951819881400539e+01
2.768142502985597631e+01
2.760879344473680774e+01
2.753160924523486131e+01
2.745002857087920489e+01
2.736398044419795283e+01
2.727362100472016593e+01
2.717904961272467901e+01
2.708019529073962062e+01
2.697715739904381849e+01
2.686997851866585307e+01
2.675875800988456987e+01
2.664348167447831628e+01
2.652413531422546455e+01
2.640093184790530501e+01
2.627380029804595551e+01
2.614284002492626158e+01
2.600815038882502606e+01
2.586977152945132730e+01
2.572773382123606467e+01
2.558217875579109091e+01
2.543307748697754533e+01
2.528057150640728068e+01
2.512468874719166223e+01
2.496557070094254271e+01
2.480313174227082840e+01
2.463762692128883103e+01
2.446902739185769349e+01
2.429741786633903189e+01
2.412288305709444103e+01
2.394545089723532172e+01
2.376526287837350182e+01
2.358234693362036083e+01
2.339673099608728180e+01
2.320849977813587017e+01
2.301773799212774563e+01
2.282458712967473247e+01
2.262907512388822440e+01
2.243140024563028945e+01
2.223159042801230001e+01
2.202984394189633477e+01
2.182624549964399918e+01
2.162087981361689870e+01
2.141383159617664944e+01
2.120524233893509702e+01
2.099513997500360318e+01
2.078372277524426082e+01
2.057096189351819859e+01
2.035705560068749875e+01
2.014203182986354079e+01
1.992608885190838919e+01
1.970919782068319748e+01
1.949161378630026675e+01
1.927342146112120247e+01
1.905464877825739478e+01
1.883549400857090106e+01
1.861604186442333742e+01
1.839643383742653882e+01
1.817681141919235444e+01
1.795725932208239328e+01
1.773791903770849032e+01
1.751893205768248052e+01
1.730043987361621305e+01
1.708252719787130047e+01
1.686533552205957420e+01
1.664894955854264680e+01
1.643351079893236033e+01
1.621916073484054976e+01
1.600597592790919421e+01
1.579405711615191699e+01
1.558344010761248200e+01
1.537421748958488621e+01
1.516653862861334368e+01
1.496043933274162363e+01
1.475606896851394190e+01
1.455340656472383110e+01
1.435265826716574722e+01
1.415385988388345062e+01
1.395710400217092939e+01
1.376242643007194744e+01
1.356991975488049995e+01
1.337961978464034374e+01
1.319167588589570528e+01
1.300612386669033782e+01
1.282294275581778464e+01
1.264233869907249286e+01
1.246440428374844878e+01
1.228917531788941986e+01
1.211674438878939775e+01
1.194726086299260359e+01
1.178076054854279775e+01
1.161733603273397364e+01
1.145707990286012290e+01
1.130008474621523717e+01
1.114638637084308037e+01
1.099607736403764058e+01
1.084919353384267993e+01
1.070588424680242312e+01
1.056612853171040278e+01
1.043001897586060167e+01
1.029764816654702031e+01
1.016905191181341905e+01
1.004426601970355648e+01
9.923383077511426009e+00
9.806438893280789770e+00
9.693526054305641182e+00
9.584737147879970109e+00
9.480107982047536908e+00
9.379787923352566281e+00
9.283869559089048096e+00
9.192445476550975769e+00
9.105551483782107880e+00
9.023336947326670909e+00
8.945780895978193925e+00
8.872919137780437282e+00
8.804787480777163111e+00
8.741421733012137096e+00
8.682857702529116040e+00
8.629069177051173156e+00
8.580008980019552922e+00
8.535851810805954898e+00
8.496488472530931091e+00
8.462093664566188167e+00
8.432614969282505868e+00
8.408113527551126509e+00
8.388650480243295959e+00
8.374230188980027023e+00
8.364857015382327177e+00
8.360535321071214554e+00
8.361155909167237610e+00
8.366779920541643989e+00
8.377354937565208104e+00
8.392828542608718578e+00
8.413261876543415951e+00
8.438602521740083517e+00
8.468854839819735858e+00
8.503966413153150938e+00
8.544055161861805914e+00
8.589011889066247463e+00
8.638897735637725006e+00
8.693660283947018286e+00
8.753303895615138330e+00
8.817776153012868434e+00
8.887081417761223179e+00
8.961110492980749243e+00
9.039867740292466536e+00
9.123300742067153024e+00
9.211413859925819736e+00
9.304097896989024008e+00
9.401357214877776869e+00
9.503196175213087571e+00
9.609562360365739409e+00
9.720403352706517452e+00
9.835723513856430955e+00
9.955470426186266764e+00
1.007959167206680284e+01
1.020797805461859475e+01
1.034057715621242046e+01
1.047727977996883730e+01
1.061803350825862147e+01
1.076272914420233207e+01
1.091125749092051578e+01
1.106362291003418719e+01
1.121977298391412781e+01
1.137971207418135400e+01
1.154333098395641066e+01
1.171063407486031949e+01
1.188156892926385488e+01
1.205614370382073908e+01
1.223415461831460505e+01
1.241557202531247839e+01
1.260025271888092391e+01
1.278811027233673947e+01
1.297905825899672294e+01
1.317289669367722027e+01
1.336965270819547413e+01
1.356918309661805822e+01
1.377151499076223651e+01
1.397656196394479799e+01
1.418423758948254587e+01
1.439462577844296298e+01
1.460758332489261768e+01
1.482308058139854090e+01
1.504103112127753228e+01
1.526134851784638258e+01
1.548388956517166370e+01
1.570856783657016820e+01
1.593535368460892698e+01
1.616404712410427535e+01
1.639456172837301651e+01
1.662675429148170991e+01
1.686059516599739538e+01
1.709594114598662173e+01
1.733264902551596620e+01
1.757057559865200247e+01
1.780963443871151242e+01
1.804973911901130634e+01
1.829074643361795083e+01
1.853256995584823841e+01
1.877518003826919468e+01
1.901837669569716027e+01
1.926218705994939384e+01
1.950646792509245842e+01
1.975107608519292768e+01
1.999598189281782723e+01
2.024104214203372010e+01
2.048605684765695401e+01
2.073099636225453324e+01
2.097571747989305280e+01
2.122007699463906860e+01
2.146398847980937319e+01
2.170719517097007412e+01
2.194972419993843360e+01
2.219131880228055920e+01
2.243189255131324700e+01
2.267130224110306358e+01
2.290934788646633891e+01
2.314599983997011279e+01
2.338101068266778526e+01
2.361439749456284432e+01
2.384607314264563627e+01
2.407595049390649677e+01
2.430394241533575439e+01
2.453007533242420735e+01
2.475414855366173228e+01
2.497613172528888725e+01
2.519605127279648116e+01
2.541376328392459882e+01
2.562918062566360078e+01
2.584227294425402732e+01
2.605300988593646494e+01
2.626124753845100201e+01
2.646695554803821082e+01
2.667010356093865653e+01
2.687049088564220867e+01
2.706814394763967258e+01
2.726291883467114729e+01
2.745478519297719089e+01
2.764359911029791306e+01
2.782933023287389673e+01
2.801194820694567866e+01
2.819136589950360872e+01
2.836743939828779304e+01
2.854019512878901921e+01
2.870948917874740047e+01
2.887534797365373151e+01
2.903762760124810072e+01
2.919624092852086150e+01
2.935115760171258259e+01
2.950229048781357832e+01
2.964960923306442453e+01
2.979291314595500850e+01
2.993222865197610716e+01
3.006741183886783375e+01
3.019848913212097585e+01
3.032537339872588333e+01
3.044797750567287764e+01
3.056615754070206492e+01
3.067999670855448358e+01
3.078935109697021844e+01
3.089413357293961937e+01
3.099437056195347751e+01
3.108997493100212495e+01
3.118091632632613752e+01
3.126705083566560361e+01
3.134846166376156518e+01
3.142506167760434366e+01
3.149676374418427827e+01
3.156348594542431840e+01
3.162528078147829902e+01
3.168209240893222400e+01
3.173392176362230188e+01
3.178071300213451877e+01
3.182246706030511518e+01
3.185918487397029608e+01
3.189092415821652793e+01
3.191762906962978263e+01
3.193941410254675262e+01
3.195616663430320159e+01
3.196800115923580421e+01
3.197491861318079032e+01
3.197686315272414248e+01
3.197394927220254957e+01
3.196606434895176818e+01
3.195326609805825058e+01
3.193555545535821594e+01
3.191293335668789410e+01
3.188534395863326054e+01
3.185295853478124073e+01
3.181566446246759128e+01
3.177351945677877154e+01
3.172663801205144907e+01
3.167490750562138757e+01
3.161849921107550543e+01
3.155730050574956636e+01
3.149148266323047807e+01
3.142104661935445264e+01
3.134593653070748687e+01
3.126638045012673572e+01
3.118226575494794517e+01
3.109376371875803358e+01
3.100081849814298707e+01
3.090348780818926144e+01
3.080182936398331250e+01
3.069590088061158184e+01
3.058564651466006978e+01
3.047123753971568050e+01
3.035256133311417415e+01
3.022973238919224670e+01
3.010286520228656570e+01
2.997190392898312439e+01
2.983701984286883757e+01
2.969827065903016106e+01
2.955571409255353643e+01
2.940935107927518999e+01
2.925929611353181059e+01
2.910566368966006223e+01
2.894845474349619252e+01
2.878772242614822829e+01
2.862350163281064397e+01
2.845582269469950987e+01
2.828471594303087855e+01
2.811021170902081678e+01
2.793245388238585747e+01
2.775158635284251929e+01
2.756775301010732449e+01
2.738109774389680240e+01
2.719182122317770833e+01
2.699995377916609840e+01
2.680569608082873856e+01
2.660902168013145186e+01
2.640996090829031218e+01
2.620843053802092015e+01
2.600451767978956852e+01
2.579808232706163551e+01
2.558915481105317369e+01
2.537782224223048644e+01
2.516405817255941102e+01
2.494817682950716176e+01
2.473020854428979121e+01
2.451035398587406888e+01
2.428875704397650992e+01
2.406561838756387317e+01
2.384102512710245136e+01
2.361506437305854078e+01
2.338782323589843415e+01
2.315938882608843841e+01
2.292979147484459190e+01
2.269917507188344530e+01
2.246756994842104049e+01
2.223506321492368798e+01
2.200174198185768049e+01
2.176780691818976265e+01
2.153334513438624143e+01
2.129850052016363193e+01
2.106341696523847418e+01
2.082823835932726553e+01
2.059299503364609762e+01
2.035788765716171156e+01
2.012283300258971508e+01
1.988797495964662687e+01
1.965334385954852081e+01
1.941891325426122350e+01
1.918488381275149735e+01
1.895117230773493588e+01
1.871797940817829797e+01
1.848556256229857553e+01
1.825406565981228368e+01
1.802367974873475021e+01
1.779444383477511593e+01
1.756661441969199799e+01
1.734027766749334276e+01
1.711546296293684932e+01
1.689219969078022032e+01
1.667057401503139857e+01
1.645061532044809027e+01
1.623235299178799096e+01
1.601587319305904344e+01
1.580120530901895926e+01
1.558843550367566699e+01
1.537753638253663624e+01
1.516865088886003932e+01
1.496180840740359130e+01
1.475703832292497886e+01
1.455442679943214657e+01
1.435406000093303192e+01
1.415596731218534288e+01
1.396023489719700983e+01
1.376689214072573719e+01
1.357608198602969551e+01
1.338783381786658744e+01
1.320223380024435045e+01
1.301936809717092025e+01
1.283926609340399949e+01
1.266195717370129437e+01
1.248758428132097720e+01
1.231617680102074530e+01
1.214776411755831020e+01
1.198248917419183179e+01
1.182032457642879031e+01
1.166135648827712323e+01
1.150567107374475739e+01
1.135329771758940787e+01
1.120426580456877552e+01
1.105860471944056478e+01
1.091645740546294441e+01
1.077785324739361883e+01
1.064276485074006473e+01
1.051133515876044555e+01
1.038359355621246927e+01
1.025962620710406803e+01
1.013946249619295159e+01
1.002318858748705388e+01
9.910833865744079318e+00
9.802484494971965390e+00
9.698113080678187004e+00
9.597862566120909378e+00
9.501705556807609199e+00
9.409609698113360565e+00
9.321693132634345957e+00
9.237955484333879141e+00
9.158396377175280989e+00
9.082958655871639309e+00
9.011698723636502706e+00
8.944616204433190276e+00
8.881710722225021115e+00
8.823038680225543828e+00
8.768542923147848001e+00
8.718279854205480461e+00
8.672135538861299509e+00
8.630223159579088588e+00
8.592542340322159689e+00
8.558979146553376438e+00
8.529646760736511624e+00
8.504431248334430649e+00
8.483389012560680342e+00
8.466519677378576247e+00
8.453709308250978438e+00
8.445071087641668584e+00
8.440491081013501429e+00
8.439968912329797845e+00
8.443560984804104663e+00
8.451153363899280180e+00
8.462745673578645267e+00
8.478337537805519020e+00
8.497928580543213428e+00
8.521461646504826959e+00
8.548879580403440315e+00
8.580182006202376144e+00
8.615368547864951765e+00
8.654382050104254986e+00
8.697165357633375393e+00
8.743661315165399017e+00
8.793869546663648507e+00
8.847732896841208117e+00
8.905194210411170985e+00
8.966196332086621368e+00
9.030738885830878360e+00
9.098707937106803811e+00
9.170103109877711489e+00
9.244867248856694530e+00
9.322943198756835415e+00
9.404273804291227279e+00
9.488801910172956156e+00
9.576470361115113406e+00
9.667222001830785061e+00
9.760942897782827643e+00
9.857575893684334289e+00
9.957125161552914605e+00
1.005949950712289898e+01
1.016466906343314314e+01
1.027260396352250460e+01
1.038316078192937120e+01
1.049642321019306124e+01
1.061224782285196966e+01
1.073066153219518526e+01
1.085152091276109410e+01
1.097485287683878852e+01
1.110057077821688942e+01
1.122858797068402126e+01
1.135887458727904153e+01
1.149140076104080066e+01
1.162602306650769890e+01
1.176276841596881617e+01
1.190149338396254741e+01
1.204216810352775191e+01
1.218476270770328007e+01
1.232907699177729732e+01
1.247519464728911842e+01
1.262297224877713830e+01
1.277232315002998142e+01
1.292321748408650350e+01
1.307556860473532545e+01
1.322923308651484575e+01
1.338418106246392014e+01
1.354038266562139370e+01
1.369769447052567735e+01
1.385602983096537955e+01
1.401530210072913540e+01
1.417548141285579355e+01
1.433642434188375425e+01
1.449810102085186614e+01
1.466031124504829819e+01
1.482308192676213210e+01
1.498626964053175925e+01
1.514978774014581120e+01
1.531354957939291239e+01
1.547746851206168373e+01
1.564140111269052014e+01
1.580531751431827381e+01
1.596913107073357452e+01
1.613264157722458236e+01
1.629581916683015663e+01
1.645857719333891467e+01
1.662082901053949158e+01
1.678237441372003858e+01
1.694324031516965334e+01
1.710322651017648710e+01
1.726231230066595401e+01
1.742040010560918262e+01
1.757740151286385810e+01
1.773339844803834708e+01
1.788818894048987218e+01
1.804185491582680712e+01
1.819419440340637806e+01
1.834534610808718114e+01
1.849510805922643542e+01
1.864350540318228866e+01
1.879044972781242251e+01
1.893590940022474101e+01
1.907985278752716596e+01
1.922224825682760496e+01
1.936295061673351015e+01
1.950198501360302927e+01
1.963926303529382977e+01
1.977475304891383345e+01
1.990836664232072195e+01
2.004007218262240642e+01
2.016978125767656493e+01
2.029751901384134882e+01
2.042314025972419245e+01
2.054667014168325778e+01
2.066802024757621226e+01
2.078715894451097412e+01
2.090399782034522502e+01
2.101856202143710206e+01
2.113076313564429753e+01
2.124056953007470838e+01
2.134789279258603045e+01
2.145275806953639730e+01
2.155496339028303510e+01
2.165459068043431401e+01
2.175155152784790502e+01
2.184581429963174415e+01
2.193723380439326220e+01
2.202589196774084357e+01
2.211164359828192616e+01
2.219445706312443534e+01
2.227435750862650821e+01
2.235125652264582641e+01
2.242506569304007158e+01
2.249581016616738793e+01
2.256334475063522405e+01
2.262775137205195009e+01
2.268888483902502173e+01
2.274677029791257965e+01
2.280126255732207952e+01
2.285238676361165133e+01
2.290017263837167505e+01
2.294449786637069977e+01
2.298541504536019886e+01
2.302297677309164214e+01
2.305712208881603686e+01
2.308784681103463754e+01
2.311514675824867737e+01
2.313913130745986280e+01
2.315962593941872782e+01
2.317679681037721906e+01
2.319052618033611779e+01
2.320080986779666077e+01
2.320770047051032137e+01
2.321125058622857296e+01
2.321134247495218261e+01
2.320802873443264502e+01
2.320136196242141580e+01
2.319133797741973169e+01
2.317795259792885076e+01
2.316125842170023219e+01
2.314119448798488676e+01
2.311781339453429496e+01
2.309111095984968998e+01
2.306113978168254519e+01
2.302795245778433042e+01
2.299148802740606001e+01
2.295185586754944396e+01
2.290899501746546818e+01
2.286290129565539786e+01
2.281374085837115828e+01
2.276133918636329412e+01
2.270586243588374487e+01
2.264730642543374017e+01
2.258561019426430150e+01
2.252088311937713172e+01
2.245312101927346404e+01
2.238243327095500845e+01
2.230875891367277575e+01
2.223220732442845460e+01
2.215283110097352903e+01
2.207062606180923581e+01
2.198570158393728136e+01
2.189811026510912484e+01
2.180779114457579482e+01
2.171485359933897996e+01
2.161935022715016075e+01
2.152127684651057038e+01
2.142074283442191174e+01
2.131768723013519917e+01
2.121227618990236152e+01
2.110444463749286825e+01
2.099439493100115683e+01
2.088204141678898651e+01
2.076741199971854712e+01
2.065064814315250885e+01
2.053172097270285690e+01
2.041065839323178466e+01
2.028754508885173991e+01
2.016235218517469718e+01
2.003516436631309006e+01
1.990600953712912258e+01
1.977491560248500946e+01
1.964191046724295120e+01
1.950707881551538492e+01
1.937050533141475128e+01
1.923216114055301773e+01
1.909224448554309106e+01
1.895066971274671630e+01
1.880763506477678249e+01
1.866311166724527482e+01
1.851718420426462686e+01
1.836993735994727217e+01
1.822139903915542902e+01
1.807165392600151321e+01
1.792067314609752060e+01
1.776859816280611071e+01
1.761545688098948403e+01
1.746127720550986240e+01
1.730620059972989466e+01
1.715025496851180264e+01
1.699352499596801636e+01
1.683603858696073985e+01
1.667788042560241379e+01
1.651919197525570127e+01
1.635994436153258746e+01
1.620027904779572836e+01
1.604022393890733866e+01
1.587992049823007967e+01
1.571933985137593126e+01
1.555868024095779134e+01
1.539785601333739784e+01
1.523712219037789417e+01
1.507639311844101115e+01
1.491586704013964848e+01
1.475551508108578425e+01
1.459547870464209751e+01
1.443578581567077634e+01
1.427652109828426497e+01
1.411782601584523178e+01
1.395978525246611390e+01
1.380241851044542400e+01
1.364582624032738067e+01
1.348998713159204854e+01
1.333510699072041206e+01
1.318105094869207861e+01
1.302796803273779958e+01
1.287589371158787088e+01
1.272474989547213298e+01
1.257468561162133369e+01
1.242573632876577605e+01
1.227788073638551580e+01
1.213115430321085597e+01
1.198564927722231666e+01
1.184134434789996604e+01
1.169833176322433310e+01
1.155664699192570311e+01
1.141632550273438085e+01
1.127734598513042386e+01
1.113985746634458884e+01
1.100389541510717883e+01
1.086938174164802184e+01
1.073652225244810232e+01
1.060523885773725716e+01
1.047562380549601713e+01
1.034771256445466925e+01
1.022159738259374073e+01
1.009720017014307025e+01
9.974669954333407418e+00
9.853985424644823965e+00
9.735238829057839993e+00
9.618352077802294176e+00
9.503474198108939675e+00
9.390583879457837568e+00
9.279716590579292657e+00
9.170964579453825039e+00
9.064363314811725303e+00
8.959948265383298249e+00
8.857754899898830914e+00
8.757818687088620990e+00
8.660231874933195684e+00
8.564973152912621401e+00
8.472134769007418242e+00
8.381695412697652614e+00
8.293690552713623987e+00
8.208212437035850684e+00
8.125182975894176707e+00
8.044751196519348113e+00
7.966895788391436639e+00
7.891652220240731097e+00
7.819055960797536287e+00
7.749138338202046228e+00
7.681914118234101529e+00
7.617337146833215833e+00
7.555474828439363577e+00
7.496337788242288802e+00
7.439936651431738213e+00
7.386168484696993275e+00
7.335157471728260603e+00
7.286800679214820775e+00
7.241165511596651783e+00
7.198205814813269932e+00
7.157988993304646996e+00
7.120468893010295730e+00
7.085656139119963726e+00
7.053504577573162848e+00
7.024081612809864872e+00
6.997341090769595873e+00
6.973293636642089233e+00
6.951949875617090768e+00
6.933263653634119450e+00
6.917245595882914877e+00
6.903906327553223754e+00
6.893142915334331988e+00
6.885079542916439088e+00
6.879613276988833626e+00
6.876754742741260529e+00
6.876457786113232551e+00
6.878733032294490179e+00
6.883534327224555049e+00
6.890872296093166760e+00
6.900757564090072016e+00
6.913143977154783570e+00
6.927985381226814177e+00
6.945235622245682805e+00
6.964962104651360342e+00
6.987061895133131806e+00
7.011488839630510839e+00
7.038310342583475432e+00
7.067480249931533898e+00
7.098895628363975696e+00
7.132567103070541314e+00
7.168448519990747947e+00
7.206493725064106570e+00
7.246713343480366554e+00
7.289061221179037098e+00
7.333491204099634508e+00
7.379957138181675091e+00
7.428412869364669824e+00
7.478869022838364522e+00
7.531222665292042429e+00
7.585487846758089958e+00
7.641578758138985350e+00
7.699526573680314456e+00
7.759305688377425625e+00
7.820833717975439470e+00
7.884141836719945395e+00
7.949204439606285533e+00
8.015882363129358978e+00
8.084263560784972213e+00
8.154322427568480691e+00
8.225919799974773738e+00
8.299086852249432766e+00
8.373797979387815005e+00
8.449970797135033962e+00
8.527636479736676378e+00
8.606712642937861091e+00
8.687116902483712266e+00
8.768937211870040827e+00
8.851977628341510140e+00
8.936326105393927577e+00
9.021843479522186016e+00
9.108560924971870421e+00
9.196339278237870118e+00
9.285266492815997807e+00
9.375146625950913304e+00
9.466067631138429306e+00
9.557890344873436916e+00
9.650532382901058526e+00
9.744081698717105056e+00
9.838342349566239875e+00
9.933402288944270353e+00
1.002906557409586341e+01
1.012536337926659691e+01
1.022221332020159501e+01
1.031958979189620784e+01
1.041735363084532651e+01
1.051553601129453419e+01
1.061405454898895151e+01
1.071282685967369908e+01
1.081182733834412879e+01
1.091091682149513353e+01
1.101012648337229471e+01
1.110937393972073295e+01
1.120852002703534289e+01
1.130759591956169885e+01
1.140651923304493209e+01
1.150515080397992662e+01
1.160352180661226384e+01
1.170149307743684020e+01
1.179903901144900580e+01
1.189608423809725224e+01
1.199258144164357276e+01
1.208854709930355043e+01
1.218388412979232704e+01
1.227866578957571519e+01
1.237273821811861296e+01
1.246617467188685069e+01
1.255893484884578548e+01
1.265092166771054671e+01
1.274215160569672278e+01
1.283258436076967790e+01
1.292223641014500934e+01
1.301101067253783583e+01
1.309886684591352513e+01
1.318587818673790046e+01
1.327194761372608767e+01
1.335703482484344562e+01
1.344109951805534386e+01
1.352415817057736547e+01
1.360611370112464513e+01
1.368698258691277303e+01
1.376678130515733578e+01
1.384535599532324390e+01
1.392272313462608224e+01
1.399884242103121146e+01
1.407373033175422172e+01
1.414734656476047725e+01
1.421959403876510208e+01
1.429048923098369883e+01
1.435999183938161750e+01
1.442806156192422584e+01
1.449471487582710871e+01
1.455979792055517485e+01
1.462338395257423507e+01
1.468543266984966245e+01
1.474584699109657748e+01
1.480458661428034439e+01
1.486172479586678463e+01
1.491710767532079984e+01
1.497080850910820971e+01
1.502273021594414182e+01
1.507288927304419524e+01
1.512118859912349400e+01
1.516770145064786490e+01
1.521227396708220070e+01
1.525492262564209867e+01
1.529566390354314542e+01
1.533445749875070874e+01
1.537120632997991443e+01
1.540592687444635267e+01
1.543858255390254897e+01
1.546915168524967399e+01
1.549767308842629809e+01
1.552412880412075324e+01
1.554844409377114545e+01
1.557071455656626746e+01
1.559092223319446191e+01
1.560899238509383125e+01
1.562502061145316823e+01
1.563893217371058419e+01
1.565076589180463884e+01
1.566050380642367301e+01
1.566818473750624818e+01
1.567379072574070165e+01
1.567730381181537069e+01
1.567870603641858729e+01
1.567809299873915130e+01
1.567538996021516517e+01
1.567057896153496799e+01
1.566375560188735072e+01
1.565478836346019520e+01
1.564382962469252192e+01
1.563080464702243333e+01
1.561569547113827561e+01
1.559859769622883796e+01
1.557949336298245946e+01
1.555836451208746851e+01
1.553530674273267032e+01
1.551024531635616555e+01
1.548321905289652101e+01
1.545426677229229817e+01
1.542342729448206740e+01
1.539062588090393469e+01
1.535595813074669636e+01
1.531934930544845663e+01
1.528089500419800828e+01
1.524057726768368859e+01
1.519837813659383663e+01
1.515439321011724871e+01
1.510860452894225503e+01
1.506105091300742416e+01
1.501171440300109339e+01
1.496063381886182775e+01
1.490784798052819049e+01
1.485333892868851713e+01
1.479720226253160931e+01
1.473942002274579721e+01
1.468003102926965298e+01
1.461907410204173097e+01
1.455653128175037736e+01
1.449249557418759693e+01
1.442693605305777282e+01
1.435981919866851442e+01
1.429128182907810540e+01
1.422123364534391676e+01
1.414975468627400979e+01
1.407681143217598496e+01
1.400242714260767052e+01
1.392662507712689468e+01
1.384948527454172407e+01
1.377108777366021464e+01
1.369134227553973915e+01
1.361032881898835001e+01
1.352812744281411739e+01
1.344476140657486951e+01
1.336019719057819799e+01
1.327445805438194171e+01
1.318762403679415840e+01
1.309966161812244678e+01
1.301070761642510121e+01
1.292061495350925426e+01
1.282957722668343337e+01
1.273756091625523723e+01
1.264458928178249408e+01
1.255074236207326166e+01
1.245610019593560658e+01
1.236057248442689271e+01
1.226429604560541620e+01
1.216729413902900347e+01
1.206953324500525326e+01
1.197115018159245992e+01
1.187211142909822037e+01
1.177249702633059769e+01
1.167233023284742011e+01
1.157157752895628633e+01
1.147037573271549071e+01
1.136880488293308922e+01
1.126677468066645460e+01
1.116442194397387588e+01
1.106182671166341080e+01
1.095901224329289825e+01
1.085600179842016111e+01
1.075287541585326245e+01
1.064971313440025824e+01
1.054648143436875607e+01
1.044320357531657706e+01
1.034007315455224862e+01
1.023699987313313819e+01
1.013406376986730706e+01
1.003128810431258522e+01
9.928803959839887838e+00
9.826605922570184504e+00
9.724682843937070942e+00
9.623023575374132221e+00
9.521730526815430196e+00
9.420792549694557039e+00
9.320255274695336212e+00
9.220050774001128602e+00
9.120281457545988957e+00
9.020992956013746067e+00
8.922117341587757267e+00
8.823757024202079080e+00
8.725900855290309011e+00
8.628594465536261637e+00
8.531826706373538016e+00
8.435586429235728545e+00
8.340032823307119259e+00
8.245041181520845086e+00
8.150657134560725936e+00
8.056983092360816556e+00
7.963951127104481387e+00
7.871663648725773399e+00
7.780109508658290984e+00
7.689334337585851387e+00
7.599383766192282508e+00
7.510303425161406032e+00
7.422138945177047198e+00
7.334822398422570444e+00
7.248456194832027855e+00
7.163085965089242890e+00
7.078643781377581767e+00
6.995232053631093017e+00
6.912839633283375917e+00
6.831455371768022644e+00
6.751181679019087944e+00
6.672007406470163993e+00
6.593921405554842075e+00
6.517026086207178714e+00
6.441253520610541017e+00
6.366762897949207911e+00
6.293486290406545614e+00
6.221469328666373144e+00
6.150700864162292447e+00
6.081283306828352941e+00
6.013205508098146801e+00
5.946399540155038466e+00
5.881024592183315747e+00
5.817012736366337755e+00
5.754409603387928840e+00
5.693317603182143749e+00
5.633608731106273915e+00
5.575425688465383445e+00
5.518794320488236593e+00
5.463570134652904642e+00
5.409949313938842153e+00
5.357787365824122183e+00
5.307110135537505435e+00
5.258000247557985674e+00
5.210369988613864578e+00
5.164301983184135914e+00
5.119708517997103137e+00
5.076615438281528725e+00
5.035048589266172492e+00
4.994977036929571845e+00
4.956426626500486599e+00
4.919423203207678341e+00
4.883935833029682705e+00
4.849933581945031769e+00
4.817442295182487122e+00
4.786431038720580844e+00
4.756982437038308476e+00
4.729008776863969032e+00
4.702592682676558944e+00
4.677646441204378114e+00
4.654195897676191684e+00
4.632210118070530847e+00
4.611771726866386700e+00
4.592736231541834968e+00
4.575243035826098037e+00
4.559204426447475811e+00
4.544589469384503033e+00
4.531424009865943958e+00
4.519733893120557511e+00
4.509431405876648924e+00
4.500542393362980675e+00
4.493092700808312578e+00
4.487051394191183817e+00
4.482387539490119366e+00
4.479126981933887919e+00
4.477238787501018891e+00
4.476692022170046137e+00
4.477512531169732135e+00
4.479612601228378566e+00
4.483074856824980081e+00
4.487811584687837474e+00
4.493848630045714110e+00
4.501098279626912557e+00
4.509643157910425693e+00
4.519395551624556973e+00
4.530324526747836700e+00
4.542457683631339727e+00
4.555772863865152011e+00
4.570249664161670999e+00
4.585867681233295912e+00
4.602663291042653704e+00
4.620559311051910534e+00
4.639592117223693357e+00
4.659684527020171885e+00
4.680906983954109535e+00
4.703187983412697726e+00
4.726518477958379982e+00
4.750889420153598941e+00
4.776280406710752047e+00
4.802671034342237633e+00
4.830052255610497447e+00
4.858403667227932488e+00
4.887699187981913163e+00
4.917929770434883885e+00
4.949069333374219504e+00
4.981097473512318352e+00
5.013993787561576099e+00
5.047726516384346773e+00
5.082275256693024268e+00
5.117619605200007804e+00
5.153733480692672231e+00
5.190596479883413217e+00
5.228176843634583904e+00
5.266448490733557364e+00
5.305385339967709335e+00
5.344961310124413778e+00
5.385144642066021170e+00
5.425914932504928068e+00
5.467240422303488501e+00
5.509083674399029462e+00
5.551424285503948397e+00
5.594224818555572298e+00
5.637453514416254308e+00
5.681084291873369274e+00
5.725079713864243303e+00
5.769408021251229535e+00
5.814043132821701931e+00
5.858936255662942294e+00
5.904061308562324584e+00
5.949375176532154974e+00
5.994857456284831798e+00
6.040459354907634193e+00
6.086149113262917076e+00
6.131883616362984846e+00
6.177636782995209686e+00
6.223359820246874285e+00
6.269025448683913204e+00
6.314618629761548085e+00
6.360123126713565611e+00
6.405528380698769730e+00
6.450818154950943573e+00
6.495981890628892863e+00
6.541003350966403396e+00
6.585866299197254747e+00
6.630560176480255308e+00
6.675068746049187318e+00
6.719375771137832132e+00
6.763459337054952947e+00
6.807314562884375420e+00
6.850919533934863637e+00
6.894258013440194510e+00
6.937313764634157387e+00
6.980070550750530955e+00
7.022512135023101010e+00
7.064616602760625419e+00
7.106367717196889089e+00
7.147720851940557729e+00
7.188727905325693612e+00
7.229321539260869400e+00
7.269451449429730872e+00
7.309124110766154203e+00
7.348402777454244195e+00
7.387123586677184939e+00
7.425349792619082123e+00
7.463087870213811037e+00
7.500287515145014794e+00
7.536898423096340061e+00
7.572927069001662126e+00
7.608323148544624992e+00
7.643149915909333458e+00
7.677300287529203793e+00
7.710780738338108620e+00
7.743597743269926781e+00
7.775700998008299614e+00
7.807096977487102407e+00
7.837735377389982716e+00
7.867622672650814941e+00
7.896651779703011798e+00
7.924942731980909372e+00
7.952388445917922155e+00
7.978938617197698591e+00
8.004656500004337261e+00
8.029491790021490161e+00
8.053394182932796852e+00
8.076370153672135288e+00
8.098369397923148583e+00
8.119401205071957506e+00
8.139429343063408595e+00
8.158533952795064437e+00
8.176568058163555364e+00
8.193668579316669920e+00
8.209745319401273278e+00
8.224878419314919142e+00
8.238977682204478015e+00
8.252066469717266983e+00
8.264168143500620900e+00
8.275306065201856853e+00
8.285390037967847121e+00
8.294500202696143631e+00
8.302659921034072354e+00
8.309722216878272505e+00
8.315824010376521969e+00
8.320931883925922534e+00
8.325012419923568885e+00
8.328088980016783438e+00
8.330184925852895717e+00
8.331266839828996851e+00
8.331358083592418140e+00
8.330482018790480225e+00
8.328548448570050056e+00
8.325637513828683112e+00
8.321715796963477629e+00
8.316863438871985537e+00
8.310990242701072006e+00
8.304119570098064784e+00
8.296331561960521128e+00
8.287479242185073147e+00
8.277699530919507609e+00
8.266959010560919197e+00
8.255281042756635657e+00
8.242575430653520385e+00
8.228922315149130640e+00
8.214345057890788837e+00
8.198810241275594990e+00
8.182341226950871516e+00
8.164961376563944384e+00
8.146637272511911831e+00
8.127392276442096275e+00
8.107249750001823685e+00
8.086233054838421808e+00
8.064365552599214837e+00
8.041613825681297456e+00
8.018001235731995635e+00
7.993494365148405834e+00
7.968173354828083532e+00
7.942004787168122526e+00
7.915010962470806710e+00
7.887153156407991972e+00
7.858561921057192201e+00
7.829083912244761301e+00
7.798849682048205167e+00
7.767819444794343831e+00
7.736010194060222389e+00
7.703438923422888607e+00
7.670122626459388471e+00
7.636021517496540234e+00
7.601152590111390772e+00
7.565589617131213807e+00
7.529292812882831143e+00
7.492279170943286992e+00
7.454565684889630894e+00
7.416112569048676662e+00
7.377050375497931078e+00
7.337282539313986440e+00
7.296939612574343315e+00
7.255925030355592220e+00
7.214312565485008655e+00
7.172062432289411760e+00
7.129305182846307432e+00
7.086001031482511259e+00
7.042110192524844159e+00
6.997706438800578077e+00
6.952806763886764330e+00
6.907428161360447127e+00
6.861530845548444724e+00
6.815188589278035280e+00
6.768418386126262121e+00
6.721294008920406959e+00
6.673718892737053210e+00
6.625766810403480811e+00
6.577454755496734862e+00
6.528799721593862238e+00
6.479875481522139324e+00
6.430642249608387928e+00
6.381173798679879994e+00
6.331430343063432886e+00
6.281485655586327432e+00
6.231356729825607843e+00
6.181060559358320106e+00
6.130614137761514648e+00
6.080034458612235682e+00
6.029338515487531858e+00
5.978600081214680451e+00
5.927779370120496161e+00
5.876950155032258039e+00
5.826072650276783449e+00
5.775217270118045754e+00
5.724384215316580260e+00
5.673627107319848761e+00
5.622942788325085317e+00
5.572271321279290035e+00
5.521666327629926485e+00
5.471181428824455573e+00
5.420813467060110469e+00
5.370559284534126121e+00
5.320358944193497308e+00
5.270322846735923328e+00
5.220447834358634687e+00
5.170673970008631493e+00
5.121054875133377315e+00
5.071587391930105326e+00
5.022325141846275542e+00
4.973208187828891624e+00
4.924346930575648429e+00
4.875624653783312112e+00
4.827208537399811483e+00
4.779038644372145761e+00
4.731111816897545452e+00
4.683424897173245505e+00
4.636031506646706823e+00
4.588928487515162580e+00
4.542169461226074567e+00
4.495694490726443782e+00
4.449500418213504283e+00
4.403754423635179549e+00
4.358283011438006227e+00
4.313253361569912236e+00
4.268605536977900350e+00
4.224336379859198409e+00
4.180556290911501272e+00
4.137205333081809933e+00
4.094280348567358452e+00
4.051891738065838133e+00
4.009979564524249973e+00
3.968597449390059317e+00
3.927685455610265386e+00
3.887353983882563035e+00
3.847543097153951486e+00
3.808306416871895195e+00
3.769697564483856844e+00
3.731656602936836986e+00
3.694180374428067015e+00
3.657379279655244009e+00
3.621250160815595809e+00
3.585733080856126076e+00
3.550881661224296160e+00
3.516747203388997267e+00
3.483314949654591430e+00
3.450567822346870539e+00
3.418488743791627371e+00
3.387174194815113726e+00
3.356493539242659807e+00
3.326543257900516082e+00
3.297306273114475328e+00
3.268765507210328991e+00
3.240960661764098028e+00
3.213817879851343484e+00
3.187376863048087205e+00
3.161620533680121525e+00
3.136588593323465624e+00
3.112263964303911390e+00
3.088686348197482889e+00
3.065781888079738948e+00
3.043590285526700079e+00
3.022151242114390790e+00
3.001390900918371241e+00
2.981405742764891453e+00
2.962087843179374680e+00
2.943516649213006708e+00
2.925663727341529352e+00
2.908523355740782357e+00
2.892101168436646663e+00
2.876391443604962017e+00
2.861394137346586763e+00
2.847103527837359760e+00
2.833525249103163723e+00
2.820659257244859663e+00
2.808494152513262065e+00
2.797041246859275354e+00
2.786294818458739275e+00
2.776254823412513062e+00
2.766909861971411200e+00
2.758254212311270770e+00
2.750293508457976266e+00
2.743016350662340397e+00
2.736422695025225060e+00
2.730501141797443410e+00
2.725251647079856898e+00
2.720674166973325203e+00
2.716762979653685850e+00
2.713512363296775920e+00
2.710916596078433827e+00
2.708969956174495319e+00
2.707678077610845335e+00
2.707023882713273100e+00
2.707007327582641398e+00
2.707611887947635410e+00
2.708834608998566207e+00
2.710678767253662969e+00
2.713130605456084865e+00
2.716187722199039367e+00
2.719842038150708241e+00
2.724096829829321553e+00
2.728938339978037586e+00
2.734358489265041658e+00
2.740360554208560284e+00
2.746930777551755742e+00
2.754066757887832395e+00
2.761754737959952521e+00
2.769997994286341303e+00
2.778777091685138867e+00
2.788089628749549576e+00
2.797927526147757415e+00
2.808277026622922001e+00
2.819130050843226876e+00
2.830484197401875957e+00
2.842320031117008039e+00
2.854629472656807110e+00
2.867398764764430563e+00
2.880625506033085426e+00
2.894295939205932200e+00
2.908390629101107461e+00
2.922907174311816902e+00
2.937826139656198876e+00
2.953145123727456856e+00
2.968839013418707040e+00
2.984905407323153792e+00
3.001330548183958502e+00
3.018095000819256857e+00
3.035196363822255883e+00
3.052603846161045631e+00
3.070315046428833128e+00
3.088310529443753616e+00
3.106570860023946334e+00
3.125087958837591717e+00
3.143842390702829004e+00
3.162820398362817365e+00
3.182002546635693374e+00
3.201369400339592719e+00
3.220907202217678122e+00
3.240602195013107867e+00
3.260429265618995043e+00
3.280374656778502374e+00
3.300424611234787253e+00
3.320548337955941065e+00
3.340737757610148240e+00
3.360975868069523198e+00
3.381244043572057656e+00
3.401548803109810670e+00
3.421885309824798327e+00
3.442243048934010563e+00
3.462611505654442645e+00
3.482997198978152298e+00
3.503383936197110415e+00
3.523766880453333084e+00
3.544141194888831947e+00
3.564502042645624424e+00
3.584838908940701785e+00
3.605146956916078782e+00
3.625415671788748462e+00
3.645634538775701650e+00
3.665798721018953099e+00
3.685903381660518452e+00
3.705932327992367270e+00
3.725880723156513419e+00
3.745738052369948612e+00
3.765499478774688935e+00
3.785148809662703062e+00
3.804686886101028342e+00
3.824091837456610854e+00
3.843358826871465794e+00
3.862483017487607917e+00
3.881448216597007672e+00
3.900243909416654109e+00
3.918859581163541606e+00
3.937284717054661876e+00
3.955508802307005300e+00
3.973527000062587522e+00
3.991317439688356394e+00
4.008880962251347491e+00
4.026195697118506445e+00
4.043251129506828079e+00
4.060042422558324482e+00
4.076559061489987812e+00
4.092779175668766811e+00
4.108703606161696165e+00
4.124310482335723727e+00
4.139594967332864250e+00
4.154535190520062038e+00
4.169131992964357103e+00
4.183363504032694635e+00
4.197213531017043309e+00
4.210682914984441361e+00
4.223749785301834869e+00
4.236403627186215104e+00
4.248633925854574223e+00
4.260426358365689836e+00
4.271779758770586355e+00
4.282689152962077195e+00
4.293155244757995703e+00
4.303184415901199600e+00
4.312760336434454445e+00
4.321895066025638776e+00
4.330583630567566900e+00
4.338826733878070385e+00
4.346613723924938277e+00
4.353950982451029184e+00
4.360839213274174675e+00
4.367273442287189056e+00
4.373248695382882190e+00
4.378765676379087424e+00
4.383825089093640770e+00
4.388421959419352980e+00
4.392562669099080885e+00
4.396236566100612642e+00
4.399455710091829452e+00
4.402209449040517697e+00
4.404509842614561244e+00
4.406346238781745583e+00
4.407725019284928436e+00
4.408641210016921441e+00
4.409095514795557946e+00
4.409094315363696559e+00
4.408626959689125435e+00
4.407699829514700518e+00
4.406307950733234335e+00
4.404452027162561123e+00
4.402132762620515116e+00
4.399356538849954035e+00
4.396118381743687742e+00
4.392418995119551361e+00
4.388264760720402613e+00
4.383650704439052248e+00
4.378583208018357986e+00
4.373057297351130579e+00
4.367085032105251230e+00
4.360650082323484611e+00
4.353770185598732745e+00
4.346434689898785564e+00
4.338649976966500788e+00
4.330416750619711763e+00
4.321735714676252726e+00
4.312613250878981397e+00
4.303050063045732010e+00
4.293052532919360509e+00
4.282621364317704682e+00
4.271762742798623336e+00
4.260476391254971240e+00
4.248767514319631289e+00
4.236635638700462003e+00
4.224085969030347165e+00
4.211123709942167004e+00
4.197742710218758333e+00
4.183948174493003158e+00
4.169745307397785261e+00
4.155139313565984871e+00
4.140135397630484881e+00
4.124738764224166410e+00
4.108943262129867158e+00
4.092771129755536919e+00
4.076216215884013394e+00
4.059283725148176813e+00
4.041984540105934443e+00
4.024323865390166510e+00
4.006306905633756799e+00
3.987944543394609020e+00
3.969236305380583030e+00
3.950193074149583872e+00
3.930825732259517036e+00
3.911133806418241488e+00
3.891122501258639232e+00
3.870808377263638356e+00
3.850185283216074783e+00
3.829269779598878820e+00
3.808067071044929808e+00
3.786582362187110640e+00
3.764826535583327249e+00
3.742810473791484238e+00
3.720539381444463167e+00
3.698035496950217826e+00
3.675298347016604961e+00
3.652350170051574807e+00
3.629190492762989440e+00
3.605841553558798207e+00
3.582297201221838368e+00
3.558585352085083198e+00
3.534699854931368179e+00
3.510657270243624506e+00
3.486474158504778043e+00
3.462150046422685978e+00
3.437695816555257800e+00
3.413133707310442411e+00
3.388474601246144857e+00
3.363723702995247145e+00
3.338897573040679578e+00
3.314007093940344539e+00
3.289067131218277318e+00
3.264074414712890615e+00
3.239035335153748640e+00
3.213956283270414271e+00
3.188826616017383930e+00
3.163658402049244867e+00
3.138452354170536918e+00
3.113209185185802141e+00
3.087935285824603859e+00
3.062637046816508057e+00
3.037315180966054129e+00
3.011987434852854140e+00
2.986660199206469191e+00
2.961328508906420964e+00
2.936010110532316197e+00
2.910700038963675684e+00
2.885416040780108382e+00
2.860153150861134197e+00
2.834923437861338158e+00
2.809733292510284475e+00
2.784577749687493053e+00
2.759468878047548479e+00
2.734418746245040222e+00
2.709422389159485967e+00
2.684503231295519043e+00
2.659661985457680178e+00
2.634899364450509651e+00
2.610238792778642125e+00
2.585675305321595285e+00
2.561220970733956381e+00
2.536876501820266139e+00
2.512659645160135291e+00
2.488571113558105008e+00
2.464617297743738611e+00
2.440804588446601198e+00
2.417145054321279130e+00
2.393650764022360988e+00
2.370316752429363572e+00
2.347172121971943248e+00
2.324211907529619481e+00
2.301453855682001226e+00
2.278904357158652694e+00
2.256581158539184617e+00
2.234484972628137722e+00
2.212622190155076218e+00
2.191010557699609951e+00
2.169650788066281422e+00
2.148554949909677436e+00
2.127729433959360428e+00
2.107186308869919422e+00
2.086924814400707540e+00
2.066961009830416529e+00
2.047281091767438443e+00
2.027893968520253942e+00
2.008802870472323754e+00
1.989999672157059196e+00
1.971493281882944482e+00
1.953281252108415300e+00
1.935361135291907120e+00
1.917741839741902377e+00
1.900415239991814831e+00
1.883390244350126030e+00
1.866658727350250180e+00
1.850235275225691423e+00
1.834106084584840701e+00
1.818280063736179564e+00
1.802760443063167850e+00
1.787539097099218877e+00
1.772619256227791151e+00
1.758004150832345180e+00
1.743691333371316210e+00
1.729689712153185788e+00
1.715991161711368118e+00
1.702604590354345859e+00
1.689527550540554257e+00
1.676768950578475970e+00
1.664320665001524313e+00
1.652197280043204541e+00
1.640384992311906265e+00
1.628898388041135403e+00
1.617723663839282899e+00
1.606869728014828080e+00
1.596328455101187149e+00
1.586108753406841210e+00
1.576208175390227728e+00
1.566618595584757578e+00
1.557354600223938013e+00
1.548402385916157309e+00
1.539770860969899458e+00
1.531463255768623188e+00
1.523471444845740930e+00
1.515798658584712522e+00
1.508448127368998026e+00
1.501411725732009428e+00
1.494698361982229162e+00
1.488294232728047728e+00
1.482208246277947117e+00
1.476432277165341311e+00
1.470969555773688153e+00
1.465823312486448149e+00
1.460985433352057994e+00
1.456453528404075159e+00
1.452236575041128130e+00
1.448326516886774717e+00
1.444720975489597548e+00
1.441428928248224439e+00
1.438436640861190163e+00
1.435753090727122983e+00
1.433364543544559444e+00
1.431274298787102772e+00
1.429474300078312554e+00
1.427973524816817052e+00
1.426758238701151260e+00
1.425826063279897138e+00
1.425180298026659909e+00
1.424818564490020423e+00
1.424727128368514784e+00
1.424914967060771254e+00
1.425374024190348088e+00
1.426101921305827247e+00
1.427096279955790248e+00
1.428349043763796011e+00
1.429857834278426276e+00
1.431625950973286043e+00
1.433633981621887488e+00
1.435890903622858428e+00
1.438388660599758229e+00
1.441119196176145145e+00
1.444080131900601138e+00
1.447269089321707725e+00
1.450672334138000785e+00
1.454293165823085543e+00
1.458123528000519809e+00
1.462161042218885543e+00
1.466391974176719293e+00
1.470813945422601687e+00
1.475424577505115353e+00
1.480215814047818546e+00
1.485185276599293447e+00
1.490319230858075050e+00
1.495615298372745539e+00
1.501071100691887095e+00
1.506672903514034489e+00
1.512418328387770128e+00
1.518299318936652931e+00
1.524302140859218113e+00
1.530430093629070676e+00
1.536669442944746056e+00
1.543012132429802952e+00
1.549450105707800951e+00
1.555976257684710262e+00
1.562587288396151797e+00
1.569280849160159308e+00
1.576054591294765661e+00
1.582911844043026317e+00
1.589838902872929172e+00
1.596839097027531018e+00
1.603904399899840794e+00
1.611032462807892252e+00
1.618226614994741519e+00
1.625473151928375604e+00
1.632769724926828037e+00
1.640119663233154279e+00
1.647509262315342671e+00
1.654941851416448229e+00
1.662409403929481888e+00
1.669909571172476292e+00
1.677434326538441933e+00
1.684986999270434938e+00
1.692548206911419051e+00
1.700126956629474106e+00
1.707709543892586890e+00
1.715293620018790488e+00
1.722871158401095393e+00
1.730445488282557509e+00
1.737997227206141249e+00
1.745529704414902517e+00
1.753034893301851138e+00
1.760510445185021311e+00
1.767942655532399154e+00
1.775329175662018200e+00
1.782667656891911978e+00
1.789944394690067053e+00
1.797157040374516956e+00
1.804303245263294109e+00
1.811369304824387294e+00
1.818347192450804783e+00
1.825240237385604480e+00
1.832029057171749242e+00
1.838716981052295418e+00
1.845290304495230460e+00
1.851746678818587677e+00
1.858072399490354076e+00
1.864265117828562746e+00
1.870322485151246328e+00
1.876225119001369901e+00
1.881976348621989370e+00
1.887562469481091521e+00
1.892975454971686178e+00
1.898212956411807761e+00
1.903263029475297907e+00
1.908126448584446466e+00
1.912811426292420292e+00
1.917320497227365195e+00
1.921650518092401505e+00
1.925804023515674590e+00
1.929789226050351747e+00
1.933602982399555525e+00
1.937253505116452557e+00
1.940737650904164946e+00
1.944063632315860213e+00
1.947228306054660241e+00
1.950234206748709731e+00
1.953089546951176425e+00
1.955791183365181540e+00
1.958341650618870000e+00
1.960743483340386284e+00
1.963004894082898577e+00
1.965117061624505279e+00
1.967093876443396727e+00
1.968926517317671543e+00
1.970623196800498356e+00
1.972186449520020979e+00
1.973613132179361074e+00
1.974911457331686382e+00
1.976083959605142049e+00
1.977127495702849291e+00
1.978044600252952590e+00
1.978843485808620128e+00
1.979521009072973570e+00
1.980085382599179988e+00
1.980533463090361490e+00
1.980873463099685594e+00
1.981102239330274406e+00
1.981222326410271739e+00
1.981241936892846001e+00
1.981152249556095812e+00
1.980967154878210845e+00
1.980683509562314093e+00
1.980298170311526551e+00
1.979825027604038779e+00
1.979260938142973103e+00
1.978608436556474004e+00
1.977875735397708556e+00
1.977054013444775382e+00
1.976157161175865928e+00
1.975182035294102079e+00
1.974136848352650242e+00
1.973012779129609484e+00
1.971823718103171252e+00
