# te
2.262451618053006985e+00
2.852206745882372552e+00
2.966448724468931264e+00
2.790658947827960645e+00
2.472620213133721379e+00
2.107213527897899397e+00
1.753013514477336665e+00
1.440964682258238705e+00
1.188923236864597666e+00
1.004334426261396906e+00
8.897595961986957125e-01
8.341625928451134042e-01
8.227358501321593298e-01
8.439727739244505811e-01
8.889029684828138045e-01
9.455371603157441962e-01
1.003913524857885875e+00
1.060802636742808058e+00
1.108432497411095285e+00
1.149990190777901988e+00
1.186911706813602363e+00
1.220651565782804315e+00
1.252741708819160804e+00
1.281598475224450917e+00
1.313506108338479583e+00
1.348858141995868731e+00
1.382987055179980995e+00
1.419220129864954272e+00
1.451290528366427912e+00
1.483112264604615094e+00
1.506854135116030502e+00
1.522024443559409912e+00
1.531053927893063049e+00
1.527749497473754881e+00
1.519973602316821326e+00
1.500994834676251610e+00
1.470566710019948875e+00
1.431059111129039385e+00
1.384715297922290533e+00
1.333378220061443020e+00
1.277238484854925415e+00
1.215768425552853138e+00
1.147213943600365882e+00
1.069588145516659816e+00
9.815921883223686084e-01
8.832599497881192807e-01
7.749442930594789836e-01
6.570548605322453772e-01
5.301074718001469455e-01
3.945580551101205979e-01
2.504685337613117291e-01
9.764187165476757857e-02
-6.477567611662836400e-02
-2.379203880091380896e-01
-4.230756480985908285e-01
-6.201527889871332189e-01
-8.282009409443856773e-01
-1.046049498541577361e+00
-1.272209892548647803e+00
-1.505531151788701782e+00
-1.746485237698610637e+00
-1.995961200718732176e+00
-2.254842413364401388e+00
-2.524057671551137805e+00
-2.804374221458821204e+00
-3.095271504797168838e+00
-3.395902753714590716e+00
-3.705443912059588563e+00
-4.023218549731264027e+00
-4.348819928601499463e+00
-4.682789486157782122e+00
-5.025739624484572232e+00
-5.377465124463020274e+00
-5.737505260348235936e+00
-6.105371993639547412e+00
-6.480059224211498936e+00
-6.861368194161242329e+00
-7.249327262586843901e+00
-7.644078347086835201e+00
-8.045560315800203810e+00
-8.453467631530070747e+00
-8.867575603871159728e+00
-9.287432425417279092e+00
-9.712870185013386504e+00
-1.014341121320830830e+01
-1.057864473012165085e+01
-1.101813409382803677e+01
-1.146149944165233059e+01
-1.190847446941984167e+01
-1.235862981798586091e+01
-1.281179237632922607e+01
-1.326756919920851097e+01
-1.372579445838322521e+01
-1.418607520861193905e+01
-1.464807528390346469e+01
-1.511145851826661080e+01
-1.557588874571018778e+01
-1.604097302099276945e+01
-1.650631839887294205e+01
-1.697153193410927585e+01
-1.743639101921104739e+01
-1.790027559193590534e+01
-1.836290626554289673e+01
-1.882383331554036943e+01
-1.928255023818643821e+01
-1.973872086748990640e+01
-2.019189547895913606e+01
-2.064156756885223842e+01
-2.108740097117802037e+01
-2.152900501971608449e+01
-2.196582782657944577e+01
-2.239760367915329553e+01
-2.282383974782189284e+01
-2.324415676146998422e+01
-2.365817544898227709e+01
-2.406545975999327425e+01
-2.446557364413747848e+01
-2.485819460954985161e+01
-2.524288660586487865e+01
-2.561921358271707305e+01
-2.598685304824137887e+01
-2.634536895207230245e+01
-2.669432524384434302e+01
-2.703339943169245529e+01
-2.736221224450136091e+01
-2.768032763190556977e+01
-2.798742310204003658e+01
-2.828311938378949009e+01
-2.856698042678841887e+01
-2.883868645929662122e+01
-2.909787181082292307e+01
-2.934423031025124473e+01
-2.957734222796502976e+01
-2.979701495134861133e+01
-3.000277197153522835e+01
-3.019430711740877271e+01
-3.037137099710337296e+01
-3.053365743950292810e+01
-3.068086027349134426e+01
-3.081273010720275352e+01
-3.092890399027082893e+01
-3.102918931007991787e+01
-3.111327989551393358e+01
-3.118081279620654200e+01
-3.123165217879234845e+01
-3.126537831365477871e+01
-3.128179858817819436e+01
-3.128060683124649799e+01
-3.126149687174359215e+01
-3.122427894417064209e+01
-3.116877467149598502e+01
-3.109480852380476534e+01
-3.100231852968258295e+01
-3.089107237996435629e+01
-3.076100810323568524e+01
-3.061195016958170712e+01
-3.044377982833779583e+01
-3.025637832883933243e+01
-3.004968369967191322e+01
-2.982352041092067907e+01
-2.957788327042146292e+01
-2.931253996900918679e+01
-2.902754209376990602e+01
-2.872271411478875791e+01
-2.839805083990157542e+01
-2.805349029769398328e+01
-2.768914085450224505e+01
-2.730494053891198192e+01
-2.690088415875902328e+01
-2.647696652187919497e+01
-2.603323921535857721e+01
-2.556969704703298163e+01
-2.508639160398848489e+01
-2.458348803181161202e+01
-2.406098332406688201e+01
-2.351893999648381239e+01
-2.295747952977085404e+01
-2.237666662538621765e+01
-2.177667954328857292e+01
-2.115769654343659667e+01
-2.051983910653872556e+01
-1.986328549255363995e+01
-1.918827074069023908e+01
-1.849480277315650056e+01
-1.778323018766179686e+01
-1.705367446491457173e+01
-1.630642742337394679e+01
-1.554166732299860421e+01
-1.475968598224766737e+01
-1.396077521958028456e+01
-1.314505651570488887e+01
-1.231282168908061436e+01
-1.146447611666706123e+01
-1.060025483767312515e+01
-9.720563229058402754e+00
-8.825693109282026327e+00
-7.915993076053361222e+00
-6.991754947831541500e+00
-6.053440880826391535e+00
-5.101277898126545196e+00
-4.135744854590708286e+00
-3.157028692706179474e+00
-2.165543471961166588e+00
-1.161646472593651058e+00
-1.456381955913838011e-01
8.821751801328578946e-01
1.921317137915610651e+00
2.971362262418616229e+00
4.031868104528549601e+00
5.102399028642111922e+00
6.182509178890956747e+00
7.271759512916776913e+00
8.369706446021238477e+00
9.475884817390921810e+00
1.058982378828738469e+01
1.171103548619712065e+01
1.283911720748195684e+01
1.397352997830318166e+01
1.511385973917257530e+01
1.625952209285124184e+01
1.741015975910119451e+01
1.856513156143330789e+01
1.972402344035936039e+01
2.088619421939023013e+01
2.205122983903769551e+01
2.321854590206285707e+01
2.438761479047704483e+01
2.555790888629158530e+01
2.672890057151780852e+01
2.790000544891680789e+01
2.907069590049990637e+01
3.024038752902821159e+01
3.140849593726282052e+01
3.257455028646527495e+01
3.373790940014646367e+01
3.489798888106747654e+01
3.605426111123963295e+01
3.720614169342403699e+01
3.835293267188132660e+01
3.949421998712328019e+01
4.062930568341054993e+01
4.175760536350422569e+01
4.287864818866587058e+01
4.399179298240633784e+01
4.509651212673696818e+01
4.619222122441885858e+01
4.727827909896286229e+01
4.835421491163054952e+01
4.941938748593279485e+01
5.047311638732782058e+01
5.151496160381496026e+01
5.254438708609074382e+01
5.356080000560136511e+01
5.456377787154379888e+01
5.555278463461451111e+01
5.652745458326067762e+01
5.748708133042810431e+01
5.843209407406718725e+01
5.936087795912001752e+01
6.027408930053791636e+01
6.117068103576530547e+01
6.205074168725118966e+01
6.291322419243997643e+01
6.375878486628300124e+01
6.458580885372234093e+01
6.539381688470473364e+01
6.618346527418148639e+01
6.695313916709471869e+01
6.770349487839574465e+01
6.843291755302664114e+01
6.914206350593876493e+01
6.982988567457650220e+01
7.049704037389116706e+01
7.114191274882489324e+01
7.176515911432899486e+01
7.236573240784785810e+01
7.294315335932822109e+01
7.349807828372138374e+01
7.402946011847174645e+01
7.453738738602835667e+01
7.502138081633789568e+01
7.548096113934708740e+01
7.591564908500264153e+01
7.632553317575360552e+01
7.671070193404894155e+01
7.707067608983541618e+01
7.740440858055737294e+01
7.771312351366849214e+01
7.799520603411086483e+01
7.825131245683577674e+01
7.848096351178998020e+01
7.868424772142248003e+01
7.886011802317766239e+01
7.900923073200686986e+01
7.913110657785684054e+01
7.922469849817193221e+01
7.929066280790347321e+01
7.932908802950051097e+01
7.933949489290971258e+01
7.932197784688771947e+01
7.927665504542147801e+01
7.920365056880551435e+01
7.910308849733438308e+01
7.897452511880032944e+01
7.881808451349786537e+01
7.863389076172157388e+01
7.842206794376598111e+01
7.818274013992561322e+01
7.791603143049503899e+01
7.762093031076418015e+01
7.729869644603219569e+01
7.694888612409131667e+01
7.657162342523608345e+01
7.616703242976105059e+01
7.573523721796074426e+01
7.527692966263202834e+01
7.479166605156711967e+01
7.427957046506057281e+01
7.374133477590926589e+01
7.317708306440766819e+01
7.258637161834806761e+01
7.196989231052732805e+01
7.132833701374224233e+01
7.066126201578509836e+01
6.996935918945268895e+01
6.925218482253730201e+01
6.851043078783577300e+01
6.774535675064723250e+01
6.695595120626164487e+01
6.614290602747583137e+01
6.530634529458431814e+01
6.444752867288629261e+01
6.356601245017396451e+01
6.266248849924422615e+01
6.173708090039156104e+01
6.079104931891513530e+01
5.982395004260720839e+01
5.883704273676691088e+01
5.783045148168880445e+01
5.680430035766740815e+01
5.575871344499726945e+01
5.469495040897754023e+01
5.361256753740046577e+01
5.251225670306288862e+01
5.139414198625934205e+01
5.025891525978668994e+01
4.910670060393945136e+01
4.793932547651907328e+01
4.675634616531784360e+01
4.555900330002888410e+01
4.434789357541910704e+01
4.312302685814714920e+01
4.188611639237854689e+01
4.063660425226964179e+01
3.937506809698133736e+01
3.810208558567458681e+01
3.681823437751030781e+01
3.552352433914713004e+01
3.421910092224828759e+01
3.290417908396918989e+01
3.158018817222421859e+01
3.024759228767383590e+01
2.890691231022875129e+01
2.755878267830012973e+01
2.620383783029910774e+01
2.484259864613641255e+01
2.347575634347342444e+01
2.210388858147107882e+01
2.072751624004006743e+01
1.934733053684178827e+01
1.796385235178693307e+01
1.657771612328668098e+01
1.518955628975217742e+01
1.379983695184388992e+01
1.240924932722322538e+01
1.101831429580087196e+01
9.627609516737758000e+00
8.237769428445053776e+00
6.849371690083683184e+00
5.462937181564351263e+00
4.079100341298212307e+00
2.698495607696429932e+00
1.321814198420400821e+00
-5.036622736894486724e-02
-1.417297672759997296e+00
-2.778402478591818880e+00
-4.132989427203006549e+00
-5.480424080182419999e+00
-6.820071999118886730e+00
-8.151298745601248896e+00
-9.473469881218347766e+00
-1.078600774680924701e+01
-1.208833468321301297e+01
-1.337975947276827071e+01
-1.465971013423909497e+01
-1.592756358506437842e+01
-1.718273648815817367e+01
-1.842461711680940084e+01
-1.965260850691205974e+01
-2.086614514221946592e+01
-2.206476004388218115e+01
-2.324803471468515426e+01
-2.441551431869318733e+01
-2.556677808752122871e+01
-2.670145635410943541e+01
-2.781902614742232771e+01
-2.891907805492489913e+01
-3.000120266408214320e+01
-3.106493378310882036e+01
-3.211003233722060912e+01
-3.313603213463228059e+01
-3.414269410055950260e+01
-3.512960882246726158e+01
-3.609648044632102426e+01
-3.704301311808623609e+01
-3.796874064597766107e+01
-3.887342395521095995e+01
-3.975665363325114754e+01
-4.061813382606366929e+01
-4.145751190036373401e+01
-4.227437844361635655e+01
-4.306843760178696812e+01
-4.383939352084101415e+01
-4.458695034674396140e+01
-4.531103934246218756e+01
-4.601142143321135336e+01
-4.668791432345737746e+01
-4.734039249691641515e+01
-4.796856009955389766e+01
-4.857234839433621687e+01
-4.915157508572927014e+01
-4.970594431969851712e+01
-5.023538735921031417e+01
-5.073960835023013516e+01
-5.121848177647410694e+01
-5.167182534240814107e+01
-5.209945675249816333e+01
-5.250119371121007816e+01
-5.287702426076047857e+01
-5.322682288486550561e+01
-5.355052084649155830e+01
-5.384793585010451977e+01
-5.411905593792099722e+01
-5.436381237290736834e+01
-5.458213641803000371e+01
-5.477418645325621327e+01
-5.493995052080256158e+01
-5.507947344213592089e+01
-5.519285681797333609e+01
-5.528014761554370438e+01
-5.534134460587395665e+01
-5.537650548500331382e+01
-5.538563116972080991e+01
-5.536877935606565160e+01
-5.532595096082683028e+01
-5.525720368004355976e+01
-5.516248165125466585e+01
-5.504201290825000825e+01
-5.489602548481954614e+01
-5.472412284300063590e+01
-5.452817961483989961e+01
-5.430723146987241279e+01
-5.406201745514015755e+01
-5.379270882518284225e+01
-5.350004462704244901e+01
-5.318362832275636265e+01
-5.284419895936657241e+01
-5.248192779141277953e+01
-5.209698607343467103e+01
-5.168897726746962462e+01
-5.125920821306192465e+01
-5.080671457974669636e+01
-5.033337099957049787e+01
-4.983821314206843311e+01
-4.932198005428248422e+01
-4.878541078325464042e+01
-4.822867658352461007e+01
-4.765274361913528622e+01
-4.705732891062452694e+01
-4.644317150503431435e+01
-4.581066977390527484e+01
-4.516027886802824298e+01
-4.449245393819405336e+01
-4.380759335594331816e+01
-4.310620905131711567e+01
-4.238869939585605096e+01
-4.165563309885142473e+01
-4.090757886959453060e+01
-4.014504863812645397e+01
-3.936866789298873215e+01
-3.857889178497218552e+01
-3.777640258186858802e+01
-3.696159865521853760e+01
-3.613521905206403773e+01
-3.529771892319593718e+01
-3.444972375715575197e+01
-3.359185904248503363e+01
-3.272469348847504733e+01
-3.184873902516690336e+01
-3.096464671655358813e+01
-3.007294281143309789e+01
-2.917400879630422139e+01
-2.826851005391687366e+01
-2.735688485002008719e+01
-2.643962822961308134e+01
-2.551723523769511104e+01
-2.459025769851564647e+01
-2.365919065707391411e+01
-2.272458593761939127e+01
-2.178688180590109980e+01
-2.084663008616849922e+01
-1.990438260267105974e+01
-1.896057762115779965e+01
-1.801576696587818205e+01
-1.707055924033190664e+01
-1.612539271026798815e+01
-1.518087597918612985e+01
-1.423756087133580372e+01
-1.329594243171623980e+01
-1.235662926382715021e+01
-1.142011641266776500e+01
-1.048695570248756503e+01
-9.557755736786244682e+00
-8.633011560563048192e+00
-7.713274998067441324e+00
-6.799097873548901383e+00
-5.891088790507127193e+00
-4.989686014691127269e+00
-4.095611708101063009e+00
-3.209360915736176434e+00
-2.331655799596629386e+00
-1.462934625431428826e+00
-6.039195552407397027e-01
2.448943659761968761e-01
1.082784976219224093e+00
1.909314009739327522e+00
2.723872863036807868e+00
3.525852932611960089e+00
4.314759173465547271e+00
5.090039761348101877e+00
5.851086092759914870e+00
6.597386088926687542e+00
7.328393603523958966e+00
8.043602235702454806e+00
8.742499906687857703e+00
9.424563181855816651e+00
1.008929133828206126e+01
1.073615356003971577e+01
1.136464287848698440e+01
1.197425828940800052e+01
1.256463279803602617e+01
1.313543092469284623e+01
1.368632854555029787e+01
1.421698450300513983e+01
1.472706331737915342e+01
1.521628628824436547e+01
1.568429522422246336e+01
1.613090794961085450e+01
1.655582873020648549e+01
1.695876183180631358e+01
1.733958185795796325e+01
1.769787951595792563e+01
1.803347263010361345e+01
1.834617902469242878e+01
1.863581652402178435e+01
1.890208939388862319e+01
1.914487223784058401e+01
1.936398288017507596e+01
1.955923914518950468e+01
1.973040207793104628e+01
1.987745984044780911e+01
2.000017347778695864e+01
2.009853115199659968e+01
2.017246424587460396e+01
2.022184736296859953e+01
2.024655510682623216e+01
2.024646208099513345e+01
2.022161322677364481e+01
2.017188314770939073e+01
2.009714644735001343e+01
1.999733450849338112e+01
1.987243549318759861e+01
1.972232400498029747e+01
1.954698820591957897e+01
1.934635947880330775e+01
1.912053954418004409e+01
1.886951656409788569e+01
1.859333547985517043e+01
1.829198445349998892e+01
1.796556520558089787e+01
1.761400911889577259e+01
1.723747469324339576e+01
1.683606364917232767e+01
1.640987770723113570e+01
1.595901858796836414e+01
1.548353123268235620e+01
1.498363092042212763e+01
1.445936259248600742e+01
1.391094152792300243e+01
1.333857947969918989e+01
1.274253087569898213e+01
1.212287627997316619e+01
1.147986659432319989e+01
1.081369594130031864e+01
1.012461522270599623e+01
9.412761781841231468e+00
8.678443299757718776e+00
7.921967457507160582e+00
7.143528377640788740e+00
6.343376961960066396e+00
5.521764112266462909e+00
4.678997509611674488e+00
3.815441614297628181e+00
2.931460886626249263e+00
2.027533345399921583e+00
1.103966671670348898e+00
1.612388842399058442e-01
-8.002855565894684275e-01
-1.780185411265623241e+00
-2.778096219486635654e+00
-3.793539962450112046e+00
-4.826095400603898966e+00
-5.875398073646069363e+00
-6.941026742024471119e+00
-8.022503386936705283e+00
-9.119463548080862125e+00
-1.023142920665453737e+01
-1.135780878535489968e+01
-1.249812426537955190e+01
-1.365189762792610928e+01
-1.481853729569173161e+01
-1.599762202912425657e+01
-1.718856025092082618e+01
-1.839078309547869594e+01
-1.960373873097018205e+01
-2.082684125801745978e+01
-2.205950477724269732e+01
-2.330116042304314661e+01
-2.455122343162598852e+01
-2.580910449685837094e+01
-2.707416434686726703e+01
-2.834575916743962054e+01
-2.962323492409731074e+01
-3.090594893821230826e+01
-3.219325853115654468e+01
-3.348445856712670832e+01
-3.477900289222014862e+01
-3.607607281213309136e+01
-3.737507674956268033e+01
-3.867529305027355235e+01
-3.997621788255331410e+01
-4.127744445475789803e+01
-4.257850919599307815e+01
-4.387894853536457873e+01
-4.517818534347772186e+01
-4.647586960793869082e+01
-4.777136742010253556e+01
-4.906427198832525960e+01
-5.035406296246237190e+01
-5.164021999236938854e+01
-5.292227950715202667e+01
-5.419966437741562970e+01
-5.547185425301565687e+01
-5.673838556305791059e+01
-5.799873795739787852e+01
-5.925233430664084722e+01
-6.049865426064233986e+01
-6.173723424850810915e+01
-6.296749714084343452e+01
-6.418892258750382496e+01
-6.540104701759506156e+01
-6.660323652247214454e+01
-6.779508431049110584e+01
-6.897595647300698829e+01
-7.014533265987527955e+01
-7.130274930020176782e+01
-7.244751570609126645e+01
-7.357911152739927729e+01
-7.469701641398133063e+01
-7.580053967794225400e+01
-7.688921774838779299e+01
-7.796241671667300466e+01
-7.901972979115386408e+01
-8.006063662168588735e+01
-8.108433296187344297e+01
-8.209097981257481536e+01
-8.308005682364552058e+01
-8.405047585243877961e+01
-8.500171654881010852e+01
-8.593382635511730427e+01
-8.684628492121591137e+01
-8.773857189696143166e+01
-8.860959913970710033e+01
-8.945941409181070014e+01
-9.028692861062549468e+01
-9.109219013850923830e+01
-9.187411053281520878e+01
-9.263273723590120312e+01
-9.336754989762272317e+01
-9.407806358969621385e+01
-9.476393507128162241e+01
-9.542542431590213425e+01
-9.606108791957397841e+01
-9.667175364832266382e+01
-9.725654589066677147e+01
-9.781572462012944413e+01
-9.834954981023383880e+01
-9.885657805699624134e+01
-9.933763712644211807e+01
-9.979241919959234508e+01
-1.002200486649655033e+02
-1.006207854960847072e+02
-1.009943218739708755e+02
-1.013409177721471508e+02
-1.016602653716344236e+02
-1.019514890609512179e+02
-1.022148488136207760e+02
-1.024500368106639172e+02
-1.026578808181061220e+02
-1.028375052244659571e+02
-1.029891700032665938e+02
-1.031131351280312174e+02
-1.032090927797806472e+02
-1.032767351395357736e+02
-1.033168899733221338e+02
-1.033286816696582093e+02
-1.033129379945695234e+02
-1.032682155440722909e+02
-1.031959098766943583e+02
-1.030957131734565024e+02
-1.029667498228773752e+02
-1.028098475909824145e+02
-1.026241308662901730e+02
-1.024109952073284546e+02
-1.021695650026157978e+02
-1.019001002256753878e+02
-1.016028608500303818e+02
-1.012775390567016558e+02
-1.009238270267101143e+02
-1.005431203185834619e+02
-1.001351111133426315e+02
-9.969949159200847077e+01
-9.923652172810409411e+01
-9.874646149515277216e+01
-9.823013865917991438e+01
-9.768667760870408756e+01
-9.711690610975078641e+01
-9.652108413584318214e+01
-9.589947166050440330e+01
-9.525175258388426869e+01
-9.457814547515033610e+01
-9.387999620760366781e+01
-9.315637948453614570e+01
-9.240807338674652271e+01
-9.163528820253129936e+01
-9.083823422018694771e+01
-9.001825731301451583e+01
-8.917443218430589980e+01
-8.830753691485985257e+01
-8.741778179297286044e+01
-8.650537710694142390e+01
-8.557110093756422486e+01
-8.461402798813321624e+01
-8.363550413194946032e+01
-8.263517186480709142e+01
-8.161324147500261006e+01
-8.056992325083250250e+01
-7.950656306559778841e+01
-7.842337120759501090e+01
-7.732055796512059942e+01
-7.619833362647101183e+01
-7.505804406494738146e+01
-7.389989956884612354e+01
-7.272411042646372437e+01
-7.153202251110128884e+01
-7.032327831855296552e+01
-6.909922372211981667e+01
-6.785950121759604770e+01
-6.660602447078500177e+01
-6.533843597748087006e+01
-6.405751381848241977e+01
-6.276290048958381362e+01
-6.145594186408614235e+01
-6.013628043778357579e+01
-5.880412649897258603e+01
-5.746082592095422825e+01
-5.610545340702038430e+01
-5.473992262297444000e+01
-5.336387606461055810e+01
-5.197979519023441952e+01
-5.058732249564020123e+01
-4.918780385412897971e+01
-4.778201734649950083e+01
-4.637130884605288372e+01
-4.495532084858327693e+01
-4.353539922739175694e+01
-4.211175427077480293e+01
-4.068516405953117498e+01
-3.925527108945505717e+01
-3.782394380707604142e+01
-3.639059861181930700e+01
-3.495574226884086499e+01
-3.352044933579902874e+01
-3.208409099284518362e+01
-3.064830959013998779e+01
-2.921190851533249955e+01
-2.777709791108563664e+01
-2.634324895755082352e+01
-2.491086841988404643e+01
-2.348114441424408128e+01
-2.205452692653672386e+01
-2.063169305966865252e+01
-1.921326313729634094e+01
-1.779985748307624860e+01
-1.639209642066485273e+01
-1.499031637746746703e+01
-1.359462666388848895e+01
-1.220530692808301509e+01
-1.082263681820610834e+01
-9.446839203162644694e+00
-8.078080172607236875e+00
-6.716696153945222569e+00
-5.363421029333506951e+00
-4.019102239429486190e+00
-2.684587224890551127e+00
-1.360723426374092382e+00
-4.824472603703772178e-02
1.251944656212998552e+00
2.539110838219076349e+00
3.813030951076356700e+00
5.073368567379506366e+00
6.320014376724135019e+00
7.552745510205386203e+00
8.771282319668173955e+00
9.975515494708117714e+00
1.116505182866963963e+01
1.233938455639675702e+01
1.349772301648230410e+01
1.463944688526980897e+01
1.576376550135211829e+01
1.687005854107276193e+01
1.795759212227480717e+01
1.902568914205155792e+01
2.007401317299770938e+01
2.110207448373229866e+01
2.210957639232518801e+01
2.309611433627079080e+01
2.406132236295364990e+01
2.500482202832329293e+01
2.592628651938644069e+01
2.682555920865852173e+01
2.770252374386214456e+01
2.855706377271989282e+01
2.938906294295436794e+01
3.019843329191327186e+01
3.098505278939419938e+01
3.174874262594448382e+01
3.248915365436077707e+01
3.320593672743972746e+01
3.389868591872776449e+01
3.456699530177132118e+01
3.521051572936702456e+01
3.582878449581108526e+01
3.642156601240061775e+01
3.698885180743365453e+01
3.753091730545936144e+01
3.804775403477580653e+01
3.853963741993215564e+01
3.900661576847667078e+01
3.944890772570832382e+01
3.986661837842559208e+01
4.025956891717582664e+01
4.062769409100683760e+01
4.097075831121573231e+01
4.128869632685031377e+01
4.158121576995746693e+01
4.184830816883523141e+01
4.208973793478071457e+01
4.230543981684171939e+01
4.249529178481581937e+01
4.265922858775082460e+01
4.279707141619408617e+01
4.290881179844362237e+01
4.299427092504677006e+01
4.305344032430159729e+01
4.308648186225680377e+01
4.309361418421134715e+01
4.307516949396463701e+01
4.303125287831518619e+01
4.296219654106241137e+01
4.286816234825503358e+01
4.274942572444221867e+01
4.260614853567271609e+01
4.243843586874500318e+01
4.224656314820829550e+01
4.203063546086104907e+01
4.179081467275202044e+01
4.152731942918014596e+01
4.124025481694392425e+01
4.092982953877646679e+01
4.059621252714744344e+01
4.023944921346020465e+01
3.985975536686879650e+01
3.945723319802683449e+01
3.903198491758787725e+01
3.858416951545576268e+01
3.811405954003477348e+01
3.762187076047894863e+01
3.710787572519256372e+01
3.657234698257990857e+01
3.601555708104526587e+01
3.543777856899289702e+01
3.483922721557687652e+01
3.422023234845170236e+01
3.358112329527187967e+01
3.292211582519146162e+01
3.224365282436542657e+01
3.154595006194781703e+01
3.082933686559313813e+01
3.009414256295592338e+01
2.934086681944133801e+01
2.856989574195414860e+01
2.778172899589955591e+01
2.697680946743252051e+01
2.615569360120847264e+01
2.531876750413215760e+01
2.446653084160878322e+01
2.359942649979330653e+01
2.271784058559046926e+01
2.182221598515525329e+01
2.091293880539238970e+01
1.999050871170708632e+01
1.905525503175385182e+01
1.810767743093787985e+01
1.714821879541414873e+01
1.617743556983809583e+01
1.519577064036467284e+01
1.420378045164932246e+01
1.320196466909724364e+01
1.219076617886341296e+01
1.117074142560325711e+01
1.014244685397220813e+01
9.106495687875920453e+00
8.063387592719610808e+00
7.013735792408928305e+00
5.958153510849533596e+00
4.897197192696862267e+00
3.831366503356120834e+00
2.761388225233424087e+00
1.687660174493455179e+00
6.106270043406879511e-01
-4.694820397614065666e-01
-1.552267374598627736e+00
-2.637442975457273686e+00
-3.724666038373393828e+00
-4.813593759383041792e+00
-5.903712996771567134e+00
-6.994567388074572456e+00
-8.085757350077871664e+00
-9.176883299567293761e+00
-1.026743209482819807e+01
-1.135694737339616722e+01
-1.244514311055749012e+01
-1.353161972309799133e+01
-1.461597762780348653e+01
-1.569781724145980739e+01
-1.677679576010298845e+01
-1.785251360051885783e+01
-1.892462795874347847e+01
-1.999268247231242768e+01
-2.105622077876131115e+01
-2.211490007412615810e+01
-2.316826399594258135e+01
-2.421579940249593221e+01
-2.525722026907249784e+01
-2.629195667470739650e+01
-2.731972259468693309e+01
-2.834003895484658031e+01
-2.935252888367226021e+01
-3.035679279794981156e+01
-3.135242543654001324e+01
-3.233902153830366899e+01
-3.331619344366916380e+01
-3.428357393359490857e+01
-3.524080487371944059e+01
-3.618753721436126369e+01
-3.712341679570638320e+01
-3.804808945794081154e+01
-3.896115561785036618e+01
-3.986234060657137235e+01
-4.075113128238919558e+01
-4.162712806208964622e+01
-4.248981780395811825e+01
-4.333885770403062310e+01
-4.417373462059253342e+01
-4.499404897042968798e+01
-4.579934439107767474e+01
-4.658905096157160131e+01
-4.736276909869729934e+01
-4.812001940514814891e+01
-4.886045746124956679e+01
-4.958377259173493457e+01
-5.028971090058795568e+01
-5.097801849179223410e+01
-5.164861180708213340e+01
-5.230152084669245482e+01
-5.293683239010821495e+01
-5.355446287906377023e+01
-5.415444231379391482e+01
-5.473674391528322758e+01
-5.530145446301671086e+01
-5.584849039872874954e+01
-5.637765460565318421e+01
-5.688892030477460082e+01
-5.738220393782735584e+01
-5.785742194654576309e+01
-5.831443399341395661e+01
-5.875315652016627155e+01
-5.917327885153610367e+01
-5.957454709150712802e+01
-5.995670734406299118e+01
-6.031939215468686655e+01
-6.066240440661265865e+01
-6.098537664532352665e+01
-6.128811175405338929e+01
-6.157092362928815987e+01
-6.183401260901334950e+01
-6.207769258971491411e+01
-6.230227746787879539e+01
-6.250813791924119300e+01
-6.269547428178756832e+01
-6.286460045200390567e+01
-6.301531931312406698e+01
-6.314737696913171305e+01
-6.326057630326072712e+01
-6.335466341949474156e+01
-6.342944120106763251e+01
-6.348471253121329738e+01
-6.352022351391538280e+01
-6.353617448715937854e+01
-6.353276578893078863e+01
-6.351002741946438590e+01
-6.346867072999776838e+01
-6.340838504526431763e+01
-6.332999527500209069e+01
-6.323319074394449757e+01
-6.311822856932725045e+01
-6.298479807588379487e+01
-6.283429196585440479e+01
-6.266639010061040693e+01
-6.248073448807440400e+01
-6.227752546530917499e+01
-6.205696336937754154e+01
-6.181981632984454933e+01
-6.156571689127069646e+01
-6.129429759821646684e+01
-6.100689437274923677e+01
-6.070257196692720214e+01
-6.038153071781314907e+01
-6.004510654747445386e+01
-5.969179641546698889e+01
-5.932350403636046110e+01
-5.893929416221304507e+01
-5.853936713008751269e+01
-5.812505886205126160e+01
-5.769543411016249479e+01
-5.725126100398625795e+01
-5.679273988058535849e+01
-5.632007107702258253e+01
-5.583345493036070195e+01
-5.533365957016481218e+01
-5.482031754099539000e+01
-5.429419697241753084e+01
-5.375549820149399949e+01
-5.320385377278530115e+01
-5.264059960835881213e+01
-5.206593604527732566e+01
-5.147949562810131141e+01
-5.088261427889816702e+01
-5.027435674972605284e+01
-4.965605896265240204e+01
-4.902792125473994389e+01
-4.839014396305152133e+01
-4.774349521715215872e+01
-4.708703976910008748e+01
-4.642268133346496484e+01
-4.575005245480730309e+01
-4.506935347018985283e+01
-4.438135250917771657e+01
-4.368681770133600395e+01
-4.298538159122515623e+01
-4.227838010091258525e+01
-4.156544577495876780e+01
-4.084791453543108730e+01
-4.012541892689004186e+01
-3.939872707890071268e+01
-3.866860712102817388e+01
-3.793525939033523287e+01
-3.719945201638693533e+01
-3.646077665357856290e+01
-3.572036477315128877e+01
-3.497760357867412750e+01
-3.423347009272257679e+01
-3.348803286986842664e+01
-3.274147402318393318e+01
-3.199408922424181156e+01
-3.124617414461477694e+01
-3.049796767662530783e+01
-2.974976549184614072e+01
-2.900186326184998364e+01
-2.825444309970908563e+01
-2.750797101474685391e+01
-2.676257234078531866e+01
-2.601859952864743164e+01
-2.527640502915613396e+01
-2.453617095538368176e+01
-2.379819297890279728e+01
-2.306288032978664759e+01
-2.233035834185726642e+01
-2.160103624518782439e+01
-2.087515293210081424e+01
-2.015300407416894402e+01
-1.943488534296493597e+01
-1.872109241006151592e+01
-1.801203450553183316e+01
-1.730800730094863482e+01
-1.660942002638508086e+01
-1.591651157416366580e+01
-1.522969117435755848e+01
-1.454931127778971600e+01
-1.387561077678260801e+01
-1.320894212215919872e+01
-1.254960098549219616e+01
-1.189788303835432437e+01
-1.125402717306805656e+01
-1.061844261970657222e+01
-9.991368270592374756e+00
-9.373099797298158009e+00
-8.763989650646882623e+00
-8.164390281461493259e+00
-7.574597361314698851e+00
-6.994906561779226095e+00
-6.425670333678015211e+00
-5.867184348583785791e+00
-5.319801057319484272e+00
-4.783759352207593629e+00
-4.259354904820837895e+00
-3.746940165982155513e+00
-3.246754028014034343e+00
-2.759061950758804560e+00
-2.284065326387456629e+00
-1.821821776840135687e+00
-1.372445703307206388e+00
-9.360515069790505960e-01
-5.128103682962636967e-01
-1.027231299487627453e-01
2.939822483726187152e-01
6.772481447277443056e-01
1.047016937176470819e+00
1.403174224528417113e+00
1.745719164093680442e+00
2.074537354681889045e+00
2.389514395102658728e+00
2.690649442666091851e+00
2.977828096181811546e+00
3.251049512959900412e+00
3.510199291809987798e+00
3.755276590042165630e+00
3.986223785716291879e+00
4.202926477641987013e+00
4.405440602379582238e+00
4.593651758738690916e+00
4.767530714404293768e+00
4.927105016311593921e+00
5.072345432145559663e+00
5.203256797141308176e+00
5.319815556908831233e+00
5.422020868758217205e+00
5.509860534149511047e+00
5.583345066242841881e+00
5.642502011973419052e+00
5.687335638783845404e+00
5.717870086854314415e+00
5.734118140514969042e+00
5.736098262020973948e+00
5.723837430515032132e+00
5.697402938407505779e+00
5.656856400183735367e+00
5.602276464104135378e+00
5.533736100504090594e+00
5.451302601793964975e+00
5.355060294159193823e+00
5.245076470010139325e+00
5.121458167232328940e+00
4.984318101636310949e+00
4.833763311107610150e+00
4.669917867306821790e+00
4.492826350944218561e+00
4.302715036330807763e+00
4.099574569568853910e+00
3.883645448180478077e+00
3.654932541479049668e+00
3.413611056528633725e+00
3.159742641892833603e+00
2.893502504635713013e+00
2.615009072571102156e+00
2.324323994262610604e+00
2.021679256024530247e+00
1.707136506420460220e+00
1.380984511014927474e+00
1.043341697621767983e+00
6.943264940548127262e-01
3.341141073781215831e-01
-3.706347609400419824e-02
-4.190878285477346310e-01
-8.117269636687787226e-01
-1.214805674393066415e+00
-1.628205532906767505e+00
-2.051580994395127089e+00
-2.484927189544772652e+00
-2.927898573540952842e+00
-3.380263160069368666e+00
-3.841845742065955971e+00
-4.312243995465735225e+00
-4.791282713204638277e+00
-5.278729908968372797e+00
-5.774183258691958365e+00
-6.277467555311318392e+00
-6.788294033261941252e+00
-7.306430706229527061e+00
-7.831475250149090961e+00
-8.363309237206804525e+00
-8.901530343337675788e+00
-9.445963361477648590e+00
-9.996262746811961364e+00
-1.055213973377609626e+01
-1.111324877755528995e+01
-1.167930111258502990e+01
-1.224995119405055277e+01
-1.282485347713710411e+01
-1.340366241702993655e+01
-1.398608924816451804e+01
-1.457184520497632718e+01
-1.516048254000019746e+01
-1.575169545389653258e+01
-1.634513272392555194e+01
-1.694044880527250996e+01
-1.753729815312264506e+01
-1.813531251096111419e+01
-1.873413635758817009e+01
-1.933353324816479457e+01
-1.993330218486715566e+01
-2.053325352572145945e+01
-2.113317491705383233e+01
-2.173287671689050171e+01
-2.233216190195513562e+01
-2.293082936086541679e+01
-2.352868184322802492e+01
-2.412551914612863513e+01
-2.472114776660444946e+01
-2.531536784241662730e+01
-2.590798405366637880e+01
-2.649878404667981258e+01
-2.708755546778306922e+01
-2.767405757367714614e+01
-2.825807233276314889e+01
-2.883936467966710637e+01
-2.941769954901504391e+01
-2.999287594298314730e+01
-3.056460201694719458e+01
-3.113274490818365337e+01
-3.169694463696803410e+01
-3.225706834057678662e+01
-3.281281281853567577e+01
-3.336398842887090410e+01
-3.391034875035846596e+01
-3.445159058252411199e+01
-3.498758106264428847e+01
-3.551801699024474601e+01
-3.604270872335170850e+01
-3.656135306149092656e+01
-3.707376036268862407e+01
-3.757962742647054455e+01
-3.807876461086290476e+01
-3.857092549464170617e+01
-3.905586365658290049e+01
-3.953327589621228100e+01
-4.000291579230580652e+01
-4.046459370288970803e+01
-4.091800642748972905e+01
-4.136296432413209345e+01
-4.179910741309232236e+01
-4.222635961089709866e+01
-4.264436093782194348e+01
-4.305292175189306647e+01
-4.345179563188644778e+01
-4.384073615657809597e+01
-4.421955368399421360e+01
-4.458794501366054419e+01
-4.494580336663337050e+01
-4.529289918208737475e+01
-4.562931287922818058e+01
-4.595484098101027826e+01
-4.626950712738910454e+01
-4.657316462056936501e+01
-4.686578032125623139e+01
-4.714732109015490380e+01
-4.741769700872034576e+01
-4.767676137915726287e+01
-4.792459462067130005e+01
-4.816105003546717711e+01
-4.838603770499986467e+01
-4.859963804847500057e+01
-4.880164758884705378e+01
-4.899214674532169767e+01
-4.917110237860412525e+01
-4.933842457014925031e+01
-4.949408018066228010e+01
-4.963809285009863714e+01
-4.977037265991324233e+01
-4.989094325006154662e+01
-4.999977148124871462e+01
-5.009682421417991804e+01
-5.018206830956037834e+01
-5.025552740734546120e+01
-5.031722514749061048e+01
-5.036707161145078260e+01
-5.040509043918137877e+01
-5.043136204988804394e+01
-5.044585330427597114e+01
-5.044858784230056870e+01
-5.043958930391723072e+01
-5.041882454983119288e+01
-5.038631721999779955e+01
-5.034220451287297493e+01
-5.028645328916189072e+01
-5.021914396807019898e+01
-5.014024341030306431e+01
-5.004988881431636116e+01
-4.994810382006551208e+01
-4.983485528825571009e+01
-4.971033719659305916e+01
-4.957451640578271679e+01
-4.942747333503035634e+01
-4.926928840354160144e+01
-4.910004203052210414e+01
-4.891975785592727988e+01
-4.872851629896278070e+01
-4.852656811658492586e+01
-4.831398698885607956e+01
-4.809081963926546166e+01
-4.785721961065944896e+01
-4.761328366663418876e+01
-4.735905179153564148e+01
-4.709467752821017683e+01
-4.682025764025394921e+01
-4.653583211201288350e+01
-4.624161126558360735e+01
-4.593757830606182324e+01
-4.562388677629390088e+01
-4.530069021912623128e+01
-4.496802861890473935e+01
-4.462611229772606691e+01
-4.427509479843657658e+01
-4.391507288463243697e+01
-4.354620009916003909e+01
-4.316862998486575265e+01
-4.278251608459598998e+01
-4.238806872044735030e+01
-4.198544143526622463e+01
-4.157478777189901109e+01
-4.115631805244230890e+01
-4.073024259899275989e+01
-4.029671495439674089e+01
-3.985588866150062870e+01
-3.940803082165128757e+01
-3.895329497769509430e+01
-3.849189145172866944e+01
-3.802391700734818869e+01
-3.754969552515069608e+01
-3.706932376873238155e+01
-3.658301206018983009e+01
-3.609102750086992728e+01
-3.559363719211949473e+01
-3.509116501453562620e+01
-3.458376451096469850e+01
-3.407181634125403491e+01
-3.355553082750023464e+01
-3.303517507105014772e+01
-3.251107295250086082e+01
-3.198337801469876140e+01
-3.145241413824093257e+01
-3.091839164522398775e+01
-3.038163441624500294e+01
-2.984229599415035850e+01
-2.930075703878738835e+01
-2.875717109300246221e+01
-2.821197559589310799e+01
-2.766543764880619705e+01
-2.711785154088256888e+01
-2.656927963693772199e+01
-2.601998182733186482e+01
-2.547004766467446402e+01
-2.491956670157504661e+01
-2.436868526989332295e+01
-2.381760648073928266e+01
-2.326636310747218062e+01
-2.271515826120197090e+01
-2.216413827378838874e+01
-2.161339269784094697e+01
-2.106318142371981850e+01
-2.051353722478427599e+01
-1.996483354989499048e+01
-1.941710317241122397e+01
-1.887060598269314582e+01
-1.832548831260051614e+01
-1.778201005249351851e+01
-1.724020397573141494e+01
-1.670038675192462918e+01
-1.616270471293290711e+01
-1.562724741136572248e+01
-1.509427473758329263e+01
-1.456387624419510729e+01
-1.403631182156135893e+01
-1.351178458079200162e+01
-1.299038407449654464e+01
-1.247231341378495273e+01
-1.195788926826763898e+01
-1.144714441130387428e+01
-1.094039551250408238e+01
-1.043773212447776544e+01
-9.939414137585110609e+00
-9.445587883685858444e+00
-8.956513253140194308e+00
-8.472336577807846325e+00
-7.993317748049013183e+00
-7.519546316473176617e+00
-7.051338952690791473e+00
-6.588785209311328828e+00
-6.132144976694994476e+00
-5.681564586701509434e+00
-5.237247150440849097e+00
-4.799452558273190839e+00
-4.368270362808051033e+00
-3.943903675155371324e+00
-3.526669164925596789e+00
-3.116599605477975210e+00
-2.714068445673170515e+00
-2.319165238120675987e+00
-1.932127520383480679e+00
-1.553046639585472732e+00
-1.181991590053335095e+00
-8.190313661137459400e-01
-4.641781828431644774e-01
-1.174442553180331944e-01
2.210446428847269995e-01
5.512762966886732841e-01
8.732384910173445203e-01
1.186805452293840935e+00
1.492021744691931717e+00
1.788761594634712404e+00
2.077012787045724007e+00
2.356763106848517531e+00
2.628000338966644645e+00
2.890541930572961160e+00
3.144489225091476214e+00
3.389716448945277349e+00
3.626211387057915569e+00
3.854018603603163839e+00
4.073012325004116363e+00
4.283237115434552322e+00
4.484623980567785217e+00
4.677160705327366053e+00
4.860778295386611880e+00
5.035578094169536278e+00
5.201434328099223237e+00
5.358391561349450605e+00
5.506448934693817243e+00
5.645565843430754960e+00
5.775747106258878993e+00
5.896991863951785540e+00
6.009321968983162954e+00
6.112736562126602990e+00
6.207246140005748813e+00
6.292872555094287890e+00
6.369609270240788490e+00
6.437483815843963342e+00
6.496512366452476428e+00
6.546726427012552030e+00
6.588156366885407955e+00
6.620831419847268862e+00
6.644774006164318791e+00
6.660019605330300685e+00
6.666601425668946312e+00
6.664564031354036189e+00
6.653980376184463807e+00
6.634900702259030503e+00
6.607386607526585465e+00
6.571494012010953512e+00
6.527274501579397814e+00
6.474779359248016952e+00
6.414044178026300003e+00
6.345138618473876058e+00
6.268109629450280273e+00
6.183009837740073067e+00
6.089891870127814855e+00
5.988796997548017309e+00
5.879863015660586001e+00
5.763051704449711821e+00
5.638551960900507254e+00
5.506439123497622212e+00
5.366845309975941447e+00
5.219789079569881807e+00
5.065459329264560218e+00
4.903874618294397081e+00
4.735167064394270042e+00
4.559468785299064741e+00
4.376911898743663265e+00
4.187514963962483350e+00
3.991466877940641034e+00
3.788899758413016627e+00
3.579832164614030976e+00
3.364452993528795677e+00
3.142894362892193705e+00
2.915288390439106259e+00
2.681823973154647156e+00
2.442576449523463644e+00
2.197791495780902604e+00
1.947487671161383105e+00
1.691853872650016744e+00
1.431078997231917116e+00
1.165295162641964977e+00
8.946912658652731443e-01
6.193994246367240386e-01
3.395517566911975815e-01
5.533715901380698021e-02
-2.330554714103356961e-01
-5.254372375961183783e-01
-8.215624633082003747e-01
-1.121355810061930303e+00
-1.424514822371728551e+00
-1.730907382502719472e+00
-2.040287814219564400e+00
-2.352467220537145298e+00
-2.667256704470348794e+00
-2.984467369034068618e+00
-3.303853537992957445e+00
-3.625226314361904123e+00
-3.948396801155801494e+00
-4.273142745056035530e+00
-4.599392363661179317e+00
-4.926983738986066896e+00
-5.255925290796236382e+00
-5.586055101106526699e+00
-5.917324810432235793e+00
-6.249572500788208806e+00
-6.582749812689748126e+00
-6.916694828151693564e+00
-7.251415966939575242e+00
-7.586637752567778392e+00
-7.922368604801832248e+00
-8.258446605656574846e+00
-8.594766616397082615e+00
-8.931166719038193591e+00
-9.267598554095213714e+00
-9.603900203582981021e+00
-9.940023308016790793e+00
-1.027574917016126577e+01
-1.061097265128147349e+01
-1.094562268019261886e+01
-1.127955437268461836e+01
-1.161262284454737426e+01
-1.194467185572075962e+01
-1.227556219991970288e+01
-1.260513195915904561e+01
-1.293324760507874593e+01
-1.325974154176861930e+01
-1.358448024086862382e+01
-1.390731881816866888e+01
-1.422811806738369000e+01
-1.454673878222861561e+01
-1.486304743434340736e+01
-1.517689913951796932e+01
-1.548815469146724055e+01
-1.579668623975620001e+01
-1.610233186639968395e+01
-1.640494384822509844e+01
-1.670437616543734194e+01
-1.700047598473129185e+01
-1.729309501514185143e+01
-1.758207531323137829e+01
-1.786727767271480261e+01
-1.814854017560696064e+01
-1.842571225977274452e+01
-1.869863768515201841e+01
-1.896716588960966732e+01
-1.923114063308556254e+01
-1.949040567551955760e+01
-1.974481045477654817e+01
-1.999422870175697398e+01
-2.023860860780342463e+01
-2.047791130144400640e+01
-2.071210358913183569e+01
-2.094117498902013708e+01
-2.116505824001188074e+01
-2.138368608101006174e+01
-2.159712184319320372e+01
-2.180520174073888029e+01
-2.200798910482562576e+01
-2.220532014963101730e+01
-2.239725820633358211e+01
-2.258369626836114108e+01
-2.276458410839174817e+01
-2.293992827835368686e+01
-2.310973533017524773e+01
-2.327389825728424100e+01
-2.343242361160896436e+01
-2.358531794507770485e+01
-2.373247425111827269e+01
-2.387401264015942104e+01
-2.400976932637875549e+01
-2.413980764095477483e+01
-2.426402057731529638e+01
-2.438247146663885445e+01
-2.449511008160349945e+01
-2.460188619488727468e+01
-2.470274957916825187e+01
-2.479782034487515574e+01
-2.488693470618559545e+01
-2.497021277352831703e+01
-2.504754754033113784e+01
-2.511900233777257085e+01
-2.518452693853066648e+01
-2.524418467378396258e+01
-2.529786853696025517e+01
-2.534569863848830806e+01
-2.538756797179594216e+01
-2.542353986806166688e+01
-2.545367765846400587e+01
-2.547787433643077293e+01
-2.549619323314048458e+01
-2.550869767977166802e+01
-2.551533744900236655e+01
-2.551611909276086720e+01
-2.551116272147590891e+01
-2.550041810782554919e+01
-2.548389180373809282e+01
-2.546164714039202082e+01
-2.543369066971564507e+01
-2.540008358431490620e+01
-2.536087852250549801e+01
-2.531606920478030887e+01
-2.526564935163224490e+01
-2.520972624205466417e+01
-2.514835037579068810e+01
-2.508145869408298623e+01
-2.500915847592490593e+01
-2.493150022105959707e+01
-2.484853442923016686e+01
-2.476031160017975097e+01
-2.466682545440124130e+01
-2.456824005013823609e+01
-2.446454910788361659e+01
-2.435574634813028894e+01
-2.424199582912184425e+01
-2.412334805060140042e+01
-2.399979673306186001e+01
-2.387144915549657753e+01
-2.373835581764868508e+01
-2.360062399851153714e+01
-2.345830419782825871e+01
-2.331156047384244090e+01
-2.316038654704697919e+01
-2.300494647568546114e+01
-2.284534753875124480e+01
-2.268164023598745160e+01
-2.251393184638745382e+01
-2.234232964894459172e+01
-2.216688414340200453e+01
-2.198775938800327268e+01
-2.180506266174175778e+01
-2.161878768511035176e+01
-2.142915529560287879e+01
-2.123621599296246387e+01
-2.104007705618245794e+01
-2.084095932275669227e+01
-2.063891329242828121e+01
-2.043404624419059346e+01
-2.022652223628720591e+01
-2.001644854771148019e+01
-1.980393245745678144e+01
-1.958919480301690896e+01
-1.937222930488478312e+01
-1.915325680055419966e+01
-1.893238456901853439e+01
-1.870977666852136068e+01
-1.848548359880581415e+01
-1.825978297661593786e+01
-1.803272530169487098e+01
-1.780451376363212290e+01
-1.757516740189961268e+01
-1.734485794581563667e+01
-1.711358678694782398e+01
-1.688141209611401194e+01
-1.664844882338227094e+01
-1.641464158106999349e+01
-1.618016209849549014e+01
-1.594501176722636870e+01
-1.570924875808047538e+01
-1.547298802112589300e+01
-1.523628772718046065e+01
-1.499920604706202454e+01
-1.476174437233820669e+01
-1.452413121157753295e+01
-1.428636795634762713e+01
-1.404851277746633009e+01
-1.381073740425195417e+01
-1.357298644902187590e+01
-1.333548842034464421e+01
-1.309824470978786870e+01
-1.286137026741961265e+01
-1.262503682255820259e+01
-1.238918898752101327e+01
-1.215405527087658122e+01
-1.191963706419252844e+01
-1.168604931753692355e+01
-1.145340698097784227e+01
-1.122182500458337095e+01
-1.099130477992110855e+01
-1.076201803630937803e+01
-1.053402294456601140e+01
-1.030743445475909503e+01
-1.008231073770646979e+01
-9.858823522726448019e+00
-9.637087759887092986e+00
-9.417161620006263334e+00
-9.199273611652492022e+00
-8.983425126393393967e+00
-8.769787893547265512e+00
-8.558420083931970623e+00
-8.349550206116035156e+00
-8.143122872416842739e+00
-7.939309812152703039e+00
-7.738225975391695322e+00
-7.539986312201890861e+00
-7.344592214150909015e+00
-7.152328969057510477e+00
-6.963141189239085094e+00
-6.777257383264171153e+00
-6.594720846798926672e+00
-6.415628933403240808e+00
-6.239950562984859062e+00
-6.067711434701747564e+00
-5.898994026962116166e+00
-5.733710480423479972e+00
-5.572000052744265908e+00
-5.413831663832222141e+00
-5.259231012845318354e+00
-5.108167019691299160e+00
-4.960722162778371747e+00
-4.816865362014273622e+00
-4.676735875057442371e+00
-4.540245842565388656e+00
-4.407420963696091043e+00
-4.278400496107973794e+00
-4.153096580458559117e+00
-4.031591695156045319e+00
-3.913854760108180564e+00
-3.799968253723162714e+00
-3.689957875158966338e+00
-3.583735765073106538e+00
-3.481384401873786949e+00
-3.382929484718980806e+00
-3.288339933516426949e+00
-3.197698226674334787e+00
-3.110916504850216757e+00
-3.028077246452271165e+00
-2.949149371388251062e+00
-2.874215358066346315e+00
-2.803187347144080910e+00
-2.736204596279884438e+00
-2.673122466881041159e+00
-2.614023437355754265e+00
-2.558933206861995213e+00
-2.507763916057277775e+00
-2.460654822600037317e+00
-2.417461287897555877e+00
-2.378322569608267933e+00
-2.343094029139453749e+00
-2.311858144899319178e+00
-2.284583836795605727e+00
-2.261296803986288406e+00
-2.241965966379110053e+00
-2.226560243881813062e+00
-2.215048556402140711e+00
-2.207513382348296638e+00
-2.203923641628024566e+00
-2.204134695648606090e+00
-2.208285802068477466e+00
-2.216284080946651525e+00
-2.228124450523600419e+00
-2.243802486366318849e+00
-2.263291052341709353e+00
-2.286557334391654539e+00
-2.313579874308078654e+00
-2.344325858032864307e+00
-2.378768149432914036e+00
-2.416885290300154754e+00
-2.458644466576466847e+00
-2.504007186278708108e+00
-2.552929279498712845e+00
-2.605377932178361000e+00
-2.661314652334511699e+00
-2.720695270058998361e+00
-2.783475615443654849e+00
-2.849622874430362884e+00
-2.919081521260911138e+00
-2.991801708102110435e+00
-3.067733587120772043e+00
-3.146827310483707230e+00
-3.229027352432705111e+00
-3.314289543059601328e+00
-3.402558356606181444e+00
-3.493761233539166788e+00
-3.587842648100345588e+00
-3.684724362831414801e+00
-3.784339496124115687e+00
-3.886626844295213434e+00
-3.991519525736451524e+00
-4.098939302989526468e+00
-4.208813616521155154e+00
-4.321069906798060245e+00
-4.435624258436914324e+00
-4.552404111904434281e+00
-4.671325551817296251e+00
-4.792316018642218900e+00
-4.915291596995873924e+00
-5.040168371494937460e+00
-5.166851070906034238e+00
-5.295250101920816022e+00
-5.425270193305910205e+00
-5.556821751752965000e+00
-5.689815183953633060e+00
-5.824149540749517406e+00
-5.959735228832269804e+00
-6.096471299043491499e+00
-6.234251124299767355e+00
-6.372979433367722102e+00
-6.512549599163937053e+00
-6.652884970483404992e+00
-6.793937952834401273e+00
-6.935673893828536052e+00
-7.078052463152404883e+00
-7.221021974642550134e+00
-7.364553453835610775e+00
-7.508600892493156209e+00
-7.653118282376752290e+00
-7.798065293172993684e+00
-7.943395916643448906e+00
-8.089058466624658550e+00
-8.235001256953175641e+00
-8.381183957315586852e+00
-8.527554881548441656e+00
-8.674062343488278870e+00
-8.820654656971651519e+00
-8.967280135835101973e+00
-9.113870060140104812e+00
-9.260372743723209510e+00
-9.406725144570913244e+00
-9.552864220669713191e+00
-9.698732607931139782e+00
-9.844267264341683088e+00
-9.989405147887847392e+00
-1.013407186070608468e+01
-1.027820436078289923e+01
-1.042173392817976030e+01
-1.056459184295814957e+01
-1.070670938517953985e+01
-1.084801783490541283e+01
-1.098844847219723775e+01
-1.112792689919147548e+01
-1.126637871802457269e+01
-1.140374088668303720e+01
-1.153994468522833650e+01
-1.167490435994688269e+01
-1.180856254675020089e+01
-1.194082781399966997e+01
-1.207162008590671931e+01
-1.220085928668278719e+01
-1.232846534053929766e+01
-1.245434681583763670e+01
-1.257842931471425985e+01
-1.270063276138059472e+01
-1.282086572419802728e+01
-1.293905380530301130e+01
-1.305512260683199521e+01
-1.316899205299641729e+01
-1.328058206800770691e+01
-1.338980689815226377e+01
-1.349660379826171486e+01
-1.360094527809828158e+01
-1.370279846634430321e+01
-1.380222701640748184e+01
-1.389909585431973404e+01
-1.399346863348878678e+01
-1.408535222807211440e+01
-1.417463995372674823e+01
-1.426139546386040990e+01
-1.434562563263057555e+01
-1.442722377569428183e+01
-1.450619676720901374e+01
-1.458260826058248583e+01
-1.465635157147172229e+01
-1.472749035328445011e+01
-1.479597470092791589e+01
-1.486175470930938047e+01
-1.492489403183656371e+01
-1.498528598416648627e+01
-1.504299421970687334e+01
-1.509796883336497508e+01
-1.515021669929828008e+01
-1.519968791241404560e+01
-1.524638934686976022e+01
-1.529032787682290540e+01
-1.533151037643097681e+01
-1.536983016135099334e+01
-1.540540766424090791e+01
-1.543813620075774473e+01
-1.546802264505899238e+01
-1.549507387130213587e+01
-1.551929675364465844e+01
-1.554069816624405398e+01
-1.555922820400757800e+01
-1.557489374109271552e+01
-1.558770165165695509e+01
-1.559760203060755401e+01
-1.560465853135222503e+01
-1.560882124879823074e+01
-1.561015383635328391e+01
-1.560860638892464713e+01
-1.560412900141956882e+01
-1.559684210649600189e+01
-1.558663901981097766e+01
-1.557358339477220177e+01
-1.555762532628694395e+01
-1.553882846776290805e+01
-1.551714291410736024e+01
-1.549257553947778554e+01
-1.546518999728190202e+01
-1.543493671335052042e+01
-1.540182421645891786e+01
-1.536591814555615620e+01
-1.532722736034106781e+01
-1.528570394126225906e+01
-1.524147030651901424e+01
-1.519453531581017280e+01
-1.514479427033410630e+01
-1.509242636754033207e+01
-1.503732690862722698e+01
-1.497961831179408421e+01
-1.491925265748950302e+01
-1.485629558466254529e+01
-1.479075595301204693e+01
-1.472264262223683851e+01
-1.465202123128598011e+01
-1.457890063985831119e+01
-1.450334648690288653e+01
-1.442536763211854378e+01
-1.434502971445433950e+01
-1.426228481435888362e+01
-1.417731212928169349e+01
-1.409000696042114242e+01
-1.400043494672629585e+01
-1.390871850639643803e+01
-1.381480971988017892e+01
-1.371877422612658393e+01
-1.362067766408470781e+01
-1.352052889345338649e+01
-1.341839355318168359e+01
-1.331433728221865742e+01
-1.320842571951337341e+01
-1.310072450401489874e+01
-1.299124249542205689e+01
-1.288004533268391505e+01
-1.276719865474953686e+01
-1.265276810056798240e+01
-1.253681930908831532e+01
-1.241936114000936620e+01
-1.230051601153043173e+01
-1.218029278335034071e+01
-1.205875709441816035e+01
-1.193603136293317668e+01
-1.181206766934399788e+01
-1.168704521110014660e+01
-1.156097284790044988e+01
-1.143391621869397490e+01
-1.130599774168001304e+01
-1.117722627655739664e+01
-1.104772424152541888e+01
-1.091749123373406505e+01
-1.078666013788864575e+01
-1.065518423839492357e+01
-1.052307359890890126e+01
-1.039039506233680399e+01
-1.025715869233463451e+01
-1.012343133180861621e+01
-9.989166265164527658e+00
-9.854430335308588695e+00
-9.719233605896803851e+00
-9.583586140585170554e+00
-9.447554782279917518e+00
-9.311149594637040394e+00
-9.174437420562775003e+00
-9.037428323713115219e+00
-8.900189146994291534e+00
-8.762786733312536214e+00
-8.625231146323844911e+00
-8.487589228934446339e+00
-8.349927824050572767e+00
-8.212200216077990333e+00
-8.074530027173160818e+00
-7.936984100242310269e+00
-7.799515719691208382e+00
-7.662191728426087423e+00
-7.525135748603402952e+00
-7.388301064628926440e+00
-7.251754519408883048e+00
-7.115562955849506821e+00
-6.979793216857024696e+00
-6.844455366087435877e+00
-6.709673025697199478e+00
-6.575456259342314702e+00
-6.441871909929011153e+00
-6.308930041113287146e+00
-6.176754275051605347e+00
-6.045297896149725680e+00
-5.914741305814348316e+00
-5.785037788451235841e+00
-5.656310966216850922e+00
-5.528570902767190987e+00
-5.401884441008483861e+00
-5.276318423846959149e+00
-5.151939694188847341e+00
-5.028815094940379815e+00
-4.906954689757550447e+00
-4.786538880047054079e+00
-4.667577729464887248e+00
-4.550138080917273342e+00
-4.434229998060222222e+00
-4.319968061431574746e+00
-4.207317126594271706e+00
-4.096289786742866923e+00
-3.986955414322145952e+00
-3.879213044026208923e+00
-3.773188827550067792e+00
-3.668781799587819581e+00
-3.566118111834485127e+00
-3.465153578234383858e+00
-3.365844012731845858e+00
-3.268315567021887524e+00
-3.172467275798603215e+00
-3.078425290757010657e+00
-2.986145425841434164e+00
-2.895583494996202045e+00
-2.806865649916327143e+00
-2.719890925295910478e+00
-2.634785472829965336e+00
-2.551448327212589184e+00
-2.469948860888563580e+00
-2.390299667052452115e+00
-2.312513338898804616e+00
-2.236602469622180678e+00
-2.162522873166906834e+00
-2.090343921977768638e+00
-2.020021429999089957e+00
-1.951624769675659232e+00
-1.885166534202030286e+00
-1.820602537522534536e+00
-1.758002152081953762e+00
-1.697321191824612940e+00
-1.638629029195302289e+00
-1.581938257388576741e+00
-1.527204690348760607e+00
-1.474497700520642773e+00
-1.423773101848547329e+00
-1.375043487527030317e+00
-1.328321450750649113e+00
-1.283619584713958206e+00
-1.240950482611516303e+00
-1.200269958387646829e+00
-1.161647384487140000e+00
-1.125095354104546308e+00
-1.090512901933967216e+00
-1.058026179670414235e+00
-1.027591001258217007e+00
-9.991858923417924476e-01
-9.728461578157883149e-01
-9.485616791746688259e-01
-9.263280158379211260e-01
-9.061453664874488112e-01
-8.880097751547308960e-01
-8.719105692836139898e-01
-8.578484321679933355e-01
-8.458070133266949453e-01
-8.357699622785428328e-01
-8.277379623174319079e-01
-8.216946629621867393e-01
-8.176350695816801961e-01
-8.155371537697139184e-01
-8.153959208951581106e-01
-8.172006984018629350e-01
-8.209181020335830636e-01
-8.265488150842139614e-01
-8.340594532975109665e-01
-8.434393441173233530e-01
-8.546664591374528719e-01
-8.677301258017473540e-01
-8.826026377789868427e-01
-8.992562887379503822e-01
-9.176747281974630965e-01
-9.378302498263041409e-01
-9.597008252182761545e-01
-9.832644259671816656e-01
-1.008493345741799052e+00
-1.035359878210908358e+00
-1.063841994968311333e+00
-1.093906311757764316e+00
-1.125519444323023199e+00
-1.158665042182913885e+00
-1.193309721081192709e+00
-1.229425774686638162e+00
-1.266968462892961167e+00
-1.305910079368940213e+00
-1.346217239858332082e+00
-1.387845204254846809e+00
-1.430760588302240732e+00
-1.474924329819246704e+00
-1.520303044549621285e+00
-1.566857670312097328e+00
-1.614543467000385535e+00
-1.663315694508195275e+00
-1.713140968579283774e+00
-1.763970574559844406e+00
-1.815768289231121324e+00
-1.868489940279328465e+00
-1.922089652013169836e+00
-1.976519277571343158e+00
-2.031731237885046060e+00
-2.087678521677980292e+00
-2.144319875491923266e+00
-2.201638780518469396e+00
-2.259624475767290086e+00
-2.318261657908037510e+00
-2.377532809219605969e+00
-2.437420525539389260e+00
-2.497907800159533842e+00
-2.558977342475933892e+00
-2.620612145780735425e+00
-2.682793727105578618e+00
-2.745502070442346287e+00
-2.808713923365660836e+00
-2.872408872412651970e+00
-2.936564232950443998e+00
-3.001158455931164148e+00
-3.066169992306939207e+00
-3.131574454067386881e+00
-3.197342343069599302e+00
-3.263440754415660727e+00
-3.329837918792656115e+00
-3.396502066887669535e+00
-3.463399726010283342e+00
-3.530500262432587633e+00
-3.597770203464158989e+00
-3.665178347584588714e+00
-3.732691789895955736e+00
-3.800278761085348123e+00
-3.867906924047347150e+00
-3.935544509469041774e+00
-4.003158612452511811e+00
-4.070716498437588093e+00
-4.138179811718332601e+00
-4.205509344900049129e+00
-4.272665720250293120e+00
-4.339609957491370906e+00
-4.406301883981336154e+00
-4.472703087234997099e+00
-4.538774416636909059e+00
-4.604475018194122526e+00
-4.669764605706187233e+00
-4.734604596350163064e+00
-4.798953000548093151e+00
-4.862770667684535475e+00
-4.926017879351542561e+00
-4.988652645971158428e+00
-5.050629003417912877e+00
-5.111902123151336852e+00
-5.172418659743430958e+00
-5.232140598163755207e+00
-5.291015728569313126e+00
-5.349010008115869574e+00
-5.406099604778993317e+00
-5.462290209383058759e+00
-5.517570478977376958e+00
-5.571934748536272686e+00
-5.625388708884123901e+00
-5.677921017070239884e+00
-5.729526008068948961e+00
-5.780198016854582121e+00
-5.829931378401469466e+00
-5.878714749758916724e+00
-5.926542465901256662e+00
-5.973397505952770636e+00
-6.019279882812814009e+00
-6.064178253530692508e+00
-6.108075597230692821e+00
-6.150971926812164092e+00
-6.192850221399393007e+00
-6.233704815966709667e+00
-6.273530045488441509e+00
-6.312314567013900479e+00
-6.350041359667367935e+00
-6.386710436348198350e+00
-6.422304776180673969e+00
-6.456824392064148377e+00
-6.490252263122906484e+00
-6.522582724331278392e+00
-6.553810110663595978e+00
-6.583917401244137935e+00
-6.612898931047241469e+00
-6.640743357122209645e+00
-6.667445014443371676e+00
-6.692992560060037732e+00
-6.717374651021512655e+00
-6.740579944377105726e+00
-6.762597097176122674e+00
-6.783426122317915308e+00
-6.803049998926770314e+00
-6.821463061977016018e+00
-6.838665324368007781e+00
-6.854639765224028736e+00
-6.869386397444432468e+00
-6.882888200153502112e+00
-6.895150864175610295e+00
-6.906157368635049920e+00
-6.915913404356190064e+00
-6.924401950463319189e+00
-6.931617341930763843e+00
-6.937565269582902872e+00
-6.942228712544018521e+00
-6.945609099036073708e+00
-6.947707840646453192e+00
-6.948527764285143959e+00
-6.948083052712179963e+00
-6.946370854912535364e+00
-6.943405353646244116e+00
-6.939183697898273273e+00
-6.933720070428657678e+00
-6.927017298147390534e+00
-6.919083885889485863e+00
-6.909928338489956801e+00
-6.899564838708835524e+00
-6.887996213456119676e+00
-6.875230967566819729e+00
-6.861277605875948815e+00
-6.846178700768661862e+00
-6.829874621979690197e+00
-6.812430653594283569e+00
-6.793826910822335030e+00
-6.774157067374209973e+00
-6.753344459209571937e+00
-6.731425980788551477e+00
-6.708438526571277372e+00
-6.684362211767646222e+00
-6.659233930837789472e+00
-6.633090578241835900e+00
-6.605912269189682995e+00
-6.577735898141456872e+00
-6.548598359557290749e+00
-6.518479768647081229e+00
-6.487360240620724916e+00
-6.455333449188585426e+00
-6.422436288810787097e+00
-6.388592095447002350e+00
-6.353894542807585921e+00
-6.318323746102439742e+00
-6.281973379041918548e+00
-6.244766777585697426e+00
-6.206797615444127558e+00
-6.168046007827113542e+00
-6.128605628445011888e+00
-6.088456592507722753e+00
-6.047579015225140076e+00
-6.006123349557859648e+00
-5.963956152215314610e+00
-5.921227876158097203e+00
-5.877918636596103141e+00
-5.834122107239693378e+00
-5.789761624048535005e+00
-5.744874081482759465e+00
-5.699605719806680959e+00
-5.653802032248380627e+00
-5.607644974841049290e+00
-5.560975828116494490e+00
-5.513919768857676651e+00
-5.466431636096863222e+00
-5.418523048116552943e+00
-5.370205623199248102e+00
-5.321490979627442997e+00
-5.272447514933871204e+00
-5.223030068150799288e+00
-5.173193478310495586e+00
-5.123062922195921409e+00
-5.072650018089576385e+00
-5.021852825773495788e+00
-4.970796522030641817e+00
-4.919435945893281925e+00
-4.867782715643917513e+00
-4.815905228815275052e+00
-4.763815103689855057e+00
-4.711467179299926755e+00
-4.658929853178219282e+00
-4.606214743607229600e+00
-4.553333468869458223e+00
-4.500354426497636950e+00
-4.447232455524030570e+00
-4.393979174231139595e+00
-4.340719759401925337e+00
-4.287409050068654359e+00
-4.234058664513827175e+00
-4.180737000270172032e+00
-4.127398896369958159e+00
-4.074112750345916467e+00
-4.020890180480543030e+00
-3.967742805056339250e+00
-3.914739021606032932e+00
-3.861890448412124144e+00
-3.809151924506881670e+00
-3.756648626673264157e+00
-3.704392173193771676e+00
-3.652337403100673452e+00
-3.600552713926696846e+00
-3.549106503204573215e+00
-3.498010389216801741e+00
-3.447219210995648986e+00
-3.396858145324076261e+00
-3.346882031234351018e+00
-3.297359266259205501e+00
-3.248301468681135784e+00
-3.199777036032871891e+00
-3.151736283884282397e+00
-3.104281771706315585e+00
-3.057341197756829665e+00
-3.011012598044374933e+00
-2.965166891576576091e+00
-2.919902114361982548e+00
-2.875259523158913311e+00
-2.831166816225224814e+00
-2.787665250319236510e+00
-2.744682523698804388e+00
-2.702373451622709588e+00
-2.660608953098578588e+00
-2.619487064134957244e+00
-2.578935482989707317e+00
-2.539052245671375996e+00
-2.499765050437818381e+00
-2.461115154047355702e+00
-2.423087034008074792e+00
-2.385778726328525501e+00
-2.349061150016332089e+00
-2.313032341080046628e+00
-2.277676777027753729e+00
-2.243035714617773291e+00
-2.209093631358193033e+00
-2.175835004757102453e+00
-2.143301091572817008e+00
-2.111476369313425749e+00
-2.080379383037155971e+00
-2.050028677802233634e+00
-2.020431442816835066e+00
-1.991589189364123103e+00
-1.963509106652272518e+00
-1.936204061814489785e+00
-1.909675566133929525e+00
-1.883936486743798877e+00
-1.858994012852272615e+00
-1.834866689517580474e+00
-1.811561705947901446e+00
-1.789086251351415413e+00
-1.767447514936302033e+00
-1.746664041760788821e+00
-1.726743021033054326e+00
-1.707685964036256054e+00
-1.689500059978573443e+00
-1.672198175993212077e+00
-1.655787501288348063e+00
-1.640269547147142015e+00
-1.625657180702794635e+00
-1.611951913238464096e+00
-1.599166611887353540e+00
-1.587305471439457216e+00
-1.576355031087001590e+00
-1.566315869379098613e+00
-1.557165853164765412e+00
-1.548899883068092009e+00
-1.541501503863119016e+00
-1.534965616173933345e+00
-1.529270086849555232e+00
-1.524404138589048774e+00
-1.520362672016501548e+00
-1.517123553980932460e+00
-1.514676007181406270e+00
-1.513009254316987295e+00
-1.512106840161718146e+00
-1.511957987414663140e+00
-1.512546240849862667e+00
-1.513860823166384151e+00
-1.515890957063290356e+00
-1.518614509389600187e+00
-1.522020702844379292e+00
-1.526087404276645909e+00
-1.530809514310486952e+00
-1.536159221869899172e+00
-1.542125749653947109e+00
-1.548692642436672040e+00
-1.555837767067093536e+00
-1.563544668319252207e+00
-1.571796890967190441e+00
-1.580577979784949960e+00
-1.589860123696526628e+00
-1.599638223326007358e+00
-1.609884467597388458e+00
-1.620582401284711649e+00
-1.631709891236995613e+00
-1.643244804303259032e+00
-1.655170685257542962e+00
-1.667465400948867416e+00
-1.680101140301226925e+00
-1.693061448088663434e+00
-1.706324191160195847e+00
-1.719867236364843066e+00
-1.733662772626600512e+00
-1.747688666794486645e+00
-1.761922785717521034e+00
-1.776342996244721029e+00
-1.790915809375060563e+00
-1.805630447807603289e+00
-1.820447744616299213e+00
-1.835351244575190721e+00
-1.850307458683249306e+00
-1.865302780506100877e+00
-1.880346354625749505e+00
-1.895472886115873612e+00
-1.910705724200108202e+00
-1.926056862252039981e+00
-1.941555327420324772e+00
-1.957218791003574099e+00
-1.973076280150443340e+00
-1.989145466159543796e+00
-2.005444020329485433e+00
-2.021995291883901924e+00
-2.038822630046426720e+00
-2.055938028190646971e+00
-2.073364835540196793e+00
-2.091120723393685488e+00
-2.109223363049724131e+00
-2.127690425806923358e+00
-2.146539582963893356e+00
-2.165788505819244314e+00
-2.185454865671586422e+00
-2.205550655894508161e+00
-2.226093547786619276e+00
-2.247101212646529955e+00
-2.268585643847827793e+00
-2.290570190614146462e+00
-2.313061168394049627e+00
-2.336070570561126214e+00
-2.359616068413984635e+00
-2.383703977401190777e+00
-2.408357646746377423e+00
-2.433572036048063048e+00
-2.459376172454903919e+00
-2.485776371415464592e+00
-2.512778948378310062e+00
-2.540401574642049631e+00
-2.568650565655247409e+00
-2.597537914791492319e+00
-2.627081293349394553e+00
-2.657281338852494290e+00
-2.688150044674379124e+00
-2.719699404188637093e+00
-2.751935732843831861e+00
-2.784871024013552354e+00
-2.818505915221338309e+00
-2.852852399840777320e+00
-2.887922471245456979e+00
-2.923716766958919244e+00
-2.960247280354750821e+00
-2.997520326881515818e+00
-3.035542221987779676e+00
