# d_z
1.000000000000000000e+00
9.531207517014556041e-01
9.078385233056865955e-01
8.645490904034666135e-01
8.234975407753645227e-01
7.848067246734005131e-01
7.485056332148600777e-01
7.145551174684959816e-01
6.828697921148221273e-01
6.533348963214301586e-01
6.258196320427101833e-01
6.001860762075911238e-01
5.762960772548981758e-01
5.540153238551074333e-01
5.332157729658584255e-01
5.137777802787766301e-01
4.955899412799274484e-01
4.785498847876499817e-01
4.625636477881964748e-01
4.475456760784812804e-01
4.334179192180128148e-01
4.201094792715216464e-01
4.075558896315446544e-01
3.956986831841928787e-01
3.844847200871056025e-01
3.738656561490908414e-01
3.637976596938949370e-01
3.542406792931044324e-01
3.451583351824937251e-01
3.365174145084509072e-01
3.282875583823456900e-01
