# da
0.000000000000000000e+00
3.709083288932534970e+02
6.654771345152782942e+02
9.008139515694530246e+02
1.089439551623090438e+03
1.240777176352817833e+03
1.362074874167816233e+03
1.459001431873243291e+03
1.536047263124343999e+03
1.596804288391088676e+03
1.644167779083225696e+03
1.680485899242737787e+03
1.707672896880090775e+03
1.727296210702339067e+03
1.740644355139110758e+03
1.748780339745116180e+03
1.752584024732062744e+03
1.752785909881355565e+03
1.749994228009419203e+03
1.744716767130136759e+03
1.737378518090331909e+03
1.728335999936497728e+03
1.717888929884729805e+03
1.706289761607758464e+03
1.693751512426939371e+03
1.680454195035907333e+03
1.666550133374911866e+03
1.652168360057681411e+03
1.637418268296806900e+03
1.622392652962245620e+03
1.607170250063005369e+03
