# f_z
4.754329011264469274e-01
5.331726211333659426e-01
5.865254439757330296e-01
6.350152716517775131e-01
6.784979267432329486e-01
7.170816463939138075e-01
7.510465700837957170e-01
7.807742956819440083e-01
8.066930636155114076e-01
8.292386595087422041e-01
8.488294156966079695e-01
8.658515292551156595e-01
8.806524411527039131e-01
8.935389411727451270e-01
9.047784547603945349e-01
9.146019906961702084e-01
9.232079205397906163e-01
9.307658892916951254e-01
9.374206626458940761e-01
9.432956016526814480e-01
9.484958625141953759e-01
9.531111211285092644e-01
9.572178722209835344e-01
9.608815085915025644e-01
9.641580931201892968e-01
9.670956900913898480e-01
9.697356363558836678e-01
9.721135709598427432e-01
9.742602987721216135e-01
9.762024564537400417e-01
9.779632463807309550e-01
