# fsigma_8
3.754918438985293538e-01
4.014197622944282728e-01
4.206807472193975772e-01
4.338173917843749505e-01
4.415918996285828069e-01
4.448559420649402241e-01
4.444552688047933020e-01
4.411693570451349355e-01
4.356803073024429485e-01
4.285625357130840585e-01
4.202858352411972254e-01
4.112255389719662313e-01
4.016757842320521910e-01
3.918631820478066241e-01
3.819595285485891667e-01
3.720929458546538560e-01
3.623572256253684287e-01
3.528194886646594530e-01
3.435263221362941377e-01
3.345086438845947807e-01
3.257855122710267004e-01
3.173671020763195183e-01
3.092569618575179424e-01
3.014538106835985554e-01
2.939528717757293741e-01
2.867468942081008443e-01
2.798269380809831897e-01
2.731829635503883469e-01
2.668042716670587233e-01
2.606798293041643344e-01
2.547985277167119089e-01
