# h
7.199999999998763656e+01
7.505432876239694906e+01
7.856133106523442677e+01
8.251266633363111680e+01
8.689461390191159751e+01
9.168988291461046458e+01
9.687916969278468571e+01
1.024423875951662097e+02
1.083595655508713378e+02
1.146114542905670532e+02
1.211798976675207058e+02
1.280480282982383926e+02
1.352003397145654446e+02
1.426226768255466766e+02
1.503021759895161154e+02
1.582271769329864810e+02
1.663871216011314402e+02
1.747724497123615208e+02
1.833744970174049342e+02
1.921853996824151238e+02
2.011980065090329504e+02
2.104057996154344607e+02
2.198028235368631442e+02
2.293836223212094865e+02
2.391431839960319508e+02
2.490768917003878187e+02
2.591804807626107277e+02
2.694500010339422715e+02
2.798817838385181744e+02
2.904724129605674534e+02
3.012186991524587256e+02
