# sigma_8
7.897893540999656459e-01
7.528889263689677591e-01
7.172421103641035689e-01
6.831605650301065813e-01
6.508375077109063156e-01
6.203700015222086694e-01
5.917812376870379421e-01
5.650408312427969149e-01
5.400818811429600741e-01
5.168144668592431490e-01
4.951358040487813250e-01
4.749377059202515849e-01
4.561115889331897599e-01
4.385518794888749183e-01
4.221580725524023969e-01
4.068359238661035659e-01
3.924979601707724863e-01
3.790636213937234600e-01
3.664590890995321204e-01
3.546169867627134709e-01
3.434759445417727708e-01
3.329801688816182437e-01
3.230789675290588470e-01
3.137263106722505968e-01
3.048803654434356636e-01
2.965031249193174068e-01
2.885600235673811964e-01
2.810195965895772030e-01
2.738531704548744505e-01
2.670345967486482675e-01
2.605399831329819338e-01
