2.453070383996126225e+01
2.411677810267341115e+01
2.356530354444094755e+01
2.289415453997134975e+01
2.212063643007895664e+01
2.126157464820850862e+01
2.033292400171710668e+01
1.935001884421577145e+01
1.832711464167460136e+01
1.727774071251425170e+01
1.621422440558070122e+01
1.514809730166594370e+01
1.408966000621417969e+01
1.304838491716552085e+01
1.203251648501761828e+01
1.104948578759900357e+01
1.010555292040576347e+01
9.206200552409564253e+00
8.355827065197205528e+00
7.558116917683406655e+00
6.815774649603174140e+00
6.130877540828014283e+00
5.504637422482925757e+00
4.937730183077780666e+00
4.430100446523671742e+00
3.981240403972043040e+00
3.590051317256717667e+00
3.255057732608117149e+00
2.974380433894060705e+00
2.745767253199865365e+00
2.566727267090534337e+00
2.434495631885001732e+00
2.346145280577485615e+00
2.298583017810143847e+00
2.288621755933952784e+00
2.313003855678827492e+00
2.368437794665914975e+00
2.451640593244518218e+00
2.559345444026432492e+00
2.688360641884505409e+00
2.835552353066063791e+00
2.997913423824877910e+00
3.172524564724863883e+00
3.356632748189458670e+00
3.547597306999120903e+00
3.742968897978367959e+00
3.940424767013880558e+00
4.137851289210046524e+00
4.333269742993217655e+00
4.524913757086308941e+00
4.711157224512517949e+00
4.890582827450239201e+00
5.061920967920695347e+00
5.224068830048615553e+00
5.376112164424653450e+00
5.517259312981032338e+00
5.646902006971944665e+00
5.764543845540018197e+00
5.869854882632335347e+00
5.962602625751774355e+00
6.042692289599005839e+00
6.110128423099247641e+00
6.165021572687579443e+00
6.207567605331117733e+00
6.238046205055149507e+00
6.256812257470539151e+00
6.264282912235898948e+00
6.260927886403186982e+00
6.247272007373804392e+00
6.223871267644270233e+00
6.191319330144536615e+00
6.150232831718369653e+00
6.101242988822043856e+00
6.044998114610248052e+00
5.982148832911772907e+00
5.913346227248450049e+00
5.839238434857964677e+00
5.760462773361239464e+00
5.677643344423933591e+00
5.591385881931917545e+00
5.502277615765017948e+00
5.410884273205613937e+00
5.317741991055563666e+00
5.223362560174572344e+00
5.128228812979330975e+00
5.032792082524705890e+00
4.937471440476201678e+00
4.842656810085219199e+00
4.748704799384215747e+00
4.655936572742150226e+00
4.564649360480559359e+00
4.475100978149971986e+00
4.387521764309907368e+00
4.302110914616534387e+00
4.219039505369176268e+00
4.138447672555176204e+00
4.060451694471241879e+00
3.985141335361337855e+00
3.912582222597578152e+00
3.842815618693100177e+00
3.775863407203418731e+00
3.711727008173861808e+00
3.650389808709931572e+00
3.591819467524905551e+00
3.535966434288841054e+00
3.482770054900504064e+00
3.432155615062001175e+00
3.384040157517553826e+00
3.338329668643378767e+00
3.294923945460125125e+00
3.253715221430331983e+00
3.214591436416503800e+00
3.177436751204219423e+00
3.142131484072463454e+00
3.108556206808149813e+00
3.076588283933234802e+00
3.046109135715738603e+00
3.016997055606640554e+00
2.989134861619692884e+00
2.962406357661736322e+00
2.936700728701584939e+00
2.911908299344810214e+00
2.887925243103213191e+00
2.864650404018177721e+00
2.841990635509827001e+00
2.819856071796733588e+00
2.798162378523356253e+00
2.776829994623393194e+00
2.755787014186573014e+00
2.734965548178484696e+00
2.714305363404376337e+00
2.693749431157427043e+00
2.673249110164481745e+00
2.652760521725760157e+00
2.632242868253088286e+00
2.611664042697125598e+00
2.590996246681904758e+00
2.570214315665301452e+00
2.549300209502185499e+00
2.528239599313975461e+00
2.507021674587107452e+00
2.485640204264572439e+00
2.464093829965426696e+00
2.442382003009588853e+00
2.420508912763259080e+00
2.398480923346269833e+00
2.376306999570000578e+00
2.353998424246329435e+00
2.331568520676934764e+00
2.309032992514188809e+00
2.286407206213934895e+00
2.263709050909913589e+00
2.240957424772153317e+00
2.218171439193518779e+00
2.195370807588462814e+00
2.172576718265851081e+00
2.149807817065196414e+00
2.127085491542259899e+00
2.104429360753929945e+00
2.081859771166643114e+00
2.059394622620508652e+00
2.037053266657972816e+00
2.014853848695536520e+00
1.992812341044222224e+00
1.970945738676229020e+00
1.949268716278502511e+00
1.927794574208963274e+00
1.906537727325873677e+00
1.885509759405090469e+00
1.864720365393979451e+00
1.844179786891939399e+00
1.823896308699277879e+00
1.803876718900116138e+00
1.784127467075795836e+00
1.764652781232636913e+00
1.745456938492463195e+00
1.726542435197298886e+00
1.707910776095179495e+00
1.689562510725420852e+00
1.671497601997304683e+00
1.653714154664444491e+00
1.636210135007549304e+00
1.618982739660549397e+00
1.602028449577990621e+00
1.585342494894554255e+00
1.568919840229408669e+00
1.552755210732191804e+00
1.536842008801464488e+00
1.521173818005662426e+00
1.505744135863410271e+00
1.490545095147625121e+00
1.475569162631067632e+00
1.460808577091347038e+00
1.446256382702147292e+00
1.431903127594413183e+00
1.417741652188904133e+00
1.403763832913125453e+00
1.389961173781666171e+00
1.376326227840598548e+00
1.362850794837421331e+00
1.349527328222146272e+00
1.336348081439581614e+00
1.323306412936656518e+00
1.310394709020922921e+00
1.297606110369809995e+00
1.284934877539337217e+00
1.272374046022442862e+00
1.259918576021547443e+00
1.247562651829879243e+00
1.235300875395365816e+00
1.223129324072171453e+00
1.211042690573019387e+00
1.199037495717903967e+00
1.187109961973761951e+00
1.175257049562737022e+00
1.163475462442921105e+00
1.151762950532932095e+00
1.140117013331395590e+00
1.128536080422742893e+00
1.117018536146131114e+00
1.105563209303239480e+00
1.094169047769566694e+00
1.082835885568358192e+00
1.071562745537754102e+00
1.060350051209334898e+00
1.049197680122185838e+00
1.038106041826470261e+00
1.027075781185799341e+00
1.016107757546800938e+00
1.005202784952511585e+00
9.943623379211756763e-01
9.835871066468335755e-01
9.728786432730442968e-01
9.622386100980130363e-01
9.516683296920821489e-01
9.411694427451333667e-01
9.307436596145105545e-01
9.203925397506366179e-01
9.101178903796897091e-01
8.999211471541442853e-01
8.898043459245771336e-01
8.797689329845906903e-01
8.698163547631593273e-01
8.599480681320942344e-01
8.501661226843554298e-01
8.404716865452721564e-01
8.308658668018719107e-01
8.213500464987074645e-01
8.119253602702199979e-01
8.025928591162868608e-01
7.933533494187487989e-01
7.842075516959555737e-01
7.751563865092938599e-01
7.662002210192566665e-01
7.573396122657848339e-01
7.485747237423794331e-01
7.399057550089493951e-01
7.313326616624279408e-01
7.228555536197628362e-01
7.144739114964639981e-01
7.061875029310079599e-01
6.979959806594174809e-01
6.898984124570687326e-01
6.818944873335209822e-01
6.739830872519019245e-01
6.661634686653162829e-01
6.584342797106058631e-01
6.507945376599496567e-01
6.432429589512753676e-01
6.357782615412431726e-01
6.283990939189351144e-01
6.211038458070218260e-01
6.138908637484075115e-01
6.067586411610396135e-01
5.997054393980278952e-01
5.927294420852600165e-01
5.858289565905286933e-01
5.790022909111256499e-01
5.722474417213913034e-01
5.655624112684944915e-01
5.589455307899479086e-01
5.523948060224922463e-01
5.459084148421268212e-01
5.394842466828662086e-01
5.331205245432756312e-01
5.268153475967890520e-01
5.205669911872469191e-01
5.143733478356334876e-01
5.082327546628486736e-01
5.021435294161996632e-01
4.961038342570565085e-01
4.901119225744909325e-01
4.841662374235295441e-01
4.782651604021033731e-01
4.724071445516849210e-01
4.665907160446456925e-01
4.608145877388150624e-01
4.550770999724316201e-01
4.493772353197720837e-01
4.437137199742525184e-01
4.380853677327894435e-01
4.324910679782997813e-01
4.269298335608968653e-01
4.214008224456287643e-01
4.159030955183578571e-01
4.104358986133873621e-01
4.049985612975514626e-01
3.995903213899194562e-01
3.942107689386043501e-01
3.888593155998774087e-01
3.835356279650778411e-01
3.782392097262547437e-01
3.729699688875732222e-01
3.677276492891576876e-01
3.625119969963717659e-01
3.573230778201205715e-01
3.521607898756410893e-01
3.470253219309575865e-01
3.419165842422852708e-01
3.368348978396745186e-01
3.317803783295575348e-01
3.267533979220022533e-01
3.217541958489838483e-01
3.167831331986423749e-01
3.118406812366814052e-01
3.069272425947305316e-01
3.020432120145637445e-01
2.971893152053933229e-01
2.923659234809395380e-01
2.875738201076281086e-01
2.828133612169206890e-01
2.780853416898094177e-01
2.733903823912322006e-01
2.687291327022018894e-01
2.641023544486305052e-01
2.595105642285340242e-01
2.549546472137045328e-01
2.504352408253567863e-01
2.459530016308668354e-01
2.415087115182170951e-01
2.371031276659556764e-01
2.327369574412230524e-01
2.284108086317231390e-01
2.241254353106927055e-01
2.198815822642619100e-01
2.156798538518276409e-01
2.115209798799558560e-01
2.074055518364985584e-01
2.033342149659645992e-01
1.993075425751269780e-01
1.953262083555483697e-01
1.913907524100105506e-01
1.875016168031872488e-01
1.836595291286938769e-01
1.798647903090928868e-01
1.761180155429800942e-01
1.724195493079375419e-01
1.687698127147402583e-01
1.651692009848801379e-01
1.616180821295150338e-01
1.581167552108771468e-01
1.546655342620055495e-01
1.512646267094935049e-01
1.479142920156913676e-01
1.446147216596943841e-01
1.413660220079493157e-01
1.381684369295935189e-01
1.350219921164098613e-01
1.319267022120204635e-01
1.288826703546040731e-01
1.258898893500062788e-01
1.229482912400684524e-01
1.200578118774245501e-01
1.172183859144296375e-01
1.144298697464615905e-01
1.116920835502199921e-01
1.090048833225527453e-01
1.063680441376569225e-01
1.037812949487007946e-01
1.012443869494404763e-01
9.875702397566814283e-02
9.631886943903543441e-02
9.392957734321609464e-02
9.158878793054307799e-02
8.929611642068389921e-02
8.705110438666807671e-02
8.485334697384727676e-02
8.270236996289136167e-02
8.059769320495338563e-02
7.853881105936265372e-02
7.652523057346126423e-02
7.455639890301750394e-02
7.263176578070996980e-02
7.075077003505897411e-02
6.891285901924219803e-02
6.711740946734813529e-02
6.536382641421345507e-02
6.365150495521244844e-02
6.197980922139121468e-02
6.034813991829474089e-02
5.875580713882377903e-02
5.720219722474859797e-02
5.568667175814620562e-02
5.420853113644343718e-02
5.276713099112773780e-02
5.136182237015552571e-02
4.999188864597420984e-02
4.865671055546835766e-02
4.735560412445599665e-02
4.608787265835056352e-02
4.485286649108372742e-02
4.364990828895343178e-02
4.247832462585817564e-02
4.133743455696144847e-02
4.022660965990492582e-02
3.914517690963776470e-02
3.809246986683573893e-02
3.706784033612450097e-02
3.607064653343934613e-02
3.510024227049497736e-02
3.415600975303945824e-02
3.323730900189945242e-02
3.234353615089215900e-02
3.147406004749635916e-02
3.062828609932641277e-02
2.980561898813527746e-02
2.900547361907851798e-02
2.822726706236209152e-02
2.747044076477686558e-02
2.673443188321965314e-02
2.601868189285904201e-02
2.532266908160045113e-02
2.464584976699426069e-02
2.398770497051314413e-02
2.334773174070446655e-02
2.272543235377870452e-02
2.212030919979790511e-02
2.153189265222751544e-02
2.095971266143354175e-02
2.040331599544168567e-02
1.986225090639721566e-02
1.933608582309870316e-02
1.882439175530394720e-02
1.832675493484935483e-02
1.784277668974029729e-02
1.737205663418954840e-02
1.691421001271051217e-02
1.646886971434891392e-02
1.603566799192085793e-02
1.561425487121690693e-02
1.520428036753691987e-02
1.480541462026274679e-02
1.441733438047988064e-02
1.403972003201420932e-02
1.367226777470601472e-02
1.331468027502667739e-02
1.296666937352790837e-02
1.262795359461735961e-02
1.229826767417795987e-02
1.197734278615818042e-02
1.166492605352319016e-02
1.136077254970525342e-02
1.106464116397421447e-02
1.077630288964245321e-02
1.049553221025025657e-02
1.022211129775518063e-02
9.955831480771844266e-03
9.696490971819776011e-03
9.443889702885460355e-03
9.197842676495954217e-03
8.958158372565491398e-03
8.724667347666576270e-03
8.497190770807893159e-03
8.275564819122263951e-03
8.059628342365407830e-03
7.849225664122804966e-03
7.644203937855979097e-03
7.444420408952549112e-03
7.249732310434481991e-03
7.060001861725413025e-03
6.875098104834189566e-03
6.694894464951684637e-03
6.519262417032250373e-03
6.348087726987469877e-03
6.181250241640755261e-03
6.018639395639609722e-03
5.860146316989763536e-03
5.705662433313290864e-03
5.555089214649777153e-03
5.408324843712438400e-03
5.265272387293317737e-03
5.125840884170998132e-03
4.989939162212258909e-03
4.857477619678893070e-03
4.728370840919056579e-03
4.602537073452958420e-03
4.479894608566271051e-03
4.360364247920974802e-03
4.243871261660189798e-03
4.130340884155299895e-03
4.019700494550406018e-03
3.911880564626483980e-03
3.806811417537566810e-03
3.704426421545099855e-03
3.604660742144746247e-03
3.507452022168191640e-03
3.412737073757763240e-03
3.320455305636846061e-03
3.230549926492057213e-03
3.142961796849932932e-03
3.057634877712312165e-03
2.974515824556440546e-03
2.893549919921413385e-03
2.814685175045605978e-03
2.737870264352805592e-03
2.663056252201877888e-03
2.590193665569855922e-03
2.519235311908838044e-03
2.450134597982983088e-03
2.382845518984957195e-03
2.317324169428581788e-03
2.253525775218887060e-03
2.191409347765374289e-03
2.130932164996704112e-03
2.072053836898515248e-03
2.014734073364868663e-03
1.958934336271045146e-03
1.904616558789939485e-03
1.851742505005640575e-03
1.800276930065455167e-03
1.750183346278832855e-03
1.701426827993459843e-03
1.653973576622136746e-03
1.607789963485440178e-03
1.562843201012086925e-03
1.519102069874754242e-03
1.476534490784079008e-03
1.435110756566085029e-03
1.394800336690267322e-03
1.355574929478483778e-03
1.317405042280771774e-03
1.280263773262039270e-03
1.244124342553529260e-03
1.208959434119471392e-03
1.174743281232853206e-03
1.141451135891107102e-03
1.109058474606006844e-03
1.077540381959184862e-03
1.046874651387244429e-03
1.017037958850440602e-03
9.880079536224862635e-04
9.597628945773899927e-04
9.322821945929100256e-04
9.055446787047298843e-04
8.795303444665428586e-04
8.542202217533115044e-04
8.295948508307511354e-04
8.056360559374817340e-04
7.823254660032728097e-04
7.596456989195523148e-04
7.375796474916276229e-04
7.161110886385739808e-04
6.952236596972860777e-04
6.749014961477559039e-04
6.551297416251955627e-04
6.358932533684712824e-04
6.171776940575621857e-04
5.989692956373369624e-04
5.812542204111233960e-04
5.640193549170114925e-04
5.472516858007657947e-04
5.309390084724368566e-04
5.150690652299627593e-04
4.996301036382801803e-04
4.846108371781942918e-04
4.699998483471937876e-04
4.557866393715802734e-04
4.419605761382418545e-04
4.285115602393838735e-04
4.154295938310417768e-04
4.027051743552081150e-04
3.903289813817421004e-04
3.782917946131232937e-04
3.665850277347266258e-04
3.552000704574015378e-04
3.441285018974105363e-04
3.333623750686530267e-04
3.228936826327548338e-04
3.127149311393864219e-04
3.028185720902886618e-04
2.931974697363577535e-04
2.838445062190792976e-04
2.747529432133893521e-04
2.659160591719114501e-04
2.573274307735675445e-04
2.489806015067238696e-04
2.408696657301233725e-04
2.329885552078626214e-04
2.253314279606793470e-04
2.178926014556675176e-04
2.106665851686301369e-04
2.036479532686410771e-04
1.968314991871528087e-04
1.902120763554855881e-04
1.837846741966411292e-04
1.775444754073216838e-04
1.714866565490953546e-04
1.656065830772455842e-04
1.598996986585200298e-04
1.543617500679067057e-04
1.489882368728820579e-04
1.437750919354213914e-04
1.387180506152289633e-04
1.338132364309652881e-04
1.290566361600746297e-04
1.244444255151384274e-04
1.199728320837343756e-04
1.156382864489438898e-04
1.114371165011899314e-04
1.073658838287188701e-04
1.034211280148165322e-04
9.959949816414538518e-05
9.589780821133808524e-05
9.231282891448054585e-05
8.884144723255827747e-05
8.548062333619387422e-05
8.222736497482958495e-05
7.907877617908797973e-05
7.603202818754662307e-05
7.308431706361073852e-05
7.023296888289821526e-05
6.747531264101001836e-05
6.480878047601386187e-05
6.223080566128549396e-05
5.973897654706400759e-05
5.733086509160360578e-05
5.500412678765086416e-05
5.275646011226353037e-05
5.058562152369023196e-05
4.848943610533508144e-05
4.646576973211088486e-05
4.451255290581702706e-05
4.262773479776183844e-05
4.080933976075603041e-05
3.905545097261826237e-05
3.736418012092437759e-05
3.573367325727870141e-05
3.416217674853357019e-05
3.264792878990071677e-05
3.118922806693992224e-05
2.978441047746510962e-05
2.843186884276881782e-05
2.713003003060482658e-05
2.587735000371567994e-05
2.467233731527079476e-05
2.351353355544536327e-05
2.239952329535948154e-05
2.132892260602753883e-05
2.030037516468430751e-05
1.931256496561147842e-05
1.836423135826839500e-05
1.745411651009948345e-05
1.658100439577498274e-05
1.574371078550747626e-05
1.494108226398121537e-05
1.417199529071440672e-05
1.343535530059345351e-05
1.273009341801212606e-05
1.205516866555194737e-05
1.140956922668287961e-05
1.079230495841377261e-05
1.020241543286955895e-05
9.638960926389901428e-06
9.101027823653249179e-06
8.587722771983799625e-06
8.098181612735407163e-06
7.631552146368279514e-06
7.187014182713742952e-06
6.763753468725985712e-06
6.361006202114862758e-06
5.978001185344579506e-06
5.613993098732822526e-06
5.268258451612237293e-06
4.940094430649641080e-06
4.628811951424118176e-06
4.333746630590616238e-06
4.054246026624486860e-06
3.789678437413753922e-06
3.539428289005410387e-06
3.302898282051796995e-06
3.079506811929821681e-06
2.868688938721311294e-06
2.669896099815727016e-06
2.482595840329766768e-06
2.306271559075161159e-06
2.140422267898069928e-06
1.984561796458574248e-06
1.838219844705471105e-06
1.700941043127032292e-06
1.572283877832439446e-06
1.451822056078953192e-06
1.339144442111044834e-06
1.233852530098380885e-06
1.135562977663704986e-06
1.043903647952380835e-06
9.585224462982961140e-07
8.790740622615872931e-07
8.052282529592900418e-07
7.366685764037582796e-07
6.730902615162030484e-07
6.142014830227818647e-07
5.597229361240806866e-07
5.093867081492646820e-07
4.629369650999951414e-07
4.201293570142425819e-07
3.807307560603138129e-07
3.445188293673747109e-07
3.112821408843127724e-07
2.808195907763338510e-07
2.529401722861488283e-07
2.274629185733528668e-07
2.042162028553607620e-07
1.830378002034874002e-07
1.637744639509737697e-07
1.462815658637870964e-07
1.304229463428535975e-07
1.160704765944711474e-07
1.031038974610888086e-07
9.141034255879812307e-08
8.088419036032780174e-08
7.142648973768397907e-08
6.294554348961877582e-08
5.535527993839073924e-08
4.857587223436692582e-08
4.253322025221532136e-08
3.715865951817199114e-08
3.238869951315751355e-08
2.816473915899101963e-08
2.443278989282245656e-08
2.114323235570519695e-08
1.825056007806006277e-08
1.571310577108062473e-08
1.349283384592552132e-08
1.155508712236904615e-08
9.868361536638289874e-09
8.404097205462882641e-09
7.136461231100142236e-09
6.042153387167019592e-09
5.100208632218019473e-09
4.291817165587836583e-09
3.600150047689674041e-09
3.010193877556866474e-09
2.508594505204872814e-09
2.083510394553940142e-09
1.724471393848884760e-09
1.422246569084017979e-09
1.168748540858141809e-09
9.568771542518822939e-10
7.804464214868873481e-10
6.340800699872507147e-10
5.131215190881916049e-10
4.135535071063749853e-10
3.319234732963533882e-10
2.652755306503744582e-10
2.110894689956267884e-10
1.672254908529628190e-10
1.318742789307610027e-10
1.035125715723897948e-10
8.086388412359320298e-11
6.286313138738441780e-11
4.862590851429316187e-11
3.742126618588924788e-11
2.864811797091014052e-11
2.181456978443377747e-11
1.652018340991645842e-11
1.244067123596117229e-11
9.314833833998507709e-12
6.933439529617694287e-12
5.129825788534629427e-12
3.772014814592536477e-12
2.756104206539005258e-12
2.000776534221157736e-12
1.442844899853176391e-12
1.033437651550558685e-12
7.350536773348644833e-13
5.190969991706240715e-13
3.639107806839708263e-13
2.532084891580772510e-13
1.748301072449316281e-13
1.197634010371297506e-13
8.137944779010485171e-14
5.484014255502312947e-14
3.664234839205265769e-14
2.427024641792596176e-14
1.593213086890414071e-14
1.036291879213406221e-14
6.677224740569015621e-15
4.260983993179824293e-15
2.692249166325644925e-15
1.683839857765663494e-15
1.042202427364308047e-15
6.381928657955770693e-16
3.865271719936959639e-16
2.314798167288051416e-16
1.370328850733143939e-16
8.016514229253308595e-17
4.632942836059896437e-17
2.644322683349782073e-17
1.490092208585266200e-17
8.287251476552847924e-18
4.547372720518566204e-18
2.461010952440942919e-18
1.313156503311674022e-18
6.905771910556240077e-19
3.577996408360266401e-19
1.825722098095573608e-19
9.171228373947555683e-20
4.533615327673826015e-20
2.204490521781846761e-20
1.053985991721831036e-20
4.952635967908995489e-21
2.286227424682752642e-21
1.036296917138455507e-21
4.610259253822622494e-22
2.012012587836757368e-22
8.609569961682012839e-23
3.610364040435777645e-23
1.482878490368035297e-23
5.962145087010915707e-24
2.345260759530545758e-24
9.020093187258164415e-25
3.389944001374071879e-25
1.244071109329235438e-25
4.455530295172383473e-26
1.556122509947079293e-26
5.296221084973143978e-27
1.755264277498423717e-27
5.660281639304475209e-28
1.774621886933053176e-28
5.404902558028589499e-29
1.597772114269032560e-29
4.580434501824632836e-30
1.272251726396188366e-30
3.420695812194864626e-31
8.894522475615325060e-32
