# d_a
0.000000000000000000e+00
3.804098279939601639e+02
6.805904693601439703e+02
9.187416535520759453e+02
1.108206357664802226e+03
1.259025107940670523e+03
1.378904540253535060e+03
1.473849092419608724e+03
1.548590567746670786e+03
1.606891054776144983e+03
1.651763023801774580e+03
1.685633051394889435e+03
1.710465820866984586e+03
1.727859324435160488e+03
1.739118720447109808e+03
1.745314101701406344e+03
1.747325981743444117e+03
1.745881313831882608e+03
1.741582156270903397e+03
1.734928590052267054e+03
1.726337119930931067e+03
1.716155509408288708e+03
1.704674787705735298e+03
1.692139004758269266e+03
1.678753185808559465e+03
1.664689841095572319e+03
1.650094311597757269e+03
1.635089173730808625e+03
1.619777880494895271e+03
1.604247780924330755e+03
1.588572631612590158e+03
