# d_c
0.000000000000000000e+00
4.184508107933561973e+02
8.167085632321727644e+02
1.194364149617698786e+03
1.551488900730722889e+03
1.888537661911005898e+03
2.206247264405656097e+03
2.505543457113335080e+03
2.787463021944007323e+03
3.053093004074675264e+03
3.303526047603549159e+03
3.539829407929268200e+03
3.763024805907366499e+03
3.974076446200868759e+03
4.173884929073064086e+03
4.363285254253515632e+03
4.543047552532954796e+03
4.713879547346083200e+03
4.876430037558528966e+03
5.031292911151575026e+03
5.179011359792792973e+03
5.320082079165695177e+03
5.454959320658353136e+03
5.584058715702289192e+03
5.707760831749103090e+03
5.826414443834502890e+03
5.940339521751926441e+03
6.049829942803991798e+03
6.155155945880602303e+03
6.256566345604890557e+03
6.354290526450360630e+03
