# h
2.334948666387064609e-04
2.448179607963377104e-04
2.577440297069241129e-04
2.722252186852936861e-04
2.881976123980137207e-04
3.055882093224455281e-04
3.243204233910564386e-04
3.443180545676109336e-04
3.655079078737493185e-04
3.878213406608078300e-04
4.111950263848659134e-04
4.355711843128219434e-04
4.608974697384735845e-04
4.871266658836409763e-04
5.142162741996086136e-04
5.421280659844689848e-04
5.708276340710895670e-04
6.002839668601976566e-04
6.304690561732449131e-04
6.613575435943589830e-04
6.929264058702182521e-04
7.251546776111945751e-04
7.580232083425546101e-04
7.915144504581644739e-04
8.256122745472452718e-04
8.603018087154779957e-04
8.955692987912490435e-04
9.314019866267556590e-04
9.677880040312447640e-04
1.004716280187192574e-03
1.042176460688248310e-03
