# mu
-inf
3.831518549422891340e+01
3.995624177630224239e+01
4.095540055654871736e+01
4.168438354344927177e+01
4.226108454582748664e+01
4.273887083446486201e+01
4.314675430546654411e+01
4.350240809956947885e+01
4.381746817519491799e+01
4.410003865570935488e+01
4.435600813834633271e+01
4.458979881013127056e+01
4.480482026527536021e+01
4.500375856713876033e+01
4.518876807517330008e+01
4.536160315306499058e+01
4.552371122532228753e+01
4.567630014544549510e+01
4.582038799829983589e+01
4.595684059166318036e+01
4.608640013276479408e+01
4.620970747293125669e+01
4.632731958035486031e+01
4.643972341966349404e+01
4.654734708962628531e+01
4.665056884339680465e+01
4.674972445563051338e+01
4.684511328613677961e+01
4.693700330639409657e+01
4.702563529391586172e+01
