# tt
3.125299512512064553e+02
2.957794744736173129e+02
2.789654493013162551e+02
2.657262925060612133e+02
2.560082129073184092e+02
2.492373082075896207e+02
2.447092723696879659e+02
2.419134458643263486e+02
2.404683579197322558e+02
2.400033008950115914e+02
2.406597463425286207e+02
2.417623936516631318e+02
2.433000135675126501e+02
2.449565323043510148e+02
2.472319113247487223e+02
2.500524040365399685e+02
2.530538807108538890e+02
2.564599323625729994e+02
2.597904487993154135e+02
2.632504566845775003e+02
2.668449131870612518e+02
2.704573934096186463e+02
2.741814436501920795e+02
2.780494069608983523e+02
2.819079081705273779e+02
2.858800523080229254e+02
2.899185134046732628e+02
2.940047443616364831e+02
2.982005040530513611e+02
3.023210370858159877e+02
3.066028433847055226e+02
3.108917757964048860e+02
3.151863629265798181e+02
3.196614100150012518e+02
3.240479709406104689e+02
3.285012306688549302e+02
3.330510248841725343e+02
3.376666574506829761e+02
3.423228152174506818e+02
3.469929082831349660e+02
3.516785088367074081e+02
3.563843481956584469e+02
3.611262473747895001e+02
3.659244632678258995e+02
3.707699582580327728e+02
3.756585033572501402e+02
3.805831903404029504e+02
3.855415468613405210e+02
3.905510620290713746e+02
3.956300202058577611e+02
4.007621817961227748e+02
4.059254486391569117e+02
4.111132481504856173e+02
4.163234436245588199e+02
4.215888736453310912e+02
4.269403298292014597e+02
4.323659512008995875e+02
4.378405691483826558e+02
4.433589765147665958e+02
4.489240227420111751e+02
4.545375145755185713e+02
4.602048794806102023e+02
4.659271090436834015e+02
4.717118486695217712e+02
4.775702999754204257e+02
4.834968382762516512e+02
4.894805233415505086e+02
4.955081970013902151e+02
5.015711369647678453e+02
5.076628699572257233e+02
5.138169699229548542e+02
5.200670418832287396e+02
5.264156397068511524e+02
5.328630993231641924e+02
5.393961712447880927e+02
5.459783154699267698e+02
5.526059833087665538e+02
5.592933695871913642e+02
5.660480153126982259e+02
5.728778117346255385e+02
5.797853972512865539e+02
5.867626708055247491e+02
5.938081851585701543e+02
6.009182751321905016e+02
6.080909124050260743e+02
6.153173084464351632e+02
6.225925295221107945e+02
6.299205136555946183e+02
6.373029809309661005e+02
6.447435835475786234e+02
6.522426124685720197e+02
6.598045087118222227e+02
6.674270594768192950e+02
6.751147057814388290e+02
6.828652348251708872e+02
6.906786517469671480e+02
6.985571796252414742e+02
7.064941697805594458e+02
7.144940632307971100e+02
7.225546471754441882e+02
7.306759267534525861e+02
7.388534712248496135e+02
7.470872857285872897e+02
7.553751574641553361e+02
7.637148736310432469e+02
7.721042214287410843e+02
7.805387701172761581e+02
7.890207427750625584e+02
7.975457086621275948e+02
8.061114448154498859e+02
8.147179055614246863e+02
8.233628171244731675e+02
8.320439057290169558e+02
8.407588975994781322e+02
8.495077368997400526e+02
8.582881498542243435e+02
8.670956447478909013e+02
8.759301657446228546e+02
8.847894390688422845e+02
8.936711909449704763e+02
9.025709296579669854e+02
9.114885993717159636e+02
9.204219263106385824e+02
9.293664187596945112e+02
9.383220208827672195e+02
9.472842409648164903e+02
9.562508052302639499e+02
9.652216578429934088e+02
9.741923070879637407e+02
9.831583118366071403e+02
9.921220871246282513e+02
1.001077226816356529e+03
1.010023978594506843e+03
1.018958154262869925e+03
1.027880001504160646e+03
1.036785332122170530e+03
1.045672175860152265e+03
1.054536344521896808e+03
1.063380303729581328e+03
1.072197647347534712e+03
1.080986405119009760e+03
1.089746824726721798e+03
1.098472500034999484e+03
1.107163678726557691e+03
1.115811736726263689e+03
1.124414703777370050e+03
1.132968391683668187e+03
1.141468612248947920e+03
1.149911177277001116e+03
1.158289654695228819e+03
1.166606380441170131e+03
1.174857010697051010e+03
1.183041637524021326e+03
1.191158135043768880e+03
1.199208813256905387e+03
1.207187110406194506e+03
1.215095336492248634e+03
1.222929147697292365e+03
1.230686418143014635e+03
1.238360586072177966e+03
1.245949525606471070e+03
1.253451110867580837e+03
1.260858780098271382e+03
1.268172625359692120e+03
1.275388302834069236e+03
1.282503686643089395e+03
1.289516650908441761e+03
1.296425069751813226e+03
1.303226817294891362e+03
1.309917549719902354e+03
1.316499577027458372e+03
1.322966337460322165e+03
1.329315705140181763e+03
1.335547772128187262e+03
1.341658246370551979e+03
1.347645260808901412e+03
1.353504782209388623e+03
1.359237213217088538e+03
1.364840738537615835e+03
1.370311324937121526e+03
1.375649375060682360e+03
1.380853073613911647e+03
1.385918387362961539e+03
1.390845718952907873e+03
1.395631035149902800e+03
1.400274738599022385e+03
1.404775014005879711e+03
1.409127828136626931e+03
1.413333583636340563e+03
1.417390465210634147e+03
1.421294439625659606e+03
1.425043691587030480e+03
1.428640841679285359e+03
1.432081856668575711e+03
1.435367139199977601e+03
1.438497091918567776e+03
1.441472117469420937e+03
1.444285964679227845e+03
1.446943472071988026e+03
1.449440593775571188e+03
1.451775451304176158e+03
1.453941717654795639e+03
1.455941937582270839e+03
1.457767566144132161e+03
1.459421148095219905e+03
1.460898574371989525e+03
1.462197953850356726e+03
1.463328485103549838e+03
1.464286059068022723e+03
1.465073220498617047e+03
1.465694732089634954e+03
1.466150920656456265e+03
1.466444330953920826e+03
1.466575289797408459e+03
1.466539688123373253e+03
1.466337852747194574e+03
1.465970110484250654e+03
1.465434570210457878e+03
1.464729340801733997e+03
1.463856967012919313e+03
1.462813339780469050e+03
1.461601003859222601e+03
1.460222504004022767e+03
1.458678167030247096e+03
1.456966101813813339e+03
1.455088853109561796e+03
1.453046747732870926e+03
1.450842330438582621e+03
1.448473710102613040e+03
1.445943431479803394e+03
1.443254039324994210e+03
1.440403642514102557e+03
1.437392567862506894e+03
1.434225578064510955e+03
1.430898564056568830e+03
1.427418506472445642e+03
1.423783514188058689e+03
1.419996131958248270e+03
1.416056686598393526e+03
1.411965504923872913e+03
1.407727349628990396e+03
1.403342547529123522e+03
1.398811425439652567e+03
1.394138746054879221e+03
1.389327054129645603e+03
1.384374458539868101e+03
1.379287939919311157e+03
1.374065607143892066e+03
1.368712222907914111e+03
1.363225846995022266e+03
1.357608778698701144e+03
1.351861050280702102e+03
1.345987129881699047e+03
1.339982613884519878e+03
1.333851970429839412e+03
1.327597449718870621e+03
1.321223519892288550e+03
1.314732431151306628e+03
1.308130869576061741e+03
1.301418867428305020e+03
1.294603110788173808e+03
1.287685849856881305e+03
1.280669334835640257e+03
1.273553597986201794e+03
1.266340889509778663e+03
1.259035677547046589e+03
1.251637994359755794e+03
1.244147872209657862e+03
1.236567561297965540e+03
1.228903747704816851e+03
1.221154245752499037e+03
1.213327959460612647e+03
1.205422703151446512e+03
1.197442944965675224e+03
1.189395370983436806e+03
1.181280013466481705e+03
1.173099122616022896e+03
1.164857166572736105e+03
1.156558613477295694e+03
1.148203495591453247e+03
1.139796281055883810e+03
1.131341438011262426e+03
1.122838998719339997e+03
1.114293431320792024e+03
1.105706986016831252e+03
1.097086348887594795e+03
1.088431552194834012e+03
1.079744846139762330e+03
1.071032916802515956e+03
1.062298014384308544e+03
1.053540171146891225e+03
1.044763855230938816e+03
1.035973534777126360e+03
1.027169242047205444e+03
1.018355445181850769e+03
1.009532176442813125e+03
1.000706121910230308e+03
9.918795317853150664e+02
9.830546562692803718e+02
9.742358735165165626e+02
9.654272017362742417e+02
9.566303512120572350e+02
9.478492501668308705e+02
9.390878268235610449e+02
9.303455735262888311e+02
9.216286364374426512e+02
9.129387258405255352e+02
9.042775520190411953e+02
8.956446073170310456e+02
8.870482558363851240e+02
8.784857719816823192e+02
8.699633019153511668e+02
8.614825559208949244e+02
8.530430263423546648e+02
8.446508593421586966e+02
8.363077652038101633e+02
8.280176721502750752e+02
8.197800725255947327e+02
8.115966766132722796e+02
8.034758485151984360e+02
7.954126446964900197e+02
7.874154292590368414e+02
7.794814766074182444e+02
7.716169329040619687e+02
7.638212904930098830e+02
7.560984775972270882e+02
7.484502045002175237e+02
7.408781814854846743e+02
7.333863367759942093e+02
7.259741627157874291e+02
7.186455875278300027e+02
7.114001035561636854e+02
7.042416390237540327e+02
6.971741221535666000e+02
6.901970452896425741e+02
6.833121187154861218e+02
6.765210527146003869e+02
6.698277755099512660e+02
6.632339973850419028e+02
6.567392106839142798e+02
6.503451256900716544e+02
6.440534526870177388e+02
6.378636840187937196e+02
6.317775299689034227e+02
6.257967008208502193e+02
6.199206889186756371e+02
6.141512045458831608e+02
6.084921759254386870e+02
6.029430954013832888e+02
5.975078691842761600e+02
5.921880974955859074e+02
5.869831406049129328e+02
5.818945767213191402e+02
5.769262019933289594e+02
5.720751587510800391e+02
5.673430252036347383e+02
5.627313795600551884e+02
5.582395820899412229e+02
5.538669930628931297e+02
5.496151906879726994e+02
5.454835352347803337e+02
5.414758228518400074e+02
5.375869779298276399e+02
5.338230145567296177e+02
5.301810750626837034e+02
5.266627376567521424e+02
5.232673626085348815e+02
5.199943101876322089e+02
5.168473765425677584e+02
5.138214860640180177e+02
5.109204349005069616e+02
5.081413653821723528e+02
5.054858557180766070e+02
5.029510482383573162e+02
5.005385211520768394e+02
4.982498526682971374e+02
4.960799671776942432e+02
4.940326608287921886e+02
4.921072938911909773e+02
4.903010086950287132e+02
4.886153834493674140e+02
4.870497784238070267e+02
4.856013359484855982e+02
4.842694162930031325e+02
4.830555976664215905e+02
4.819592403383412034e+02
4.809752686994376063e+02
4.801052609587729876e+02
4.793485773859472943e+02
4.787045782505608145e+02
4.781681879432890128e+02
4.777432026126563187e+02
4.774245466493384242e+02
4.772115803229353901e+02
4.771036639030472202e+02
4.770979397198117908e+02
4.771959859822912904e+02
4.773949450206235952e+02
4.776941771044087091e+02
4.780931201605570777e+02
4.785893048057584451e+02
4.791825572534750677e+02
4.798727037171691450e+02
4.806551345313789056e+02
4.815296759095664356e+02
4.824961540651941618e+02
4.835521772722619289e+02
4.846931358653081361e+02
4.859232919367190675e+02
4.872335999421086399e+02
4.886283219738633079e+02
4.901050663059831436e+02
4.916614412124684463e+02
4.932928370278571037e+02
4.950035158445357979e+02
4.967866500575801751e+02
4.986442838199147900e+02
5.005718074660778711e+02
5.025712651489934046e+02
5.046380472031996192e+02
5.067697619026967573e+02
5.089684534004090324e+02
5.112295120308745027e+02
5.135505460680934675e+02
5.159313817255281265e+02
5.183651913982542965e+02
5.208562371786586027e+02
5.233954735223546777e+02
5.259827266428050052e+02
5.286178227534717280e+02
5.312961521888928473e+02
5.340197591019929177e+02
5.367818158878476424e+02
5.395843666993814622e+02
5.424250198105946765e+02
5.453013834954871299e+02
5.482110660280594630e+02
5.511538936217733635e+02
5.541252566111672877e+02
5.571227632702411938e+02
5.601418039335331969e+02
5.631822048145054396e+02
5.662393562476961506e+02
5.693108665071052883e+02
5.723943438667331520e+02
5.754873966005798138e+02
5.785920688615696008e+02
5.817037509842407417e+02
5.848200512425931947e+02
5.879409037158218325e+02
5.910666739460517647e+02
5.941911815227539364e+02
5.973148998537859597e+02
6.004338664680813054e+02
6.035463368340352872e+02
6.066505664200432193e+02
6.097425927550385722e+02
6.128184533679544757e+02
6.158830575455730241e+02
6.189280069379028646e+02
6.219604287711881625e+02
6.249719246954379059e+02
6.279696219368959191e+02
6.309451221455714176e+02
6.339033346082460412e+02
6.368402968538532605e+02
6.397520464113260914e+02
6.426390566885224871e+02
6.454973652143752361e+02
6.483230095178179226e+02
6.511164630067082726e+02
6.538737632099793018e+02
6.565953835354885086e+02
6.592795794516315482e+02
6.619268243662659188e+02
6.645331558083247501e+02
6.671012651251278385e+02
6.696316257245326824e+02
6.721180571960104544e+02
6.745654688263429080e+02
6.769654622655391449e+02
6.793207288609188481e+02
6.816273061414152608e+02
6.838812316359618535e+02
6.860851966918780818e+02
6.882352388380971888e+02
6.903296135430148297e+02
6.923710121539503461e+02
6.943554721998375499e+02
6.962834670885334845e+02
6.981554702278961031e+02
6.999719550257823357e+02
7.017311769505881784e+02
7.034313914707088315e+02
7.050730719940019071e+02
7.066522560494005347e+02
7.081694170447624401e+02
7.096228104484831647e+02
7.110106917289577950e+02
7.123313444046693803e+02
7.135853821339137539e+02
7.147712286856117316e+02
7.158895257681466546e+02
7.169431330293635938e+02
7.179282562987218625e+02
7.188477552240663044e+02
7.197000535743181899e+02
7.204835751183984485e+02
7.212033974436145627e+02
7.218535084399635480e+02
7.224389856947525459e+02
7.229560350374405289e+02
7.234052981764106107e+02
7.237874168200462464e+02
7.241030326767303222e+02
7.243505695153838815e+02
7.245284511049280809e+02
7.246395370932082187e+02
7.246800333096831537e+02
7.246527994021982977e+02
7.245562591396744665e+02
7.243888362910329306e+02
7.241556084435810590e+02
7.238527814267775966e+02
7.234854328279302536e+02
7.230519864159598455e+02
7.225530838992498275e+02
7.219893669861829721e+02
7.213636953246046915e+02
7.206722747439739578e+02
7.199201828315983676e+02
7.191058433563987364e+02
7.182276800872962212e+02
7.172907706115980773e+02
7.162913207587635043e+02
7.152344081160995302e+02
7.141184564525275391e+02
7.129463254158926020e+02
7.117142208356539186e+02
7.104294382385807012e+02
7.090904013935943340e+02
7.076955340696154053e+02
7.062499138539517389e+02
7.047541824549863350e+02
7.032067636416402365e+02
7.016105170617588556e+02
6.999660844237253059e+02
6.982741074359223603e+02
6.965352278067338148e+02
6.947544416145429977e+02
6.929275471441903846e+02
6.910591329294406933e+02
6.891515695645970254e+02
6.872027917650377731e+02
6.852129521856040810e+02
6.831888572995227378e+02
6.811262238827102919e+02
6.790274225294697317e+02
6.768926058946418607e+02
6.747263625119916242e+02
6.725244091574354570e+02
6.702913343647383044e+02
6.680295087282034956e+02
6.657346490237471244e+02
6.634113437851342496e+02
6.610619636066679732e+02
6.586844432037265733e+02
6.562811531706132655e+02
6.538522461621685125e+02
6.514000927726955297e+02
6.489270635964968506e+02
6.464333112884135062e+02
6.439189885032861866e+02
6.413909017143419078e+02
6.388447676974974456e+02
6.362873929259795887e+02
6.337167121151671836e+02
6.311350958593629912e+02
6.285449147528699996e+02
6.259485393899910832e+02
6.233461224255669322e+02
6.207378165144384639e+02
6.181282101903703960e+02
6.155174561082038736e+02
6.129057069227793590e+02
6.102953332283997270e+02
6.076909235588301499e+02
6.050881946899869490e+02
6.024939530950974813e+02
5.999083514290024368e+02
5.973315423465425056e+02
5.947658964420204484e+02
5.922115663702774100e+02
5.896731406650779945e+02
5.871507719812631194e+02
5.846446129736737021e+02
5.821570342366123896e+02
5.796904063643820564e+02
5.772448820118236199e+02
5.748249460518359228e+02
5.724257969560044330e+02
5.700558371718215085e+02
5.677101615100067420e+02
5.653905185996658247e+02
5.631008750093669732e+02
5.608385434892917374e+02
5.586074906080079927e+02
5.564094649946216578e+02
5.542395614598522116e+02
5.521061824511920122e+02
5.500044227793605387e+02
5.479360310734633686e+02
5.459071918415312439e+02
5.439107819548210045e+02
5.419552038608250086e+02
5.400377703097248059e+02
5.381602299306266559e+02
5.363221134131737244e+02
5.345251693864724984e+02
5.327733644190905125e+02
5.310640112612095436e+02
5.293966406024733260e+02
5.277752190114500763e+02
5.261992771777831877e+02
5.246705637305786922e+02
5.231863914200182535e+02
5.217529447541318177e+02
5.203653185436390913e+02
5.190274793571080636e+02
5.177389578841823550e+02
5.164992848145055859e+02
5.153124267166463142e+02
5.141756963407855210e+02
5.130908423160293523e+02
5.120596132714837267e+02
5.110815398967923215e+02
5.101561528815988709e+02
5.092852008550094070e+02
5.084682145066673797e+02
5.077069424656788783e+02
5.069986974822255661e+02
5.063496640643373894e+02
5.057527190832719270e+02
5.052140470470591254e+02
5.047331786453426616e+02
5.043074266283044835e+02
5.039385396250501117e+02
5.036260483252235645e+02
5.033739192973927175e+02
5.031772286320423291e+02
5.030376313571052833e+02
5.029567637802792888e+02
5.029340442698000970e+02
5.029711091333659283e+02
5.030629408602881654e+02
5.032133936977269286e+02
5.034218860139180833e+02
5.036878361770974948e+02
5.040106625555007440e+02
5.043897835173638100e+02
5.048268353703847424e+02
5.053190185433372221e+02
5.058679693439189577e+02
5.064731061403661556e+02
5.071316293614522692e+02
5.078451753148751777e+02
5.086153803083329308e+02
5.094372268311371386e+02
5.103145691304479783e+02
5.112446076350389603e+02
5.122267607131458362e+02
5.132604467330046418e+02
5.143450840628511287e+02
5.154823090103833465e+02
5.166693220043749761e+02
5.179055414130614281e+02
5.191881676652169517e+02
5.205210550080013263e+02
5.219014038701883464e+02
5.233264146805519204e+02
5.247955058073272312e+02
5.263103135582130108e+02
5.278702563014446696e+02
5.294703165263337041e+02
5.311121305405782778e+02
5.327951167124142557e+02
5.345186934100772760e+02
5.362822790018030901e+02
5.380830739163657199e+02
5.399204965220006898e+02
5.417939651869439786e+02
5.437028982794315652e+02
5.456444962282367896e+02
5.476203953410579288e+02
5.496233601677442948e+02
5.516594628949180787e+02
5.537214680724285927e+02
5.558132299474361844e+02
5.579297310092523503e+02
5.600704732936823120e+02
5.622330755673469866e+02
5.644196761433611300e+02
5.666301953953769726e+02
5.688578998786609873e+02
5.711093637852516167e+02
5.733778536704154476e+02
5.756632899078049377e+02
5.779678108105342744e+02
5.802869008733321152e+02
5.826204804698509179e+02
5.849706879132052109e+02
5.873307897586610125e+02
5.897029243193333059e+02
5.920870119688740942e+02
5.944785372020121486e+02
5.968774203923996993e+02
5.992835819136892042e+02
6.016947242000711640e+02
6.041107676251981502e+02
6.065294146232603225e+02
6.089505855679102524e+02
6.113742008328006250e+02
6.137979628521216000e+02
6.162217919995256352e+02
6.186433907092034588e+02
6.210626793548071873e+02
6.234795783099897335e+02
6.258873541300166607e+02
6.282903630674650231e+02
6.306863075565254348e+02
6.330706720919258714e+02
6.354455949867809750e+02
6.378087786752811326e+02
6.401557076521547742e+02
6.424907381699783855e+02
6.448071367840180983e+02
6.471070418073888959e+02
6.493881556742807106e+02
6.516481808188844980e+02
6.538848196753898492e+02
6.560979926174500179e+02
6.582876200187168934e+02
6.604491863739193604e+02
6.625826120567093085e+02
6.646855995012774656e+02
6.667580690812762896e+02
6.687977232308960538e+02
6.708044823237893297e+02
6.727760487941467318e+02
6.747102213151608794e+02
6.766051835160363908e+02
6.784636511439041442e+02
6.802839040669713313e+02
6.820642221534446890e+02
6.838028852715310677e+02
6.855048271078239850e+02
6.871661095910682207e+02
6.887872305289326960e+02
6.903664697896243752e+02
6.919043251808122932e+02
6.933990765707033006e+02
6.948512217669665461e+02
6.962568226983469231e+02
6.976163771725133529e+02
6.989303829971348705e+02
7.001949021009562557e+02
7.014126502311087279e+02
7.025774713768749962e+02
7.036942992248483506e+02
7.047591957037737984e+02
7.057704406818578491e+02
7.067307499062316083e+02
7.076361853056404243e+02
7.084872446877531047e+02
7.092866437997005278e+02
7.100326625096898852e+02
7.107257986253903255e+02
7.113665499544705426e+02
7.119531963651379556e+02
7.124884536045232153e+02
7.129683836013715563e+02
7.133957021028138570e+02
7.137664710375947834e+02
7.140811882133839390e+02
7.143359155589256488e+02
7.145333688213513597e+02
7.146718278688678083e+02
7.147473546302197747e+02
7.147648827920006624e+02
7.147204742829552515e+02
7.146168448502146475e+02
7.144522743619859284e+02
7.142272606259379018e+02
7.139400835102777592e+02
7.135934587621364926e+02
7.131878841891832508e+02
7.127216396596248842e+02
7.121974409205924985e+02
7.116135678402931717e+02
7.109705317626846863e+02
7.102711161163426823e+02
7.095114640477453349e+02
7.086943725217572592e+02
7.078159846848562893e+02
7.068746616229826714e+02
7.058709823615389496e+02
7.048055259259275545e+02
7.036766534020883910e+02
7.024849438154240033e+02
7.012309761913369357e+02
6.999197654341533053e+02
6.985496726298140402e+02
6.971234947431829596e+02
6.956440287391247921e+02
6.941118536430421955e+02
6.925253305408749611e+02
6.908850384580255195e+02
6.891893384804342304e+02
6.874365916940414536e+02
6.856251591847872078e+02
6.837556199780740371e+02
6.818263351598419604e+02
6.798401016949555924e+02
6.777997165482793207e+02
6.757057587452156895e+02
6.735610252506290863e+02
6.713660950899218278e+02
6.691259831674204861e+02
6.668412685085273779e+02
6.645125301386450474e+02
6.621381291437135133e+02
6.597164266096732490e+02
6.572502195013887558e+02
6.547356509653379817e+02
6.521710820874609453e+02
6.495593098326227164e+02
6.469031311656872276e+02
6.441986892331328818e+02
6.414554348182105059e+02
6.386717290068602324e+02
6.358503687639465625e+02
6.329919331148719266e+02
6.301036549034250811e+02
6.271794593366219033e+02
6.242243613187888513e+02
6.212345039964044418e+02
6.182126843343329483e+02
6.151572634185143897e+02
6.120666023348893532e+02
6.089456344919816502e+02
6.057923134967173837e+02
6.026089473391447200e+02
5.993956260698492997e+02
5.961590935578034305e+02
5.928950039746684979e+02
5.896101011894165822e+02
5.863044752526335515e+02
5.829782162149052738e+02
5.796314141268172762e+02
5.762663769784176111e+02
5.728809768808298486e+02
5.694797397635642255e+02
5.660605377377440846e+02
5.626234608539555211e+02
5.591730350417082036e+02
5.557049144726639724e+02
5.522214071368704253e+02
5.487248210243755011e+02
5.452130282463031108e+02
5.416883367927009658e+02
5.381530546536168913e+02
5.346050539401746846e+02
5.310488605818843553e+02
5.274845646293315440e+02
5.239144740725643032e+02
5.203386789621682738e+02
5.167639231671155358e+02
5.131858608590679296e+02
5.096090179675350669e+02
5.060312666036409155e+02
5.024571326968953144e+02
4.988844883584219474e+02
4.953134236388065119e+02
4.917462465280972310e+02
4.881830470768795180e+02
4.846239153357390705e+02
4.810733772341864096e+02
4.775270869438825798e+02
4.739917883337998319e+02
4.704653535150619632e+02
4.669500904777168557e+02
4.634460892723500365e+02
4.599578758284717992e+02
4.564811043177434726e+02
4.530225186091371938e+02
4.495799908137768170e+02
4.461558289217101674e+02
4.427523409229849563e+02
4.393696168681871086e+02
4.360076574127058961e+02
4.326705415100684604e+02
4.293578228396817735e+02
4.260690550809521255e+02
4.228060098527483888e+02
4.195682408344771375e+02
4.163597375844692010e+02
4.131778358426689692e+02
4.100243072279453145e+02
4.068987054197046405e+02
4.038028020368158764e+02
4.007383686981477240e+02
3.977049590831067007e+02
3.947021268710993809e+02
3.917294257415323955e+02
3.887908452527366308e+02
3.858837211446565334e+02
3.830076070966986777e+02
3.801664926671939497e+02
3.773599315355489807e+02
3.745852594417080468e+02
3.718464659440023183e+02
3.691453226613002130e+02
3.664769473940842772e+02
3.638475476401474111e+02
3.612544591394340614e+02
3.586994535108130435e+02
3.561843023731528888e+02
3.537085594058605125e+02
3.512717782883422046e+02
3.488735127000047100e+02
3.465177521991788012e+02
3.442018325258090385e+02
3.419275252987640670e+02
3.396943841974506881e+02
3.375019629012750784e+02
3.353520330291064511e+02
3.332441482603510394e+02
3.311800802138777726e+02
3.291571646296309837e+02
3.271793910659417293e+02
3.252440952627541151e+02
3.233530488389372977e+02
3.215058054738975102e+02
3.197041367865037955e+02
3.179453785167004298e+02
3.162335202228182993e+02
3.145658976448017938e+02
3.129420644620577718e+02
3.113660102329166648e+02
3.098350572981333357e+02
3.083486923411641669e+02
3.069086065857378003e+02
3.055120553766587932e+02
3.041629478771177446e+02
3.028585394319192119e+02
3.016005212647918370e+02
3.003861487205399499e+02
2.992171130228924198e+02
2.980951053955777184e+02
2.970173811834003459e+02
2.959856316100889444e+02
2.949993299599100851e+02
2.940579495171303961e+02
2.931609635660162212e+02
2.923078453908341885e+02
2.915002862153130536e+02
2.907355413842570897e+02
2.900153021213951661e+02
2.893390417109936834e+02
2.887040154978570285e+02
2.881119147057139571e+02
2.875622126188310403e+02
2.870566004609368633e+02
2.865901156373737422e+02
2.861644493718703757e+02
2.857812928881553489e+02
2.854379015310331624e+02
2.851337485847703874e+02
2.848705252730956090e+02
2.846454869408133845e+02
2.844581068721900579e+02
2.843078583514923139e+02
2.841964326024487946e+02
2.841210849698639436e+02
2.840812887380042753e+02
2.840787351305983748e+02
2.841106794924509131e+02
2.841765951078281205e+02
2.842759552609967386e+02
2.844082332362232819e+02
2.845751202572363354e+02
2.847716537293783858e+02
2.850017428158400321e+02
2.852604249219637040e+02
2.855493912714779299e+02
2.858681151486493945e+02
2.862160698377444987e+02
2.865905106835678566e+02
2.869931289098479965e+02
2.874190307608176909e+02
2.878724695941199343e+02
2.883488958484398381e+02
2.888504137808486689e+02
2.893724738300313675e+02
2.899193981925215553e+02
2.904866373070040595e+02
2.910762954305503172e+02
2.916882588807695811e+02
2.923179780963467351e+02
2.929697752738154009e+02
2.936391008518605190e+02
2.943258411480912287e+02
2.950343183590410945e+02
2.957577649839329865e+02
2.965005032193002421e+02
2.972624193827522845e+02
2.980389639129739976e+02
2.988322410670368754e+02
2.996421371625498864e+02
3.004663205776603263e+02
3.013046776299773910e+02
3.021526587581861349e+02
3.030145861588199523e+02
3.038836923311016562e+02
3.047642994715648115e+02
3.056518580188943588e+02
3.065462542906996646e+02
3.074518104835140093e+02
3.083617590965603199e+02
3.092804223263722179e+02
3.102032506116345303e+02
3.111345661488807082e+02
3.120698193767958628e+02
3.130111145524512608e+02
3.139539021145319566e+02
3.148958504411850186e+02
3.158412817289438976e+02
3.167856464164935915e+02
3.177266128819813389e+02
3.186662853824782928e+02
3.196023322961318058e+02
3.205324220010887188e+02
3.214608766938825966e+02
3.223831468131986071e+02
3.232991186766457190e+02
3.242086786018333555e+02
3.251117129063705420e+02
3.260058899684047446e+02
3.268910961055448183e+02
3.277650763894971533e+02
3.286281006056665888e+02
3.294805152330170586e+02
3.303226667505124965e+02
3.311504657581926381e+02
3.319664766744833173e+02
3.327688280388866815e+02
3.335578663303665508e+02
3.343317200884246176e+02
3.350929537314871709e+02
3.358396957990557894e+02
3.365722927700944638e+02
3.372888731841052845e+02
3.379897835200518443e+02
3.386731523174361200e+02
3.393415439946841161e+02
3.399908691518356250e+02
3.406259101467786650e+02
3.412403596400910715e+02
3.418389999896608060e+02
3.424177417955276610e+02
3.429791494761175272e+02
3.435191336314704245e+02
3.440402586800121867e+02
3.445406531612447338e+02
3.450228814935938999e+02
3.454828542770997046e+02
3.459231359301880389e+02
3.463396370528986381e+02
3.467371400031196345e+02
3.471115553808908203e+02
3.474632296651760157e+02
3.477925093349391545e+02
3.480997408691443979e+02
3.483830528072933248e+02
3.486427916283500394e+02
3.488793038112783620e+02
3.490907178955800418e+02
3.492773803602193539e+02
3.494396376841598908e+02
3.495778363463657570e+02
3.496901048863387018e+02
3.497767897830426591e+02
3.498382375154416764e+02
3.498747945624996305e+02
3.498845894637183278e+02
3.498701866375238296e+02
3.498297146234179991e+02
3.497613019609024718e+02
3.496697310078656642e+02
3.495487072697327449e+02
3.494030773286301610e+02
3.492288288536836944e+02
3.490308212718672962e+02
3.488050422523069187e+02
3.485519153430522579e+02
3.482740820316154213e+02
3.479675299871221341e+02
3.476371186365464609e+02
3.472788356490140700e+02
3.468953225120371826e+02
3.464847848342034808e+02
3.460498641030248450e+02
3.455887659270892982e+02
3.451019138544467637e+02
3.445897314331469943e+02
3.440526422112399132e+02
3.434910697367756143e+02
3.429032196183417227e+02
3.422895154039882186e+02
3.416525985812272665e+02
3.409906747586463780e+02
3.403041674842957036e+02
3.395957182456872943e+02
3.388613147119465907e+02
3.381013804311237436e+02
3.373207748301928177e+02
3.365177035177415519e+02
3.356903721023579124e+02
3.348436400110159070e+02
3.339734949128412040e+02
3.330825782953459111e+02
3.321713137065800083e+02
3.312379067551311778e+02
3.302849989285114702e+02
3.293130137747708091e+02
3.283201569024970468e+02
3.273090697992021205e+02
3.262801760129361242e+02
3.252294632128245553e+02
3.241640087653037199e+02
3.230798003394993430e+02
3.219794794229234753e+02
3.208612516241637991e+02
3.197277584307325355e+02
3.185794233906794375e+02
3.174166700520545419e+02
3.162377040234455308e+02
3.150451667923645687e+02
3.138394819068614652e+02
3.126210182285531687e+02
3.113899258733243300e+02
3.101485182100885254e+02
3.088924547893734029e+02
3.076262669195547801e+02
3.063478320906219778e+02
3.050594636714889134e+02
3.037612570916070922e+02
3.024533077804282470e+02
3.011357111674039970e+02
2.998085626819859613e+02
2.984741756930877159e+02
2.971304276906990367e+02
2.957796320437335567e+02
2.944218841816428380e+02
2.930550615944163155e+02
2.916814776509679064e+02
2.903012277807492296e+02
2.889166253526739752e+02
2.875255478567316345e+02
2.861303086618359544e+02
2.847310031974385538e+02
2.833277268929911656e+02
2.819205751779451816e+02
2.805096434817524482e+02
2.790972451733266553e+02
2.776834756821194219e+02
2.762662124981201828e+02
2.748499869297048690e+02
2.734326764668629721e+02
2.720143765390460544e+02
2.705974005151680331e+02
2.691818438246803566e+02
2.677678018970347580e+02
2.663553701616827993e+02
2.649446440480760998e+02
2.635379369251285198e+02
2.621353442222915078e+02
2.607369613690167967e+02
2.593406658552939348e+02
2.579532069289607534e+02
2.565702441405447871e+02
2.551940908589596972e+02
2.538270604531192305e+02
2.524670304130129637e+02
2.511140961680924590e+02
2.497705710872714633e+02
2.484387685394636662e+02
2.471165660146587868e+02
2.458040589423081883e+02
2.445034989048702130e+02
2.432146723995187472e+02
2.419373041369722159e+02
2.406733367674109445e+02
2.394202770620913441e+02
2.381800676711937967e+02
2.369524333054367560e+02
2.357393166150006323e+02
2.345404423106038507e+02
2.333533171635025667e+02
2.321798838238773897e+02
2.310220849419087585e+02
2.298774272888528287e+02
2.287478535148902665e+02
2.276353062702013403e+02
2.265350743865803622e+02
2.254513184536698702e+02
2.243837631821882042e+02
2.233321332828537606e+02
2.222939355269228088e+02
2.212755484435000426e+02
2.202700429249175045e+02
2.192837975002798316e+02
2.183121010013812509e+02
2.173591140178643570e+02
2.164223433209853340e+02
2.155037315609246775e+02
2.146030034484008411e+02
2.137221016335941499e+02
2.128585328877610152e+02
2.120120219216197768e+02
2.111845113853508451e+02
2.103779439291347728e+02
2.095876083847656162e+02
2.088176653418860838e+02
2.080656215717523594e+02
2.073334197245448820e+02
2.066207845109820482e+02
2.059274406417823116e+02
2.052531128276639549e+02
2.045997437188074741e+02
2.039670580259312658e+02
2.033525625202915421e+02
2.027581998520687989e+02
2.021836947319814328e+02
2.016309898102098543e+02
2.010975918580104462e+02
2.005854435255635622e+02
2.000920515841254996e+02
1.996215766233388536e+02
1.991692971195695065e+02
1.987371039458565747e+02
1.983268776198108299e+02
1.979360627801190446e+02
1.975665399443919910e+02
1.972179716907783984e+02
1.968900205974269397e+02
1.965823492424864867e+02
1.962924022646434992e+02
1.960264960604332600e+02
1.957776393896179741e+02
1.955499307092706829e+02
1.953430325975401445e+02
1.951543896931129325e+02
1.949858825135999041e+02
1.948349556976877182e+02
1.947057077024492742e+02
1.945955831665712594e+02
1.945042446682023467e+02
1.944313547854913509e+02
1.943765760965869163e+02
1.943417891190999569e+02
1.943244384917170464e+02
1.943239649986407755e+02
1.943422491574818878e+02
1.943782881645506109e+02
1.944317445979955892e+02
1.945022810359655523e+02
1.945895600566093435e+02
1.946934660320217745e+02
1.948136615403516032e+02
1.949498091597477014e+02
1.951015714683585998e+02
1.952686110443331984e+02
1.954508122597663373e+02
1.956476158988605789e+02
1.958589063337109337e+02
1.960841243485197936e+02
1.963229325214359733e+02
1.965754370185006223e+02
1.968408568299700789e+02
1.971188545339929874e+02
1.974090927087181626e+02
1.977114557262405299e+02
1.980249407828702033e+02
1.983496540446483323e+02
1.986848145018311982e+02
1.990303065265137832e+02
1.993853491089523970e+02
1.997496048272957410e+02
2.001227799471657534e+02
2.005045336901306996e+02
2.008945689652321107e+02
2.012925886815114325e+02
2.016989611298487830e+02
2.021127238374471062e+02
2.025340233012401541e+02
2.029625624302695144e+02
2.033980441335766329e+02
2.038399495262567598e+02
2.042884251052438742e+02
2.047429519856331126e+02
2.052032330764661197e+02
2.056689712867842843e+02
2.061398695256290523e+02
2.066156307020419831e+02
2.070959577250644941e+02
2.075805535037381162e+02
2.080691209471043805e+02
2.085611411702584235e+02
2.090565388761880286e+02
2.095550169739346131e+02
2.100558347846473168e+02
2.105589170113137527e+02
2.110637447690292561e+02
2.115700209668352727e+02
2.120774485137733336e+02
2.125855085249386605e+02
2.130936821154265033e+02
2.136018939882245604e+02
2.141096252584281672e+02
2.146161352471863211e+02
2.151215704514329445e+02
2.156251901923170919e+02
2.161264755849340702e+02
2.166253513322714639e+02
2.171210767554784411e+02
2.176135765575427001e+02
2.181021100596131816e+02
2.185861583767852778e+02
2.190656462120466585e+02
2.195398328865462929e+02
2.200084213093257688e+02
2.204706708015341121e+02
2.209265060661589928e+02
2.213751864243494936e+02
2.218164147851470887e+02
2.222494504697008040e+02
2.226742181809983663e+02
2.230899772401888299e+02
2.234964802804968258e+02
2.238934570379333593e+02
2.242813523545311796e+02
2.246577277510222643e+02
2.250259113907402195e+02
2.253839083823094427e+02
2.257319417738165441e+02
2.260702346133480489e+02
2.263967920095284398e+02
2.267118370104441851e+02
2.270155926641819519e+02
2.273104999582903361e+02
2.275923460619317495e+02
2.278635719626547882e+02
2.281244007085460623e+02
2.283706194687679272e+02
2.286068871703311061e+02
2.288312089218600534e+02
2.290415898319793087e+02
2.292426888276995669e+02
2.294280751387210842e+02
2.296024076920546406e+02
2.297636915963246622e+02
2.299121498996177309e+02
2.300457877105583009e+02
2.301670460166950818e+02
2.302761478661145986e+02
2.303710983674412773e+02
2.304521205687616430e+02
2.305172195787002636e+02
2.305710543242678341e+02
2.306094119746267666e+02
2.306325155778635292e+02
2.306405881820647608e+02
2.306360707747790855e+02
2.306169684646309577e+02
2.305812863602448886e+02
2.305314654491694739e+02
2.304655108400291681e+02
2.303858635203726806e+02
2.302905285988244657e+02
2.301797291234710485e+02
2.300559060818611670e+02
2.299148466431570341e+02
2.297567738554453456e+02
2.295841287062747256e+02
2.293971342437316991e+02
2.291915776369786499e+02
2.289721178130263297e+02
2.287345419410371221e+02
2.284835182008293089e+02
2.282148800256032359e+02
2.279311239197530767e+02
2.276325284482107918e+02
2.273171542364463846e+02
2.269852798493919295e+02
2.266371838519794437e+02
2.262753627486031576e+02
2.258956592252708049e+02
2.255027877258387718e+02
2.250925909363148207e+02
2.246675653610931818e+02
2.242257716256436879e+02
2.237697062343606547e+02
2.232974298127138866e+02
2.228114388650976991e+02
2.223097940169819253e+02
2.217949917727607669e+02
2.212650927579042559e+02
2.207203755373442675e+02
2.201611186760129897e+02
2.195876007388424398e+02
2.190023182302268197e+02
2.184011138361739768e+02
2.177864840610779709e+02
2.171587074698709614e+02
2.165158446880228951e+02
2.158603922199278600e+02
2.151926286305180156e+02
2.145128324847253509e+02
2.138190644080198695e+02
2.131138209047956309e+02
2.123951626005227240e+02
2.116655859995952085e+02
2.109231517274830878e+02
2.101703562885804786e+02
2.094052603083574127e+02
2.086281423517459075e+02
2.078414989231400511e+02
2.070456085874720316e+02
2.062385319702117670e+02
2.054205476362912179e+02
2.045919341506425155e+02
2.037551880176598331e+02
2.029083698628131174e+02
2.020517582510344141e+02
2.011878496867178967e+02
2.003147047953335118e+02
1.994326021418133337e+02
1.985440382305515072e+02
1.976492579312479450e+02
1.967461533932118130e+02
1.958348010099821863e+02
1.949174951145603245e+02
1.939943121004854731e+02
1.930653283612965367e+02
1.921306202905327893e+02
1.911880463422712353e+02
1.902399008495129920e+02
1.892862602057972765e+02
1.883272008046631640e+02
1.873627990396498433e+02
1.863931313042963325e+02
1.854182739921418488e+02
1.844383034967254673e+02
1.834555141510484191e+02
1.824677644091876800e+02
1.814773486041445949e+02
1.804821251899960544e+02
1.794821705602812187e+02
1.784819969874634182e+02
1.774772449861576433e+02
1.764679909499028554e+02
1.754587471511625552e+02
1.744451541045515341e+02
1.734317240825331226e+02
1.724163155391844384e+02
1.713990048680445568e+02
1.703820864021146804e+02
1.693634185954718134e+02
1.683452957811172155e+02
1.673255764131278909e+02
1.663065548245050707e+02
1.652905253482499859e+02
1.642731284989775702e+02
1.632588765491510969e+02
1.622434100133855281e+02
1.612312411641441088e+02
1.602224463949660844e+02
1.592137751901973672e+02
1.582086308525702520e+02
1.572066461877313657e+02
1.562081193831661210e+02
1.552131268324135931e+02
1.542221885169053337e+02
1.532356026241267557e+02
1.522538891355092971e+02
1.512771244445920331e+02
1.503058285328067143e+02
1.493402995876384693e+02
1.483807959612280740e+02
1.474278602522299195e+02
1.464811080481690340e+02
1.455408203184088336e+02
1.446072780323129905e+02
1.436803185713526432e+02
1.427600011109450975e+02
1.418466066204539970e+02
1.409401942752966477e+02
1.400408232508904405e+02
1.391485527226527097e+02
1.382641072478394335e+02
1.373871024139755832e+02
1.365180409843709128e+02
1.356572039283890092e+02
1.348044286275009540e+02
1.339599960510703909e+02
1.331241871684608498e+02
1.322968393611435545e+02
1.314782335984820065e+02
1.306684290558935686e+02
1.298674849087955181e+02
1.290754603326054166e+02
1.282926362966866236e+02
1.275190719764566012e+02
1.267550483412788793e+02
1.260004027726246676e+02
1.252554162398574675e+02
1.245203697123408517e+02
1.237951005715460298e+02
1.230798897868365174e+02
1.223745747396834389e+02
1.216796581933966195e+02
1.209949775294471834e+02
1.203205919232525360e+02
1.196567823441761504e+02
1.190031643797430405e+02
1.183604625872091560e+02
1.177285143480456924e+02
1.171073788376699412e+02
1.164971152314993077e+02
1.158982262928435745e+02
1.153103276092276275e+02
1.147339219439612918e+02
1.141686248845695104e+02
1.136149391943620088e+02
1.130729240487561640e+02
1.125421950352769471e+02
1.120232549172341123e+02
1.115159410760987981e+02
1.110203032634780129e+02
1.105363535357371347e+02
1.100643163193775678e+02
1.096037506590619017e+02
1.091548809812914129e+02
1.087177099186212672e+02
1.082922401036064173e+02
1.078784741688020432e+02
1.074764147467631830e+02
1.070858426760986930e+02
1.067067605893636539e+02
1.063393929130594131e+02
1.059832986918485602e+02
1.056389241461786384e+02
1.053058283207122656e+02
1.049842356419507610e+02
1.046737051545567994e+02
1.043744612850316145e+02
1.040865066659303011e+02
1.038094003419155484e+02
1.035435885334348427e+02
1.032884084912046347e+02
1.030440846417261866e+02
1.028106196175546074e+02
1.025877942572987536e+02
1.023753893995674815e+02
1.021736294708620960e+02
1.019822953097914677e+02
1.018013895489106631e+02
1.016304712328823570e+02
1.014697647882078257e+02
1.013190510534959401e+02
1.011781108673555281e+02
1.010467250683955172e+02
1.009246744952247496e+02
1.008121835743445160e+02
1.007088113504174771e+02
1.006143386620524893e+02
1.005287681418046333e+02
1.004518806282827939e+02
1.003834569600958275e+02
1.003234997697988149e+02
1.002715681020543883e+02
1.002276645894176568e+02
1.001915700704975052e+02
1.001628435899565233e+02
1.001417095742960583e+02
1.001277270681787428e+02
1.001204551162672232e+02
1.001203399390090141e+02
1.001265210521470692e+02
1.001391213830998907e+02
1.001580661243125547e+02
1.001832804682300804e+02
1.002146896072975011e+02
1.002519969400136546e+02
1.002953494527697984e+02
1.003444505440647561e+02
1.003992254063435468e+02
1.004595992320512039e+02
1.005254972136328036e+02
1.005968445435333365e+02
1.006733446202516689e+02
1.007549226362328199e+02
1.008415037839218087e+02
1.009330132557636972e+02
1.010291544502573089e+02
1.011298525598476914e+02
1.012348109830336398e+02
1.013439549122602159e+02
1.014572095399724390e+02
1.015742782646691467e+02
1.016950862787953866e+02
1.018193369808499682e+02
1.019469555632779389e+02
1.020778672185243039e+02
1.022115535511417335e+02
1.023481615475214284e+02
1.024873946061622405e+02
1.026289561255629934e+02
1.027727712981686921e+02
1.029185435224782310e+02
1.030659761969903769e+02
1.032152163080963874e+02
1.033657454603488759e+02
1.035172670522466944e+02
1.036699280701810864e+02
1.038232101187046226e+02
1.039770383902623934e+02
1.041311162833531938e+02
1.042851471964758616e+02
1.044390563220754444e+02
1.045925470586507515e+02
1.047455445986468021e+02
1.048975305466162382e+02
1.050484300950041074e+02
1.051979466423092049e+02
1.053457835870303683e+02
1.054918661216126452e+02
1.056356758506086351e+02
1.057771683025841156e+02
1.059164203505878277e+02
1.060528738219506124e+02
1.061870795137343748e+02
1.063184792532699419e+02
1.064469584557806030e+02
1.065728461243819964e+02
1.066958058803511875e+02
1.068159449328577040e+02
1.069329269031785685e+02
1.070468590004831952e+02
1.071574048460487347e+02
1.072648934429908252e+02
1.073689884125865035e+02
1.074695751700590591e+02
1.075665391306317247e+02
1.076599875034740279e+02
1.077498057038092014e+02
1.078356573529142821e+02
1.079176496599587693e+02
1.079956680401659099e+02
1.080695979087590075e+02
1.081393246809612663e+02
1.082049555659421998e+02
1.082661541849788449e+02
1.083230277472406726e+02
1.083754616679509724e+02
1.084235631562792008e+02
1.084667740395562134e+02
1.085052015269514527e+02
1.085391746215806279e+02
1.085679133568283703e+02
1.085917467358103323e+02
1.086105601737498603e+02
1.086242390858701157e+02
1.086326688873944306e+02
1.086357349935460519e+02
1.086335446134944362e+02
1.086259831624628873e+02
1.086127142617283994e+02
1.085938451204605144e+02
1.085694829478286607e+02
1.085390695711636937e+02
1.085031557875274899e+02
1.084609616303047090e+02
1.084130378965572561e+02
1.083590482075621537e+02
1.082986561845964673e+02
1.082321908307758775e+02
1.081595375613236456e+02
1.080805904826349177e+02
1.079952784657922393e+02
1.079037608669962651e+02
1.078059752485014684e+02
1.077020809665084045e+02
1.075917937893253793e+02
1.074752730731530050e+02
1.073524563802457124e+02
1.072237248607503801e+02
1.070885724890289623e+02
1.069473804152283947e+02
1.067998644076568269e+02
1.066461838225149847e+02
1.064864980160034236e+02
1.063207445503766309e+02
1.061490827818352329e+02
1.059712284786874505e+02
1.057873409971339669e+02
1.055978014873215756e+02
1.054021039236123443e+02
1.052008512500993191e+02
1.049937592350907067e+02
1.047807654408409661e+02
1.045624728114431718e+02
1.043383753212592921e+02
1.041086323264899960e+02
1.038736249772821338e+02
1.036330690419439549e+02
1.033871238766760854e+02
1.031359488376791660e+02
1.028794814872076415e+02
1.026178811814621383e+02
1.023510854826970728e+02
1.020792537471131851e+02
1.018023235369647921e+02
1.015208977963450394e+02
1.012346922935621194e+02
1.009438663848166726e+02
1.006485794263093538e+02
1.003489907742408178e+02
1.000452597848117051e+02
9.973732402027643218e+01
9.942534283683563956e+01
9.910925379674380054e+01
9.878965984409396128e+01
9.846605495324811841e+01
9.813882027435316502e+01
9.780833695755590895e+01
9.747409897721840366e+01
9.713693107137991944e+01
9.679653251613976295e+01
9.645320200060027105e+01
9.610699992770867084e+01
9.575776490646595107e+01
9.540555733981932462e+01
9.505065942466224271e+01
9.469290976999572251e+01
9.433236877876694848e+01
9.396909685392314771e+01
9.360337619235777140e+01
9.323504540307179411e+01
9.286416488901242872e+01
9.249101684707315485e+01
9.211543988625491863e+01
9.173793799739742383e+01
9.135834978950163077e+01
9.097673566551475233e+01
9.059337782233025393e+01
9.020833666289532005e+01
8.982167259015719196e+01
8.943344600706306835e+01
8.904371731656017630e+01
8.865276871554193860e+01
8.826043881300937244e+01
8.786723159980212472e+01
8.747276389097497429e+01
8.707753967736755385e+01
8.668161936192710471e+01
8.628484155365462982e+01
8.588771024338974769e+01
8.549006404013347549e+01
8.509218514077923601e+01
8.469413394827427055e+01
8.429619265951201612e+01
8.389819988349344726e+01
8.350065961105819667e+01
8.310363224515350566e+01
8.270695639478039141e+01
8.231113605077847239e+01
8.191623161609496151e+01
8.152208169973089014e+01
8.112919029252587677e+01
8.073761779742714850e+01
8.034720282343570830e+01
7.995844936139120307e+01
7.957119602029463579e+01
7.918594679098565337e+01
7.880254028246524456e+01
7.842148048557305628e+01
7.804260600931010572e+01
7.766639862627772573e+01
7.729280764823135996e+01
7.692176016868825172e+01
7.655340507511182579e+01
7.618789125496540748e+01
7.582514580176626851e+01
7.546509580903151004e+01
7.510789016422462794e+01
7.475345596086272337e+01
7.440194208640922113e+01
7.405327563438135030e+01
7.370760549224247882e+01
7.336485875350979313e+01
7.302518430564671803e+01
7.268873103611660724e+01
7.235542603843670406e+01
7.202541820007034801e+01
7.169863461453478237e+01
7.137522416929338931e+01
7.105511395786334106e+01
7.073845286770806240e+01
7.042538978629092128e+01
7.011563001318292265e+01
6.980932243584744867e+01
6.950683773569414825e+01
6.920788121229394108e+01
6.891260175311028036e+01
6.862114824560650561e+01
6.833366957724605584e+01
6.804987104759992178e+01
6.777034513202391963e+01
6.749479713008901172e+01
6.722337592925859440e+01
6.695600862304988254e+01
6.669284409892622989e+01
6.643403124435107543e+01
6.617927535889538149e+01
6.592894712396876855e+01
6.568275183914222737e+01
6.544106018582530737e+01
6.520379925753525185e+01
6.497089614778926148e+01
6.474272153799691409e+01
6.451898072772918624e+01
6.429982260444948849e+01
6.408539605562121722e+01
6.387584996870778298e+01
6.367066784933394530e+01
6.347044217285551326e+01
6.327487823884347762e+01
6.308411780877204222e+01
6.289827414015861251e+01
6.271700977663898158e+01
6.254065264368755805e+01
6.236908707888638048e+01
6.220241921376364047e+01
6.204031159195512402e+01
6.188309213893526106e+01
6.173042339833983050e+01
6.158285508958950061e+01
6.143960616842762334e+01
6.130122635427481725e+01
6.116759998471309245e+01
6.103861139732446617e+01
6.091414492969094141e+01
6.079408491939450698e+01
6.067875929190957862e+01
6.056805238481817355e+01
6.046162674175607776e+01
6.035981028819772831e+01
6.026248736172510689e+01
6.016932050597401371e+01
6.008063764641888582e+01
5.999610132669548790e+01
5.991603947227826410e+01
5.984011462680300042e+01
5.976843292179790268e+01
5.970087869484498810e+01
5.963733628352625260e+01
5.957769002542369208e+01
5.952226784601172227e+01
5.947073228892616470e+01
5.942296769174898685e+01
5.937885839206222016e+01
5.933851052139406335e+01
5.930203021127273644e+01
5.926885821138779420e+01
5.923932244721369500e+01
5.921308546238620352e+01
5.919025338843355399e+01
5.917071056293773523e+01
5.915456311742696016e+01
5.914147359553703609e+01
5.913132633484993761e+01
5.912422746689389186e+01
5.912006132925090895e+01
5.911871225950297770e+01
5.912006459523210822e+01
5.912400267402030352e+01
5.913063262739576942e+01
5.913940659790650045e+01
5.915070947531900458e+01
5.916427216041959269e+01
5.918026914188693866e+01
5.919843132050735335e+01
5.921893318495955327e+01
5.924150563602981379e+01
5.926610136845064858e+01
5.929311666484696985e+01
5.932206063205885016e+01
5.935288596481880319e+01
5.938576715180553833e+01
5.942043509380533806e+01
5.945684248555070894e+01
5.949516381572036750e+01
5.953512998510058907e+01
5.957669368842387314e+01
5.961980762042274762e+01
5.966464626977587216e+01
5.971071874332339746e+01
5.975819952974396898e+01
5.980704132377011462e+01
5.985697502618811683e+01
5.990839691962289493e+01
5.996059431696833286e+01
6.001374170690315424e+01
6.006801357810601871e+01
6.012291903741703436e+01
6.017863257351491768e+01
6.023510688113216816e+01
6.029207286105506114e+01
6.034926141406990041e+01
6.040706882280160528e+01
6.046500419409023408e+01
6.052324201661453174e+01
6.058151319116075229e+01
6.063977041246142363e+01
6.069796637524905236e+01
6.075583198030988541e+01
6.081331992237645068e+01
6.087038289618126896e+01
6.092697359645680422e+01
6.098304471793556303e+01
6.103810536745763216e+01
6.109233003370172810e+01
6.114567141140032902e+01
6.119786040133974581e+01
6.124884969825247794e+01
6.129837020292480787e+01
6.134637461008921377e+01
6.139305380298414150e+01
6.143799886124803322e+01
6.148126084697151583e+01
6.152289082224518069e+01
6.156293984915961914e+01
6.160123719585923396e+01
6.163783392443459519e+01
6.167278109697632971e+01
6.170590798162881896e+01
6.173726564048264720e+01
6.176690513562844131e+01
6.179443394126433731e+01
6.182034670737338189e+01
6.184425090815375370e+01
6.186597581174981286e+01
6.188601606814460609e+01
6.190397915153630493e+01
6.191969433006929791e+01
6.193365625372658911e+01
6.194525060276016859e+01
6.195475023320681629e+01
6.196220620715715910e+01
6.196722599880934013e+01
6.197008246420020328e+01
6.197082666542033280e+01
6.196906607666790023e+01
6.196485176003350404e+01
6.195823477760774267e+01
6.194904439753501180e+01
6.193755347585211268e+01
6.192336948675722397e+01
6.190676528628716113e+01
6.188757014258628431e+01
6.186561332379901756e+01
6.184116768596215508e+01
6.181384070327386837e+01
6.178390523177095872e+01
6.175119053959782889e+01
6.171552589489886032e+01
6.167718415371086138e+01
6.163599458417822063e+01
6.159178645444532663e+01
6.154438903265656791e+01
6.149429696879496987e+01
6.144089594311246572e+01
6.138468060559211636e+01
6.132525843043207914e+01
6.126245868577673548e+01
6.119677602160911789e+01
6.112759611818118088e+01
6.105541958050868345e+01
6.097988365795337273e+01
6.090107514280218481e+01
6.081908082734203447e+01
6.073398750385982936e+01
6.064566017069628856e+01
6.055396382619211693e+01
6.045920705658043914e+01
6.036125486020197428e+01
6.026019402934360158e+01
6.015588956234606144e+01
6.004842825149625440e+01
5.993767509513490666e+01
5.982393867949512156e+01
5.970708400291763951e+01
5.958697606374312983e+01
5.946414524215094843e+01
5.933801294858936615e+01
5.920910956323775309e+01
5.907707829049058290e+01
5.894222771658099447e+01
5.880464463379588125e+01
5.866397224652975950e+01
5.852051914101576102e+01
5.837437210954079347e+01
5.822517435649934470e+01
5.807323446812455359e+01
5.791863923670334913e+01
5.776125366057642196e+01
5.760116453203067977e+01
5.743868043729926143e+01
5.727344458077666900e+01
5.710554375474982436e+01
5.693528654545184509e+01
5.676253795122342183e+01
5.658738476435150488e+01
5.640969198317677780e+01
5.622976819393237946e+01
5.604747839495902184e+01
5.586290937854359839e+01
5.567592614302683529e+01
5.548683727464187143e+01
5.529572956567558606e+01
5.510246801446870535e+01
5.490736120725438241e+01
5.471027414237328657e+01
5.451107181816613689e+01
5.431028461481229641e+01
5.410777753065242734e+01
5.390363735797348710e+01
5.369772144831571126e+01
5.349030015390995629e+01
5.328119259229421800e+01
5.307043967495269499e+01
5.285808231336960006e+01
5.264438321297531331e+01
5.242893969736160642e+01
5.221223626590514044e+01
5.199387024219766573e+01
5.177432612561580783e+01
5.155320123975134550e+01
5.133098008398089007e+01
5.110725998189622743e+01
5.088230363892775898e+01
5.065637376050590035e+01
5.042906767022243031e+01
5.020064807350775027e+01
4.997137767579228296e+01
4.974085380066777873e+01
4.950956094751089154e+01
4.927731823385958165e+01
4.904394477725183776e+01
4.880992507706430672e+01
4.857507825083496300e+01
4.833966700399420091e+01
4.810328866013381344e+01
4.786642771863041901e+01
4.762890329702199210e+01
4.739097810073896255e+01
4.715269304126550765e+01
4.691408903008584019e+01
4.667520697868416590e+01
4.643608779854467628e+01
4.619677240115155570e+01
4.595774528588143681e+01
4.571838198237990269e+01
4.547916699002353624e+01
4.524036301424278150e+01
4.500156737862938172e+01
4.476304278861377384e+01
4.452483015568015645e+01
4.428697039131269264e+01
4.404972620094184776e+01
4.381313849605177779e+01
4.357702639418049984e+01
4.334187439470460390e+01
4.310750161516209289e+01
4.287394896703716540e+01
4.264147915576024417e+01
4.240991129886928945e+01
4.217949604693227883e+01
4.195021403712110697e+01
4.172203385174524470e+01
4.149492407311415576e+01
4.126907507748349246e+01
4.104423365321652994e+01
4.082081197051511623e+01
4.059833502379633074e+01
4.037743677720821722e+01
4.015764222516784088e+01
3.993936353787708526e+01
3.972234750369919709e+01
3.950678449888982868e+01
3.929242131181225517e+01
3.907967011266833168e+01
3.886827768982131204e+01
3.865843441952688408e+01
3.844988709014827322e+01
3.824304787188738430e+01
3.803744175916123993e+01
3.783370271611792646e+01
3.763135573717448068e+01
3.743059119858659045e+01
3.723182127055613222e+01
3.703434915355390444e+01
3.683880881172804322e+01
3.664494703344176685e+01
3.645295419495074896e+01
3.626279887856445328e+01
3.607422787264613362e+01
3.588765334739765933e+01
3.570282209118229133e+01
3.551992448025568194e+01
3.533892909692730200e+01
3.516002631745283935e+01
3.498318472414171509e+01
3.480815110535719725e+01
3.463533763130117649e+01
3.446471288428310231e+01
3.429624544661242425e+01
3.412990390059861312e+01
3.396587862249732837e+01
3.380391640067183801e+01
3.364442940532400428e+01
3.348716442481708810e+01
3.333209004146053900e+01
3.317939663151003060e+01
3.302905277727503375e+01
3.288124885501119365e+01
3.273573165308177124e+01
3.259268637404924362e+01
3.245205573175704927e+01
3.231399906030166136e+01
3.217823210588709060e+01
3.204513599655604850e+01
3.191420468456633586e+01
3.178581929796064287e+01
3.165991737688920793e+01
3.153621466755607017e+01
3.141509229800389136e+01
3.129626601443673906e+01
3.117989515095104736e+01
3.106591724769707241e+01
3.095426984482507393e+01
3.084489048248529386e+01
3.073793849477419116e+01
3.063335142184202198e+01
3.053106680383903893e+01
3.043102218091547329e+01
3.033337688716780889e+01
3.023784666880007066e+01
3.014481265385493813e+01
3.005399058853643979e+01
2.996553980694105590e+01
2.987939784921901420e+01
2.979550225552057796e+01
2.971379056599598911e+01
2.963420032079550381e+01
2.955689085401558103e+01
2.948179970580647691e+01
2.940864262237220927e+01
2.933780073175547187e+01
2.926898978016029318e+01
2.920236910168313926e+01
2.913765444252804571e+01
2.907500513679147502e+01
2.901458051856989329e+01
2.895587454012111550e+01
2.889926832948781765e+01
2.884469942682025589e+01
2.879188357832246936e+01
2.874098011809091346e+01
2.869192658627583015e+01
2.864443872908126565e+01
2.859889767454989951e+01
2.855524096283197721e+01
2.851318434013153436e+01
2.847266534659881998e+01
2.843384331633030371e+01
2.839665578947621682e+01
2.836104499678143398e+01
2.832697193136922564e+01
2.829440227695745236e+01
2.826352351121022721e+01
2.823407952389921505e+01
2.820603599874228706e+01
2.817958041340353859e+01
2.815445665765463801e+01
2.813085220915968421e+01
2.810873275163653773e+01
2.808784217485688117e+01
2.806836795648480631e+01
2.805027578023818435e+01
2.803353132983489360e+01
2.801787849504660599e+01
2.800372654748363033e+01
2.799081937691763855e+01
2.797912266706649120e+01
2.796838030770186023e+01
2.795900157043405798e+01
2.795073034503475284e+01
2.794353231522181957e+01
2.793759495865934284e+01
2.793244037117279532e+01
2.792847782437246096e+01
2.792522941408381243e+01
2.792310441191714787e+01
2.792184670764413212e+01
2.792120019103641937e+01
2.792157413370434327e+01
2.792271242541954734e+01
2.792458074989991701e+01
2.792692299691711710e+01
2.793014843808146708e+01
2.793377916921840765e+01
2.793822446193824049e+01
2.794300641206643121e+01
2.794831249726706446e+01
2.795388660731180863e+01
2.796013801381096897e+01
2.796636701864377628e+01
2.797298289342056421e+01
2.797995132185918621e+01
2.798701619373131777e+01
2.799414319275483720e+01
2.800129800264762636e+01
2.800844630712756356e+01
2.801555378991251999e+01
2.802258613472038817e+01
2.802950902526904642e+01
2.803629659698974308e+01
2.804273499822101456e+01
2.804884062296100211e+01
2.805485165915403201e+01
2.806034091290580790e+01
2.806576836610689440e+01
2.807092861880919088e+01
2.807583806501083856e+01
2.808029130476374391e+01
2.808452652601224031e+01
2.808856012275445835e+01
2.809218669504232579e+01
2.809520084292774555e+01
2.809806254830127159e+01
2.810056641121482102e+01
2.810272882566651376e+01
2.810434439170827048e+01
2.810542950333822176e+01
2.810622234850070456e+01
2.810651752724763242e+01
2.810633143357712882e+01
2.810568046148732435e+01
2.810458100497634959e+01
2.810282766409611099e+01
2.810043683284474980e+01
2.809764669916659585e+01
2.809403006916734569e+01
2.808982513079134691e+01
2.808504827803672654e+01
2.807971590490161873e+01
2.807362261143791926e+01
2.806678479164376938e+01
2.805899704557108620e+01
2.805071935511040593e+01
2.804152452636745352e+01
2.803165074728655171e+01
2.802089261791962116e+01
2.800926653226478535e+01
2.799678888432017132e+01
2.798347606808392030e+01
2.796912268360792808e+01
2.795396691883654228e+01
2.793780337382168000e+01
2.792064844256146117e+01
2.790251851905401992e+01
2.788320820335127337e+01
2.786295568339755135e+01
2.784155555924477810e+01
2.781924601883728698e+01
2.779559986828078166e+01
2.777085950445659890e+01
2.774506236604782217e+01
2.771780651278211494e+01
2.768979897411818314e+01
2.766041601583749454e+01
2.762992107950632814e+01
2.759835581274476368e+01
2.756554006922668520e+01
2.753151549657216179e+01
2.749654553634749732e+01
2.746045004222655095e+01
2.742304886788320673e+01
2.738460545488374720e+01
2.734516145084825922e+01
2.730453670945061617e+01
2.726277287831089780e+01
2.721991160504918383e+01
2.717599453728555758e+01
2.713084152869389598e+01
2.708471602084048158e+01
2.703743786739919130e+01
2.698904871599010846e+01
2.693981200817952271e+01
2.688932580369509751e+01
2.683785354410312962e+01
2.678521508307747823e+01
2.673167386218444719e+01
2.667704973509790278e+01
2.662160614338413112e+01
2.656494114677080987e+01
2.650731818682421803e+01
2.644877891116444601e+01
2.638936496741157356e+01
2.632889620923946694e+01
2.626741428426821656e+01
2.620496084011789151e+01
2.614179931835480275e+01
2.607752777870658889e+01
2.601240966273956445e+01
2.594648661807380208e+01
2.587957849838316804e+01
2.581194874523396976e+01
2.574341721230006286e+01
2.567402554720152352e+01
2.560381539755846347e+01
2.553305020493715105e+01
2.546132802906526038e+01
2.538891231150907402e+01
2.531562290594246534e+01
2.524172325393172756e+01
2.516725240251281903e+01
2.509201720243895295e+01
2.501604369782542037e+01
2.493935793278753721e+01
2.486220774538680445e+01
2.478417559184609331e+01
2.470573110417313600e+01
2.462645673859079665e+01
2.454682212710680389e+01
2.446640972594403607e+01
2.438546737316400126e+01
2.430379931893578771e+01
2.422165340132089639e+01
2.413883387048842977e+01
2.405558856449988880e+01
2.397194352747057167e+01
2.388748121562336379e+01
2.380267126096597252e+01
2.371753970761370311e+01
2.363166901178944457e+01
2.354552880550090421e+01
2.345892333891716675e+01
2.337210045009975445e+01
2.328464259527153146e+01
2.319701940644022642e+01
2.310903513377492402e+01
2.302049402744471607e+01
2.293186571945731700e+01
2.284295445998182572e+01
2.275400808707974676e+01
2.266460905697394779e+01
2.257500520772594754e+01
2.248522258345104419e+01
2.239528722826453944e+01
2.230544698022794137e+01
2.221528429556412121e+01
2.212504701233459414e+01
2.203498296860087180e+01
2.194489641453203177e+01
2.185459160029718007e+01
2.176453815790402047e+01
2.167476213146785469e+01
2.158484597721157527e+01
2.149525932714288601e+01
2.140580643143087869e+01
2.131673512813706495e+01
2.122784966743053303e+01
2.113917609342658110e+01
2.105096224418672080e+01
2.096301236988004035e+01
2.087534646774789593e+01
2.078840393542831322e+01
2.070150915395431923e+01
2.061531726803620046e+01
2.052937445265321514e+01
2.044389226462321574e+01
2.035886046681787320e+01
2.027404702816263082e+01
2.018988529942158650e+01
2.010592145557395583e+01
2.002258884738385092e+01
1.993943364983048383e+01
1.985688921367795956e+01
1.977472350785170718e+01
1.969292629522340121e+01
1.961170913261091542e+01
1.953083998893968953e+01
1.945053042102760443e+01
1.937054839780010695e+01
1.929132727002128078e+01
1.921241321267036639e+01
1.913401778256523400e+01
1.905635253652376093e+01
1.897896364952517700e+01
1.890228447233356945e+01
1.882608297387438867e+01
1.875034891701929851e+01
1.867529385858616209e+01
1.860090756144666102e+01
1.852695799452622083e+01
1.845365671464272950e+01
1.838099348466784022e+01
1.830895806747321686e+01
1.823776201987673318e+01
1.816695151685762610e+01
1.809695990917997932e+01
1.802755516576924677e+01
1.795894884344329157e+01
1.789090891112757120e+01
1.782364692563996300e+01
1.775715264985211306e+01
1.769141584663569233e+01
1.762620448491614766e+01
1.756195191545756629e+01
1.749864790113160495e+01
1.743583861691751125e+01
1.737417920752556455e+01
1.731321584793501955e+01
1.725293830101752235e+01
1.719377991753716728e+01
1.713528488224022084e+01
1.707787659472588970e+01
1.702108928857559533e+01
1.696534437315556332e+01
1.691039787599341793e+01
1.685644941250919970e+01
1.680347680417672507e+01
1.675123607852360408e+01
1.669970505702366026e+01
1.664930514904315118e+01
1.659979238210968333e+01
1.655092278375086323e+01
1.650333955727915836e+01
1.645635514232975183e+01
1.641039094826889766e+01
1.636520300262419880e+01
1.632099092081570646e+01
1.627773252431722639e+01
1.623540563460259278e+01
1.619376627919941569e+01
1.615323586747394913e+01
1.611357042695378894e+01
1.607474777911277641e+01
1.603674574542472442e+01
1.599976394130967172e+01
1.596355839429523726e+01
1.592832871980144915e+01
1.589405273930212736e+01
1.586070827427111141e+01
1.582805135223600068e+01
1.579650338256304209e+01
1.576582039277985281e+01
1.573598020436025990e+01
1.570696063877808157e+01
1.567896131145335481e+01
1.565196004385990314e+01
1.562571286352534194e+01
1.560041938586970112e+01
1.557583563842059959e+01
1.555216123659807259e+01
1.552959579582214822e+01
1.550767354967423728e+01
1.548659411357436788e+01
1.546644620596947206e+01
1.544711893075489151e+01
1.542865664758830846e+01
1.541101499854893397e+01
1.539421616389982361e+01
1.537821578572019021e+01
1.536303604427309466e+01
