# d_z
1.000000000000000000e+00
9.523319942861130372e-01
9.063945598628226907e-01
8.625752926065183290e-01
8.211068101319091150e-01
7.820969708818503729e-01
7.455591805271161165e-01
7.114398329391493636e-01
6.796405063021926374e-01
6.500352575948918910e-01
6.224838556265795964e-01
5.968406719405032756e-01
5.729614702233967183e-01
5.507067799117832951e-01
5.299449392295255690e-01
5.105528828395967667e-01
4.924169532881280675e-01
4.754328460802021983e-01
4.595053055637934869e-01
4.445474934929966038e-01
4.304805529535287723e-01
4.172329214451763191e-01
4.047396990919683302e-01
3.929420474018487375e-01
3.817864736967150896e-01
3.712245697696127666e-01
3.612122788494009917e-01
3.517095284412922740e-01
3.426798418278417246e-01
3.340899856761647690e-01
3.259096012823513022e-01
