# da
0.000000000000000000e+00
3.706752388784288428e+02
6.646437905238108215e+02
8.991379419548286478e+02
1.086775941129301373e+03
1.237055358998963811e+03
1.357279012654924145e+03
1.453154357947275003e+03
1.529197670519571602e+03
1.589016899897911117e+03
1.635516057015302977e+03
1.671046828682108753e+03
1.697523391049125394e+03
1.716510743077070401e+03
1.729293492050179793e+03
1.736929916093459269e+03
1.740294766624340127e+03
1.740113358643381162e+03
1.736988860042101578e+03
1.731424234622035556e+03
1.723839958346503863e+03
1.714588377684891384e+03
1.703965388839724028e+03
1.692219970025609882e+03
1.679561993131743975e+03
1.666168634761974545e+03
1.652189668582752802e+03
1.637751838484913605e+03
1.622962486547181697e+03
1.607912571165767758e+03
1.592679185046870543e+03
