# f_ap
0.000000000000000000e+00
1.022099613762433024e-01
2.095390403497744691e-01
3.229365118505596599e-01
4.432026111209240726e-01
5.709826594501392627e-01
7.067743457893667092e-01
8.509430624310561075e-01
1.003740997722589956e+00
1.165326901639809565e+00
1.335784617352939518e+00
1.515139402089603626e+00
1.703371698110371923e+00
1.900428399607020369e+00
2.106231861590820209e+00
2.320686976915979471e+00
2.543686657324311984e+00
2.775116027779682693e+00
3.014855601470310287e+00
3.262783657672125415e+00
3.518778002304763231e+00
3.782717254092221815e+00
4.054481768442796508e+00
4.333954283645077510e+00
4.621020370822446210e+00
4.915568706300594393e+00
5.217491247228975837e+00
5.526683311487532002e+00
5.843043595868834927e+00
6.166474148236951613e+00
6.496880306873492827e+00
