# f_z
4.831391466581930194e-01
5.409732787136720678e-01
5.941988090485009755e-01
6.423820404992681699e-01
6.854262588413718715e-01
7.234852517810990147e-01
7.568783145023834091e-01
7.860181238316769070e-01
8.113557035676616236e-01
8.333424715465566068e-01
8.524063831346925246e-01
8.689390075082141784e-01
8.832898302435395754e-01
8.957655734792776547e-01
9.066321957795780984e-01
9.161184412500634755e-01
9.244200005565046396e-01
9.317036615895420981e-01
9.381113534774667695e-01
9.437637535922942522e-01
9.487634541330841609e-01
9.531977881691732213e-01
9.571411651030010681e-01
9.606571169750300898e-01
9.637999669410629577e-01
9.666162306987440278e-01
9.691459721643964631e-01
9.714236010064061233e-01
9.734788661542580490e-01
9.753375236244832269e-01
9.770218700443454862e-01
