# fsigma_8
3.996205194284758733e-01
4.261484440393502049e-01
4.455212934717773798e-01
4.583888168716339639e-01
4.656177121103392547e-01
4.681510149234679452e-01
4.669081869612278779e-01
4.627245578236807710e-01
4.563222054426273044e-01
4.483027437480071598e-01
4.391533561431563149e-01
4.292597166890218530e-01
4.189213110944773888e-01
4.083667643734387731e-01
3.977677336796444085e-01
3.872508586576436374e-01
3.769076893954546037e-01
3.668026917909791296e-01
3.569796516750340931e-01
3.474667009093069803e-01
3.382801950189418538e-01
3.294277526366675146e-01
3.209105594269001660e-01
3.127251460737874300e-01
3.048647258774688229e-01
2.973202139286132972e-01
2.900810113700688087e-01
2.831355599331211170e-01
2.764717929028032706e-01
2.700774326830176486e-01
2.639402230161343454e-01
