# h
7.200000000000001421e+01
7.514977174624597467e+01
7.876176789363687192e+01
8.282628380275244240e+01
8.732829118779405064e+01
9.224933155804851026e+01
9.756911456670322025e+01
1.032667560943348519e+02
1.093216639402757409e+02
1.157141203200172725e+02
1.224256258680926521e+02
1.294390688487009982e+02
1.367387740379446655e+02
1.443104738896252286e+02
1.521412332567743135e+02
1.602193494652885590e+02
1.685342422369401731e+02
1.770763426440036881e+02
1.858369865706946769e+02
1.948083156641522464e+02
2.039831871397796590e+02
2.133550927954013332e+02
2.229180869882063405e+02
2.326667229971762367e+02
2.425959970344599128e+02
2.527012991164020264e+02
2.629783700153370773e+02
2.734232635587898699e+02
2.840323136056196631e+02
2.948021050979853612e+02
3.057294486573076142e+02
