# rs_dv
inf
3.641262892723240996e-01
1.876932592543376355e-01
1.292318347532427913e-01
1.002428203371910492e-01
8.302542984628952238e-02
7.167944177587244614e-02
6.367672309434116440e-02
5.775394404689478817e-02
5.321003269146783177e-02
4.962508076788255812e-02
4.673252809221541820e-02
4.435522984435576188e-02
4.237101943878045923e-02
4.069302612924758505e-02
3.925786584608402519e-02
3.801826289597082242e-02
3.693827907395479809e-02
3.599013654989959704e-02
3.515204734126506358e-02
3.440669687823439543e-02
3.374016336722258924e-02
3.314113401067834280e-02
3.260032748369352112e-02
3.211006220359178404e-02
3.166392952068074890e-02
3.125654322148292003e-02
3.088334554360047668e-02
3.054045540813661586e-02
3.022454858859247376e-02
2.993276228440349199e-02
