# sigma_8
8.271333883677114418e-01
7.877439807242371250e-01
7.497848980633216032e-01
7.135766381565833427e-01
6.793111674732279504e-01
6.470774819126704491e-01
6.168867280445218260e-01
5.886945145335753526e-01
5.624194215140229103e-01
5.379573933343702041e-01
5.151924772409449682e-01
4.940044272151794535e-01
4.742738982729745034e-01
4.558857545588469451e-01
4.387310924223458142e-01
4.227082888204187205e-01
4.077234256815674973e-01
3.936902975836671370e-01
3.805301474625087388e-01
3.681712712389381692e-01
3.565485090570224558e-01
3.456027245608765397e-01
3.352802816629101290e-01
3.255325344994201009e-01
3.163153520798071550e-01
3.075886835809569786e-01
2.993161192448956509e-01
2.914645677125708989e-01
2.840038983023935315e-01
2.769066360528960047e-01
2.701477122555654975e-01
