# t_k
6.060334000000000000e+06
6.060332500000000000e+06
6.060331000000000000e+06
6.060328500000000000e+06
6.060326500000000000e+06
6.060323500000000000e+06
6.060319500000000000e+06
6.060315000000000000e+06
6.060310000000000000e+06
6.060303500000000000e+06
6.060295000000000000e+06
6.060285500000000000e+06
6.060273500000000000e+06
6.060258500000000000e+06
6.060240500000000000e+06
6.060219000000000000e+06
6.060192500000000000e+06
6.060160000000000000e+06
6.060120500000000000e+06
6.060072500000000000e+06
6.060013500000000000e+06
6.059942500000000000e+06
6.059855000000000000e+06
6.059749000000000000e+06
6.059619500000000000e+06
6.059461500000000000e+06
6.059269500000000000e+06
6.059035500000000000e+06
6.058750500000000000e+06
6.058403000000000000e+06
6.057980500000000000e+06
6.057465500000000000e+06
6.056840000000000000e+06
6.056079000000000000e+06
6.055154000000000000e+06
6.054031000000000000e+06
6.052669500000000000e+06
6.051018000000000000e+06
6.049019500000000000e+06
6.046604000000000000e+06
6.043690000000000000e+06
6.040181500000000000e+06
6.035969000000000000e+06
6.030924500000000000e+06
6.024905500000000000e+06
6.017752000000000000e+06
6.009287000000000000e+06
5.999319000000000000e+06
5.987642500000000000e+06
5.974040500000000000e+06
5.958284000000000000e+06
5.940129000000000000e+06
5.919314500000000000e+06
5.895555500000000000e+06
5.868538000000000000e+06
5.837921000000000000e+06
5.803339500000000000e+06
5.764413000000000000e+06
5.720752000000000000e+06
5.671951500000000000e+06
5.617595000000000000e+06
5.557254000000000000e+06
5.490492000000000000e+06
5.416868500000000000e+06
5.335950500000000000e+06
5.247306000000000000e+06
5.150501000000000000e+06
5.045107000000000000e+06
4.930703000000000000e+06
4.806881500000000000e+06
4.673243500000000000e+06
4.529417500000000000e+06
4.375077500000000000e+06
4.209973500000000000e+06
4.033983750000000000e+06
3.847191000000000000e+06
3.649985500000000000e+06
3.443206500000000000e+06
3.228308750000000000e+06
3.007542500000000000e+06
2.784110250000000000e+06
2.562224750000000000e+06
2.346977250000000000e+06
2.143877500000000000e+06
1.957964250000000000e+06
1.798083000000000000e+06
1.669705250000000000e+06
1.562618375000000000e+06
1.470023125000000000e+06
1.385815625000000000e+06
1.305526000000000000e+06
1.226901250000000000e+06
1.149810000000000000e+06
1.075556750000000000e+06
1.005810937500000000e+06
9.420101250000000000e+05
8.726896250000000000e+05
8.154716250000000000e+05
7.696750000000000000e+05
7.324986250000000000e+05
7.002848125000000000e+05
6.699675625000000000e+05
6.396026875000000000e+05
6.083676250000000000e+05
5.765032500000000000e+05
5.450405000000000000e+05
5.153161250000000000e+05
4.885476562500000000e+05
4.654887812500000000e+05
4.461530000000000000e+05
4.298417812500000000e+05
4.155200312500000000e+05
4.021756250000000000e+05
3.889709062500000000e+05
3.753698750000000000e+05
3.612916875000000000e+05
3.470711875000000000e+05
3.332078750000000000e+05
3.201589687500000000e+05
3.082734687500000000e+05
2.977305000000000000e+05
2.884618437500000000e+05
2.801863437500000000e+05
2.725504375000000000e+05
2.652292500000000000e+05
2.579591093750000000e+05
2.505850625000000000e+05
2.431175937500000000e+05
2.357052656250000000e+05
2.285295937500000000e+05
2.217291875000000000e+05
2.153944687500000000e+05
2.095714218750000000e+05
2.042376406250000000e+05
1.992929843750000000e+05
1.946014843750000000e+05
1.900485625000000000e+05
1.855650000000000000e+05
1.811182656250000000e+05
1.767066718750000000e+05
1.723632500000000000e+05
1.681480156250000000e+05
1.641190156250000000e+05
1.603052500000000000e+05
1.567045937500000000e+05
1.532986406250000000e+05
1.500611093750000000e+05
1.469562187500000000e+05
1.439429687500000000e+05
1.409902656250000000e+05
1.380872968750000000e+05
1.352388906250000000e+05
1.324554062500000000e+05
1.297491640625000000e+05
1.271341796875000000e+05
1.246212890625000000e+05
1.222120390625000000e+05
1.198983984375000000e+05
1.176682031250000000e+05
1.155095468750000000e+05
1.134116093750000000e+05
1.113646171875000000e+05
1.093617421875000000e+05
1.074016562500000000e+05
1.054878359375000000e+05
1.036246875000000000e+05
1.018145000000000000e+05
1.000581953125000000e+05
9.835650781250000000e+04
9.670834375000000000e+04
9.510906250000000000e+04
9.355255468750000000e+04
9.203480468750000000e+04
9.055395312500000000e+04
8.910771093750000000e+04
8.769331250000000000e+04
8.631007812500000000e+04
8.495984375000000000e+04
8.364408593750000000e+04
8.236188281250000000e+04
8.111156250000000000e+04
7.989262500000000000e+04
7.870482031250000000e+04
7.754620312500000000e+04
7.641377343750000000e+04
7.530577343750000000e+04
7.422221875000000000e+04
7.316292187500000000e+04
7.212644531250000000e+04
7.111164062500000000e+04
7.011889062500000000e+04
6.914891406250000000e+04
6.820103125000000000e+04
6.727359375000000000e+04
6.636579687500000000e+04
6.547780078125000000e+04
6.140880859375000000e+04
4.300398046875000000e+04
2.988217578125000000e+04
2.064867187500000000e+04
1.419693164062500000e+04
9.717159179687500000e+03
6.623839355468750000e+03
4.498534179687500000e+03
3.044892089843750000e+03
2.054666748046875000e+03
1.382591308593750000e+03
9.279657592773437500e+02
6.213635864257812500e+02
4.151605529785156250e+02
2.768306274414062500e+02
