# mass_function_data
2.665598808644655815e-01
2.611372933725327750e-01
2.558253667399463804e-01
2.506129375828428096e-01
2.454999989226974710e-01
2.404845687256024767e-01
2.355715474888026295e-01
2.307639053991053790e-01
2.260556477815821308e-01
2.214411462448660495e-01
2.169207505783754819e-01
2.124953006101104047e-01
2.081636448314479748e-01
2.039273364881696582e-01
1.997837146037560740e-01
1.957247700179795269e-01
1.917415785682970997e-01
1.878341517278106498e-01
1.840009094532467082e-01
1.802456113248875058e-01
1.765708248979337425e-01
1.729719873494194871e-01
1.694447135114211522e-01
1.659890901169920885e-01
1.626059691929943873e-01
1.592944214872836772e-01
1.560557191230936003e-01
1.528879517694759771e-01
1.497850199300405083e-01
1.467397942105309605e-01
1.437522850446605882e-01
1.408212415392030292e-01
1.379495424018307437e-01
1.351393849186851848e-01
1.323873022200920679e-01
1.296898746900329580e-01
1.270470207183310718e-01
1.244595597995052233e-01
1.219267445437627051e-01
1.194496093760258199e-01
1.170267938796825252e-01
1.146536529402149562e-01
1.123244953053223749e-01
1.100393201713035646e-01
1.077971434695241676e-01
1.056001655485654528e-01
1.034502511926883583e-01
1.013447715815640748e-01
9.928105684112563389e-02
9.725892441279827827e-02
9.527913510919490403e-02
9.334108987161687798e-02
9.144562432683137065e-02
8.959177920224255243e-02
8.777601684628384693e-02
8.599379810078021380e-02
8.424510702614096402e-02
8.252917394173085730e-02
8.084767773659945478e-02
7.920218992493878452e-02
7.759072190755436638e-02
7.601118598286389638e-02
7.446334580551908222e-02
7.294789005923987824e-02
7.146434001457660501e-02
7.001336680111644450e-02
6.859430212594605503e-02
6.720445196856981995e-02
6.584019903676342766e-02
6.450151252251463962e-02
6.318779382143890899e-02
6.190032145573792777e-02
6.064041156801800586e-02
5.940656439826838553e-02
5.819714460616428470e-02
5.701189408473792547e-02
5.585142426120476983e-02
5.471535366007437146e-02
5.360421849435258873e-02
5.251756005725601029e-02
5.145332732399959808e-02
5.040864007580771189e-02
4.938345466916002624e-02
4.837730827204244494e-02
4.739117240817122129e-02
4.642614318236285703e-02
4.548109387508820350e-02
4.455474087927815963e-02
4.364682526942596785e-02
4.275788144318560385e-02
4.188760649765588262e-02
4.103642676199931866e-02
4.020403323250611866e-02
3.938886499954115383e-02
3.858863110143325587e-02
3.780327758606340238e-02
3.703244883186656428e-02
3.627688138763539294e-02
3.553748353167320018e-02
3.481341259408461675e-02
3.410365898210224178e-02
3.340797588673176388e-02
3.272682427690542378e-02
3.205996483267928993e-02
3.140773475940117354e-02
3.076993101260334929e-02
3.014536625212239918e-02
2.953222048041245426e-02
2.893043204516156791e-02
2.833972961850220879e-02
2.776067013866275954e-02
2.719400302653003990e-02
2.663910103318639297e-02
2.609516872277530680e-02
2.556197868431918721e-02
2.503992407378202723e-02
2.452881701509000006e-02
2.402892263033198222e-02
2.354011222569499240e-02
2.306148309705593341e-02
2.259159146773339830e-02
2.213037042415476677e-02
2.167761480091777090e-02
2.123374433068425660e-02
2.079937504957381569e-02
2.037404239233696346e-02
1.995711890621289231e-02
1.954839999814860646e-02
1.914821773980313405e-02
1.875642556143614081e-02
1.837323074732820707e-02
1.799855606454772716e-02
1.763171560571686822e-02
1.727156601049256723e-02
1.691803722940705274e-02
1.657097592822259075e-02
1.623069711718984343e-02
1.589770540403949092e-02
1.557165874839413870e-02
1.525206168012405161e-02
1.493873341026458537e-02
1.463195213394721979e-02
1.433160406759223689e-02
1.403785047666326717e-02
1.375064914990633061e-02
1.346947920260811553e-02
1.319343694739610537e-02
1.292245119669158983e-02
1.265640895232003800e-02
1.239554546852428968e-02
1.214027260729778901e-02
1.189034039578322315e-02
1.164535714580381028e-02
1.140516544263553943e-02
1.116999655744698589e-02
1.093976263071129440e-02
1.071458845518565017e-02
1.049445521741285137e-02
1.027896750409004051e-02
1.006741264797539857e-02
9.859720096698425945e-03
9.655808007115972841e-03
9.455851018918780965e-03
9.260184112777548882e-03
9.068626225480637404e-03
8.880867398008203406e-03
8.696772285114470410e-03
8.516531705655323164e-03
8.340078194317422297e-03
8.167507771997227495e-03
7.998816848061699597e-03
7.833705330730397765e-03
7.671612586824562430e-03
7.512470230674574319e-03
7.356220197692209944e-03
7.202991252285980035e-03
7.053054824714313775e-03
6.906281194859763967e-03
6.762424910534851029e-03
6.621370842878638099e-03
6.483275258622631272e-03
6.348086679739366536e-03
6.215878530575278359e-03
6.086656687861229098e-03
5.960193502546288352e-03
5.836049081081736215e-03
5.714158521494953555e-03
5.594481625984675660e-03
5.477112580543262027e-03
5.362270451948051610e-03
5.249863576035541761e-03
5.139697518261637961e-03
5.031675245790647594e-03
4.925923795721725944e-03
4.822404147389378233e-03
4.721172079179432150e-03
4.622238900649691846e-03
4.525432072272891036e-03
4.430407374983070558e-03
4.337104372115152540e-03
4.245496123418840764e-03
4.155650825037888151e-03
4.067744587014840256e-03
3.981713718412859156e-03
3.897404233258286964e-03
3.814735029809562458e-03
3.733808613735245269e-03
3.654595635436296529e-03
3.577138147731871113e-03
3.501450148744199384e-03
3.427401032243470973e-03
3.354722250713391540e-03
3.283358484119409601e-03
3.213292478552763360e-03
3.144572989397036080e-03
3.077341004000852531e-03
3.011553221168909722e-03
2.947087782153181776e-03
2.883877430537091190e-03
2.822004228302897773e-03
2.761446326367913897e-03
2.702235137545547748e-03
2.644385518880763841e-03
2.587798794601248609e-03
2.532266149675932269e-03
2.477737753890086898e-03
2.424203274168053486e-03
2.371697052091152006e-03
2.320331425988617340e-03
2.270077802474794199e-03
2.220839908956286166e-03
2.172562362701060002e-03
2.125310332821085408e-03
2.079067765503678222e-03
2.033857860105875003e-03
1.989695161958794992e-03
1.946505324074757548e-03
1.904126585957856364e-03
1.862514732573526590e-03
1.821664258491113462e-03
1.781598920329129651e-03
1.742407743618978313e-03
1.704072620395915248e-03
1.666517685952197559e-03
1.629697640383937114e-03
1.593663800905125794e-03
1.558404566815361570e-03
1.523936826578050187e-03
1.490274112467559770e-03
1.457360613315695315e-03
1.425071550739919358e-03
1.393368259688985240e-03
1.362248493177756594e-03
1.331728313511941790e-03
1.301877841169713206e-03
1.272686299868079239e-03
1.244094130194297676e-03
1.216064523677909837e-03
1.188637521363486438e-03
1.161804898571521666e-03
1.135578734873997310e-03
1.109971158526667449e-03
1.084940452821112804e-03
1.060390848975274443e-03
1.036289004024120797e-03
1.012634760943908682e-03
9.894386665116512453e-04
9.667555447903157474e-04
9.445796140102515753e-04
9.228643387989081100e-04
9.015800174880460836e-04
8.807575655260079916e-04
8.603912615177692009e-04
8.404895601314140525e-04
8.210629963400292589e-04
8.020805361067353308e-04
7.834691027770936556e-04
7.652003284252574273e-04
7.472752974416886195e-04
7.297006509065011260e-04
7.125188696837322401e-04
6.957274509833181152e-04
6.792902362549540054e-04
6.631834332297742354e-04
6.474306176115039854e-04
6.320278755369610315e-04
6.169809495728049813e-04
6.022987317070809107e-04
5.879582502592467811e-04
5.739041165874060428e-04
5.601125199052610750e-04
5.465851783969256352e-04
5.333260099040094526e-04
5.203675683414010550e-04
5.077093913891926082e-04
4.953235634123563614e-04
4.831911734390212853e-04
4.713299386078377605e-04
4.597372146090617970e-04
4.484167391603090073e-04
4.373758019403728241e-04
4.265974992065496552e-04
4.160401776219323612e-04
4.056841335971516933e-04
3.955313026037083311e-04
3.855837489846694220e-04
3.758660904020814193e-04
3.663790335058074595e-04
3.571011941703580912e-04
3.480176796466697797e-04
3.391415750892433139e-04
3.304711106570319733e-04
3.220085703937072938e-04
3.137597587637836177e-04
3.057123273686554346e-04
2.978352478722373132e-04
2.901124715445636262e-04
2.825458852377074506e-04
2.751363413295132001e-04
2.679021699850458256e-04
2.608446494591189560e-04
2.539475610043053205e-04
2.471993103236355249e-04
2.406093629800274097e-04
2.341765415794187105e-04
2.279021044124312167e-04
2.217905363454988053e-04
2.158328916051396298e-04
2.100063238167076279e-04
2.042979889252066836e-04
1.987095650895628006e-04
1.932411580800904693e-04
1.879061631275104685e-04
1.827060315988195713e-04
1.776286095626386605e-04
1.726649911434134351e-04
1.678218446417905014e-04
1.630983813444494834e-04
1.584951524163572922e-04
1.540155053252843516e-04
1.496530093040428049e-04
1.453910742746329437e-04
1.412196118361664114e-04
1.371400036534034311e-04
1.331519286604799222e-04
1.292649455868401123e-04
1.254804256608066490e-04
1.217893830072616439e-04
1.181850785381147672e-04
1.146720449870638543e-04
1.112497368193837233e-04
1.079182304863250322e-04
1.046799183310683802e-04
1.015302081197459093e-04
9.845724815809468245e-05
9.545327439852681827e-05
9.251934326892772740e-05
8.965491681208191980e-05
8.686661843564160996e-05
8.415559647425610546e-05
8.151531060401490125e-05
7.894075069920498771e-05
7.643485202246886115e-05
7.399721621533287240e-05
7.162762220369157473e-05
6.932768635872303936e-05
6.709415397181399572e-05
6.491871959692745977e-05
6.279554594794047203e-05
6.072537999532805593e-05
5.870760347000702383e-05
5.674664121272173536e-05
5.484335960963227055e-05
5.299308461931623239e-05
5.119216630469160983e-05
4.944238015593318679e-05
4.774341142800094158e-05
4.609487384210289454e-05
4.449777465332069483e-05
4.294982422621609886e-05
4.144532811100193066e-05
3.998001164916147358e-05
3.855434778730435093e-05
3.716772182640244070e-05
3.582294941037604449e-05
3.452061115362188608e-05
3.325743280225538937e-05
3.203081189429577477e-05
3.084171357822595256e-05
2.968986498567650282e-05
2.857480917597854278e-05
2.749709612452886666e-05
2.645512524394331218e-05
2.544508650803181486e-05
2.446394190745093003e-05
2.351193923184387928e-05
2.258851615420900174e-05
2.169534949985917318e-05
2.083276837875893146e-05
1.999852976737161720e-05
1.919082145062956467e-05
1.841007472300960454e-05
1.765603785052014758e-05
1.692825096569393692e-05
1.622694317339634136e-05
1.555100297518902827e-05
1.489795034833830518e-05
1.426569819381328394e-05
1.365432566124344033e-05
1.306334820526297174e-05
1.249367241005057802e-05
1.194543022646642311e-05
1.141712284911621600e-05
1.090751921819589607e-05
1.041672691713785531e-05
9.944509310850626412e-06
9.490447183780985940e-06
9.054564839448083527e-06
8.636096051650076150e-06
8.233474502820655567e-06
7.845319529845466030e-06
7.471598515018544491e-06
7.111914704016689533e-06
6.766685711690211882e-06
6.435909179682813611e-06
6.118611316310731632e-06
5.813978504691425053e-06
5.521947602516503017e-06
5.242302519463649011e-06
4.974690641298855486e-06
4.719025923825242348e-06
4.474787000400215636e-06
4.241017391258748885e-06
4.016842077703462006e-06
3.802168712660280181e-06
3.596689300229769496e-06
3.400539231709189768e-06
3.213642322538493601e-06
3.035386205639547167e-06
2.865250203803891236e-06
2.703104391154986646e-06
2.548763090119330636e-06
2.401951837004033708e-06
2.262544374531837767e-06
2.130194564864485351e-06
2.004340353877943056e-06
1.884453903640669132e-06
1.770425525211927615e-06
1.662030603785312493e-06
1.559265805466178759e-06
1.462030835492997191e-06
1.369956297860069824e-06
1.282722694335550374e-06
1.200197112019093677e-06
1.122233395056711335e-06
1.048635574592237691e-06
9.792831406935443567e-07
9.139562355756826741e-07
8.523399205743349734e-07
7.941341219743097571e-07
7.392410819264940589e-07
6.875093605365820855e-07
6.388872299447689876e-07
5.932838924358376391e-07
5.504888430269816388e-07
5.103172342955543110e-07
4.726649484513632650e-07
4.374291690439626212e-07
4.044836798688569473e-07
3.737371688983546809e-07
3.450597390191470742e-07
3.182859156631917300e-07
2.932575962466386117e-07
2.699037045536876939e-07
2.481321423158136671e-07
2.278908280948859778e-07
2.091147137460147338e-07
1.916932378663064747e-07
1.755282297002040925e-07
1.605528767564830559e-07
1.467042894821003998e-07
1.339109516787012903e-07
1.221159693063193008e-07
1.112504533094984099e-07
1.012351240119064702e-07
9.199479042217749002e-08
8.348688633317917413e-08
7.566252438747551398e-08
6.848701919817884203e-08
6.192269161092294544e-08
5.591791071543720970e-08
5.042659807385992609e-08
4.541356132139724967e-08
4.084646447893758422e-08
3.669086102915890356e-08
3.291784959020716330e-08
2.949603856902629206e-08
2.639218634337050939e-08
2.357524579737015455e-08
2.102461853040578999e-08
1.871858545626765150e-08
1.663989782799909688e-08
1.477119348869297127e-08
1.309203431927319748e-08
1.158422156513911253e-08
1.023293099951515227e-08
9.024767960392923262e-09
7.946246093016250918e-09
6.985767569140921329e-09
6.131671507898025794e-09
5.372410406545204099e-09
4.697427437828811108e-09
4.098971063146023187e-09
3.569379409865214219e-09
3.102243245596366318e-09
2.691438567658984984e-09
2.330507363469467503e-09
2.013759184197908056e-09
1.736423949202332886e-09
1.494267166754274858e-09
1.283236417608478349e-09
1.099833858518499615e-09
9.407467789010076421e-10
8.028729444818266924e-10
6.834508238635956034e-10
5.803350835051063845e-10
4.915160801190569182e-10
4.152873761440006727e-10
3.500885516976229580e-10
2.944069480310613980e-10
2.469353016215387793e-10
2.065747245933447996e-10
1.723721537917919297e-10
1.434589646885355368e-10
1.190950791872402065e-10
9.861520078972334046e-11
8.142705061799547620e-11
6.702027556729129700e-11
5.498986550065098352e-11
4.497499599918899729e-11
3.667238257486809454e-11
2.981663932374120365e-11
2.416803386829170960e-11
1.952536273410926861e-11
1.572238758913304420e-11
1.261945637049050004e-11
1.009558329766027679e-11
8.050502596659143485e-12
6.398621372336543090e-12
5.067534565077978379e-12
3.997312565630722637e-12
3.140715368506118562e-12
2.457808239477457445e-12
1.916006363521042134e-12
1.488172831102036379e-12
1.151368680668712776e-12
8.871095345526453945e-13
6.806429364452967513e-13
5.200989131151851404e-13
3.957596966451810123e-13
2.999048799556330433e-13
2.263091060826804170e-13
1.699970794778902044e-13
1.270538452649278981e-13
9.448678318208901572e-14
6.991298806749451669e-14
5.147808986007826002e-14
3.772664889516090751e-14
2.751147312581368790e-14
1.995711491364325439e-14
1.440014110204016187e-14
1.033641432797197930e-14
7.379841746543101968e-15
5.241039832055425695e-15
3.701906030248565498e-15
2.599548344376800387e-15
1.813790720303051669e-15
1.257551560433115411e-15
8.663186276247735323e-16
5.930911370156335190e-16
4.035946771691824158e-16
2.729000479429474675e-16
1.832951285645378940e-16
1.222761019572759972e-16
8.102671426479792588e-17
5.332507663383688370e-17
3.485445033316992620e-17
2.262191596346164504e-17
1.457253619852887946e-17
9.310794631786016767e-18
5.900931282423052653e-18
3.709357902622068630e-18
2.313161884528635923e-18
1.431311448084655350e-18
8.784235301452904383e-19
5.344908216392878170e-19
3.223907175056912524e-19
1.927908043440405553e-19
1.142738388568984134e-19
6.713551437607286110e-20
