# mass_function_simulation
4.165645721422022718e-01
4.110059468491121248e-01
4.051630340209320669e-01
4.029555615004220548e-01
4.006338386133140861e-01
3.950789648941794852e-01
3.927351666485990878e-01
3.891030265143193279e-01
3.815225677448102481e-01
3.782356210589541967e-01
3.696439553912175824e-01
3.657629351619807734e-01
3.626790208985473662e-01
3.588723856387291966e-01
3.548751864865136718e-01
3.545173011388815798e-01
3.470752803349341775e-01
3.464503899884461835e-01
3.373374954586219610e-01
3.377544671807410914e-01
3.345404409189134398e-01
3.266240029312552084e-01
3.265450127171836692e-01
3.224122830470123602e-01
3.189295246274780338e-01
3.122387924248895552e-01
3.099941790117836660e-01
3.072374390118237653e-01
3.003859249131974329e-01
3.036051663410769819e-01
2.950139403467764709e-01
2.918510567755565055e-01
2.868274411153490799e-01
2.834166955099811092e-01
2.837370563452766281e-01
2.770705466487194402e-01
2.734253756804100322e-01
2.674209172789263067e-01
2.650483988525692003e-01
2.626393193868833409e-01
2.576054729108053221e-01
2.525382485206168481e-01
2.509818016311731181e-01
2.474906427258387054e-01
2.445748296217898632e-01
2.409699432765216864e-01
2.362043621231991741e-01
2.323535300107648360e-01
2.310814137663772527e-01
2.259877830060267045e-01
2.240800803257896601e-01
2.196463329718063295e-01
2.177156236538208001e-01
2.146321161789431220e-01
2.111562751698067009e-01
2.060062311402710289e-01
2.040720967227524218e-01
2.007222117936102723e-01
1.986910645245627549e-01
1.939767317038202932e-01
1.921061113936584075e-01
1.882541932999468870e-01
1.855661108669458548e-01
1.825602640080347394e-01
1.792047689423579004e-01
1.759643469504934832e-01
1.745245890446344150e-01
1.718112217129244002e-01
1.678409704420586179e-01
1.644285791520641304e-01
1.631553211256067948e-01
1.591074218910371874e-01
1.565785712074918845e-01
1.543993124713594900e-01
1.514412068914004761e-01
1.493703041777565965e-01
1.463467571086389529e-01
1.429000429387136395e-01
1.417933318130028264e-01
1.392726562391923828e-01
1.359094661710182061e-01
1.344257042051626994e-01
1.323435245501728141e-01
1.297318655016140299e-01
1.279790635020403022e-01
1.243964748887289168e-01
1.226468626919986621e-01
1.210372373438701743e-01
1.185428486616244698e-01
1.148803118283843461e-01
1.137929302931742631e-01
1.111066192700602556e-01
1.099251862513072331e-01
1.079982053345434762e-01
1.058346449341070888e-01
1.029850312061131590e-01
1.014008315135194044e-01
9.922371479462144261e-02
9.781961295575793136e-02
9.610804784489683505e-02
9.374883113228175968e-02
9.198142808606879495e-02
9.014699593194509808e-02
8.882484393722785143e-02
8.698919878208870304e-02
8.626252309365739501e-02
8.313672913521709396e-02
8.146159899601441989e-02
7.998590188170574822e-02
7.859904241044420037e-02
7.750015667972627587e-02
7.565629134303666903e-02
7.397605019272190940e-02
7.205537377277182465e-02
7.081369923540395406e-02
6.895175046874617297e-02
6.823093939635700711e-02
6.701181124881461226e-02
6.554383016707417131e-02
6.442811799996304989e-02
6.302905806728943683e-02
6.188465088369144579e-02
6.077816535414881649e-02
5.903143096047153149e-02
5.790121985570292895e-02
5.640514687944155059e-02
5.574500923295835908e-02
5.508750617788386872e-02
5.352238344742658860e-02
5.184621679536024347e-02
5.088841550014498727e-02
5.028605495876747877e-02
4.879634179039089165e-02
4.810759888604524553e-02
4.700705209056687400e-02
4.598232396323612831e-02
4.521277192169256831e-02
4.431350019374544896e-02
4.335377062026679607e-02
4.223497181279951135e-02
4.156252444886756464e-02
4.086282612573435835e-02
4.008785889239189354e-02
3.900052469289548573e-02
3.814726139144344191e-02
3.711747395427390100e-02
3.680335787387481461e-02
3.580063235329437182e-02
3.509433906429134525e-02
3.437150345955819475e-02
3.342979478456722248e-02
3.289051755746126571e-02
3.224107222899897512e-02
3.162847088689801217e-02
3.089822295957652884e-02
3.029540726400531403e-02
2.958594770751089842e-02
2.912935142849967449e-02
2.855938151115931106e-02
2.792304234437715735e-02
2.722903461137650416e-02
2.660005607716763726e-02
2.611075158862764464e-02
2.558328678118937730e-02
2.515403369648978177e-02
2.449694899365318507e-02
2.411689685663278779e-02
2.345853920455518229e-02
2.303535937963660865e-02
2.267810188360944515e-02
2.222750726082364792e-02
2.158150294009785961e-02
2.124452327917723121e-02
2.081777627455998203e-02
2.043088413503805698e-02
2.001727975216004152e-02
1.954921798527524401e-02
1.910048586480073834e-02
1.865878265029163874e-02
1.834198879175493249e-02
1.797671605204759562e-02
1.765110377239458364e-02
1.730294255634428485e-02
1.681745430791029006e-02
1.664799351913031494e-02
1.629744712920910485e-02
1.588061687314389417e-02
1.564067714800096778e-02
1.530696167737720381e-02
1.497654594044613152e-02
1.459568814487618646e-02
1.442451358799300663e-02
1.408589281729864633e-02
1.375066381697975446e-02
1.357089428597595127e-02
1.316819042449960536e-02
1.290638336966472115e-02
1.262144496935204210e-02
1.241891104683927327e-02
1.223170492069349663e-02
1.187747674216572090e-02
1.169673357137797874e-02
1.145533164687068811e-02
1.123989040305020497e-02
1.100773632751829781e-02
1.073108258737468478e-02
1.055637787671312097e-02
1.036713942178650420e-02
1.012396435458091937e-02
9.856132912269143995e-03
9.775857831290625521e-03
9.509415844414739749e-03
9.394585620590516911e-03
9.181016649256995565e-03
8.962658778809395529e-03
8.732376506967089863e-03
8.644654466068522197e-03
8.422727548932329791e-03
8.237408870579391446e-03
8.076492263690060458e-03
7.943505445021210865e-03
7.792697373661748583e-03
7.568912993624250275e-03
7.422773236199248226e-03
7.277867955779795950e-03
7.127977000312723556e-03
7.005825981865131981e-03
6.887595736004871461e-03
6.698580792594559415e-03
6.530139245459961293e-03
6.443905901517222624e-03
6.347111390859382953e-03
6.175001080602468551e-03
6.025877905075883827e-03
5.920001137359769648e-03
5.781040124887571081e-03
5.674099739990007794e-03
5.571011486558799172e-03
5.459621711463968040e-03
5.351734642813256969e-03
5.231499627100180509e-03
5.145009000864804623e-03
5.021167515629143541e-03
4.908445230074240904e-03
4.801829585821823856e-03
4.677854235351960530e-03
4.611633318918309694e-03
4.523177863297404670e-03
4.442225114823978617e-03
4.323725382380785506e-03
4.221455070594000089e-03
4.152699709390386858e-03
4.050602954673594887e-03
3.985070499735295091e-03
3.883283742838763552e-03
3.806386586958720921e-03
3.749040774681505934e-03
3.653017805082024207e-03
3.561403315987377201e-03
3.502066424300720286e-03
3.424023446791725576e-03
3.346485197145236071e-03
3.275189179309010313e-03
3.200168600205431126e-03
3.149245425736185624e-03
3.067485253678372149e-03
3.009157769710806528e-03
2.952971660310520219e-03
2.903776021799794882e-03
2.812160637076142021e-03
2.769233264403032305e-03
2.707161401769477092e-03
2.634766706035497619e-03
2.597664427144218829e-03
2.534646415103502561e-03
2.476484107525103121e-03
2.431966659176743820e-03
2.365726851955906283e-03
2.314584382972138549e-03
2.283901144684051272e-03
2.218238717842776955e-03
2.168269115994511751e-03
2.129235285455027393e-03
2.082673891153522232e-03
2.037110541132801291e-03
1.986717518476042738e-03
1.936822167638292940e-03
1.898604896788957464e-03
1.863298087275794225e-03
1.817069946679091604e-03
1.777904719420806854e-03
1.735226113677141354e-03
1.700399302796886097e-03
1.661943966940449945e-03
1.622923317767955469e-03
1.597882140336778778e-03
1.556804071321866989e-03
1.526239152320940998e-03
1.496607279542075744e-03
1.463100445968353123e-03
1.418041882219774974e-03
1.389995321104256889e-03
1.356693413926063525e-03
1.326123467207273319e-03
1.299062123895864838e-03
1.268338657218123821e-03
1.242147459828150686e-03
1.216935232681928998e-03
1.187987442482832867e-03
1.159881742275130009e-03
1.128624759000340389e-03
1.107642802336470311e-03
1.082112703620204727e-03
1.059162154822999033e-03
1.030845291612663773e-03
1.015027659534903414e-03
9.890667533295940516e-04
9.657313010426562443e-04
9.401931283862387896e-04
9.159614686797048220e-04
8.994742405407612877e-04
8.797838248819891873e-04
8.552974447737876585e-04
8.383090301326124151e-04
8.263664840681580982e-04
7.978973458273772544e-04
7.902755360202189929e-04
7.619612345779523503e-04
7.440106907476888923e-04
7.296163344166186259e-04
7.101373320635965712e-04
6.962305880639464359e-04
6.777546753972548636e-04
6.614645689412186353e-04
6.453345579825762795e-04
6.300758207872416816e-04
6.167116724911545986e-04
6.026190330055112860e-04
5.863626435909914756e-04
5.747947071090984874e-04
5.611190350652891113e-04
5.478255800751511556e-04
5.360256146751834518e-04
5.213111270351176649e-04
5.094568706017252964e-04
4.941951937604824926e-04
4.854808473641311671e-04
4.722777387756057457e-04
4.620404282926106744e-04
4.494430279966525762e-04
4.388199644938925361e-04
4.283913244219523814e-04
4.176279018120652412e-04
4.088470357353784124e-04
3.985956745782345953e-04
3.852435275676107025e-04
3.778808144642983933e-04
3.677017537021006854e-04
3.590731534756900112e-04
3.494634574548100329e-04
3.411226990198614893e-04
3.334394021460242077e-04
3.232473738728694891e-04
3.154922774990958126e-04
3.067887435504509236e-04
2.996284202004398985e-04
2.911037023297972600e-04
2.846176204720921921e-04
2.764512171743224570e-04
2.686759158348633078e-04
2.623541437803042476e-04
2.554553704026357817e-04
2.492751249606456462e-04
2.414333462298477880e-04
2.344059312609747504e-04
2.301316633017994821e-04
2.226650062949708483e-04
2.167392987004134700e-04
2.117013215956634682e-04
2.050939002371171614e-04
2.003945413934096829e-04
1.951005646016952023e-04
1.889781941087770312e-04
1.841197784964201912e-04
1.789922205604667241e-04
1.738088642382006033e-04
1.691356191540850976e-04
1.642698746075325650e-04
1.594651027716084625e-04
1.557362638760169176e-04
1.510055632897978710e-04
1.463640867011845720e-04
1.419470090455372563e-04
1.378822114877807984e-04
1.341275858976333864e-04
1.301354432572028336e-04
1.267348685087587364e-04
1.224253464812048188e-04
1.189073750651026653e-04
1.153673061098781902e-04
1.119674652511432148e-04
1.088023756430364582e-04
1.053341928962732866e-04
1.021283622023877474e-04
9.890070880145060287e-05
9.570390419188517139e-05
9.297443691706289430e-05
9.012874176412461228e-05
8.741774307167948473e-05
8.445044871328616538e-05
8.207258767780561232e-05
7.941495145532051817e-05
7.681058751896115296e-05
7.443674664402109560e-05
7.200475445662599507e-05
6.976973869676289996e-05
6.750003372959237575e-05
6.528475574763899670e-05
6.313238881223305198e-05
6.103231789712575231e-05
5.894978851930968931e-05
5.704667889765416744e-05
5.516645030005357906e-05
5.333384013512790836e-05
5.160329135467071627e-05
4.980026691732173196e-05
4.803770873420457174e-05
4.641424445683252977e-05
4.473304422634756668e-05
4.320696463097934846e-05
4.165059466922646172e-05
4.024178255683471167e-05
3.873949049034103396e-05
3.745259547940570734e-05
3.607987254115689862e-05
3.472365710905830070e-05
3.349390574485762098e-05
3.228050555146705212e-05
3.106937846216578490e-05
2.987788194839816478e-05
2.875317329805893461e-05
2.771851197500558084e-05
2.662399006238430236e-05
2.564478011107888168e-05
2.466214930441353745e-05
2.368789718104333724e-05
2.273922356062921740e-05
2.188729795529001726e-05
2.098729885660900301e-05
2.016094002497331443e-05
1.937051121161063324e-05
1.856689780565214722e-05
1.782325097701197158e-05
1.708951311321672275e-05
1.637700761232289420e-05
1.569217439621637897e-05
1.502911611838384404e-05
1.439989392146696021e-05
1.378102552122729324e-05
1.318276217134762604e-05
1.262020300061228769e-05
1.206881491321791846e-05
1.152510287428953538e-05
1.102061641348936495e-05
1.051775651277463463e-05
1.005845954319408046e-05
9.590977063512263998e-06
9.149833053996155201e-06
8.725888156514801625e-06
8.322420161553975543e-06
7.926734523819504202e-06
7.549813918131586565e-06
7.188286886325863244e-06
6.844133132037293750e-06
6.509755685112744311e-06
6.191084345946915251e-06
5.886324051468707350e-06
5.584785764949632257e-06
5.308020842470203921e-06
5.035882386764869679e-06
4.778609809265619138e-06
4.525822833702590183e-06
4.288626305488172966e-06
4.066850868242314999e-06
3.849513077353192466e-06
3.639972183656679107e-06
3.442612162267150957e-06
3.255267539080147606e-06
3.072814279669049999e-06
2.900326615149955412e-06
2.736780781604718685e-06
2.582183455824297145e-06
2.433448574682377032e-06
2.291718402262324472e-06
2.155658871550421016e-06
2.029131622144191179e-06
1.907501231982276865e-06
1.792269795344792376e-06
1.682054851567402779e-06
1.577774014722705373e-06
1.480409204862485559e-06
1.386859005998728352e-06
1.298298036807818281e-06
1.214130424599731073e-06
1.136148285009195752e-06
1.061723949456719833e-06
9.909182505548506657e-07
9.239138048804921790e-07
8.618360544181895623e-07
8.032149179979698770e-07
7.474990618732126429e-07
6.947739205167780296e-07
6.458073700918300969e-07
6.001393166922858309e-07
5.567255767473799732e-07
5.158613125143672783e-07
4.776230837665486952e-07
4.423389156029589317e-07
4.091025334671734060e-07
3.777272357063423201e-07
3.482331693205803677e-07
3.214689003097292036e-07
2.962558136539590257e-07
2.725761911976340912e-07
2.503545679464177169e-07
2.300971060002566110e-07
2.112771813139255655e-07
1.936421299154140487e-07
1.771648638606509784e-07
1.620239167439058738e-07
1.482056115959667061e-07
1.352945983485718909e-07
1.232688104352501456e-07
1.121352369244759656e-07
1.021470360365309226e-07
9.285547071538461589e-08
8.422676307389061903e-08
7.623491447681665688e-08
6.908986730030205756e-08
6.252151726765607563e-08
5.644613834899207870e-08
5.084120202380382610e-08
4.579658733653069024e-08
4.124446553411637260e-08
3.705151892962174836e-08
3.319987162468235307e-08
2.970600933158546430e-08
2.661791388725393212e-08
2.378556871487611063e-08
2.119595506392429826e-08
1.883490987238439887e-08
1.677859449168491811e-08
1.490938794453288055e-08
1.320838214144623458e-08
1.166565246149633740e-08
1.031228712704420409e-08
9.109090332135723314e-09
8.019767256457808409e-09
7.037129057118000203e-09
6.168079622532241833e-09
5.414230226266988301e-09
4.735358263007113970e-09
4.126493932565888428e-09
3.583015053799470482e-09
3.124263433353416984e-09
2.713459468060466782e-09
2.347245642120086401e-09
2.022248107962154719e-09
1.746386779953965467e-09
1.505568874884430105e-09
1.292254495475108788e-09
1.104248062376227714e-09
9.433340714097538091e-10
8.069260378575487189e-10
6.869003411067742158e-10
5.818803253365530742e-10
4.911177353249619335e-10
4.166661756379228156e-10
3.516080009348006588e-10
2.951153664562515112e-10
2.463641510277757830e-10
2.066989796325945221e-10
1.728289160423500774e-10
1.436510328469561140e-10
1.186896955992799632e-10
9.820965839814129858e-11
8.132827869183799900e-11
6.690472515672506101e-11
5.467771515283286723e-11
4.454431435631900046e-11
3.651750617717965906e-11
2.971693009378089137e-11
2.400654215367878767e-11
1.925286291950691215e-11
1.558965325620922781e-11
1.254290013320726733e-11
1.000959011159207883e-11
7.923731992557131586e-12
6.303060605482686736e-12
5.011357876095403771e-12
