# mass_function_xt_data
1.791214543816229465e+01
1.759952580324440063e+01
1.721644494494337252e+01
1.677042019611885237e+01
1.626908326340445399e+01
1.572021901759028317e+01
1.513148774580878531e+01
1.451055933611092463e+01
1.386478838393662727e+01
1.320141064709159018e+01
1.252720496933809358e+01
1.184872323572582964e+01
1.117198121493169083e+01
1.050268503099861128e+01
9.845945534632116747e+00
9.206517273617912167e+00
8.588541563032373816e+00
7.995775305766788854e+00
7.431369374237120518e+00
6.898087887029380028e+00
6.398113542001541809e+00
5.933264597933316509e+00
5.504815011984409701e+00
5.113706225720908272e+00
4.760395930840329193e+00
4.445039258585349096e+00
4.167380799338282316e+00
3.926895411016249060e+00
3.722758548104889709e+00
3.553861928729578512e+00
3.418902104301641653e+00
3.316350083598822440e+00
3.244527374738476855e+00
3.201599174901883504e+00
3.185624962695894791e+00
3.194573255699892922e+00
3.226348514742432894e+00
3.278819520862852332e+00
3.349827762970941425e+00
3.437229243049775729e+00
3.538885891463387168e+00
3.652714811835099606e+00
3.776663683525622872e+00
3.908769559953801931e+00
4.047123053855975705e+00
4.189927398141015225e+00
4.335454268010426659e+00
4.482107919568824705e+00
4.628372029567276336e+00
4.772870215667441407e+00
4.914315307704275604e+00
5.051562690956258095e+00
5.183567798659708181e+00
5.309401297616310522e+00
5.428269929358574331e+00
5.539465747134225460e+00
5.642418015012652610e+00
5.736636654999170304e+00
5.821760252101594979e+00
5.897499582786923433e+00
5.963673610320552321e+00
6.020180854400789094e+00
6.067004126591566404e+00
6.104196938753051249e+00
6.131882007423381964e+00
6.150247188420134847e+00
6.159534270437085013e+00
6.160031866006615786e+00
6.152080126313532737e+00
6.136048961175365690e+00
6.112346176130404984e+00
6.081404548620664485e+00
6.043674911349007139e+00
5.999629871020176530e+00
5.949750255744170602e+00
5.894524191046706996e+00
5.834444513333038707e+00
5.770001587293816847e+00
5.701681436672095593e+00
5.629960994781581185e+00
5.555308271877502868e+00
5.478179560490161748e+00
5.399011365324080991e+00
5.318225711619272822e+00
5.236225422929587481e+00
5.153391386880639580e+00
5.070081551227167971e+00
4.986633847056894275e+00
4.903361600814522880e+00
4.820551246053972783e+00
4.738472571100856179e+00
4.657364138952654109e+00
4.577443887772329134e+00
4.498905149517448798e+00
4.421919274857160076e+00
4.346632136166198812e+00
4.273170994443035831e+00
4.201641169841238366e+00
4.132127980928347100e+00
4.064695945976011693e+00
3.999393501538663909e+00
3.936251327455797533e+00
3.875284397182535923e+00
3.816493919671325674e+00
3.759865280276481148e+00
3.705374062014456626e+00
3.652982463538721802e+00
3.602645069973002823e+00
3.554305468704602955e+00
3.507901065083693481e+00
3.463361282331916868e+00
3.420610732972289458e+00
3.379569483565852739e+00
3.340152732903481247e+00
3.302274940154601435e+00
3.265845881914509974e+00
3.230778434831712342e+00
3.196980441209465784e+00
3.164362933959547153e+00
3.132836221507615093e+00
3.102314457020094896e+00
3.072711087789352202e+00
3.043943790244800329e+00
3.015931087512758069e+00
2.988597964862508061e+00
2.961870888191040496e+00
2.935680194183054592e+00
2.909959324171330852e+00
2.884647885043449378e+00
2.859687882194014819e+00
2.835027587147268324e+00
2.810616946165776397e+00
2.786413065781625065e+00
2.762376498026801297e+00
2.738469573523302003e+00
2.714662324017499628e+00
2.690927998639186303e+00
2.667241413939561934e+00
2.643583704265210610e+00
2.619938859900508010e+00
2.596293614150293028e+00
2.572638592041734729e+00
2.548968834138131800e+00
2.525279454763359244e+00
2.501569933584323113e+00
2.477841499923166158e+00
2.454097645357681046e+00
2.430343899922036144e+00
2.406587610496804697e+00
2.382838352986281105e+00
2.359105185816216199e+00
2.335399656194358631e+00
2.311734288388827441e+00
2.288121809980025123e+00
2.264575596469717400e+00
2.241110611405186415e+00
2.217739298551654414e+00
2.194477065392031356e+00
2.171337659880125504e+00
2.148335771253565341e+00
2.125483777660393425e+00
2.102795788334673066e+00
2.080284917980053105e+00
2.057962301678879058e+00
2.035840405540982001e+00
2.013929583745053709e+00
1.992239072806498923e+00
1.970779519832200899e+00
1.949558979276688975e+00
1.928583837870052387e+00
1.907861343047184022e+00
1.887397011314871476e+00
1.867195098456986502e+00
1.847259792003767886e+00
1.827593254698213210e+00
1.808197966768573250e+00
1.789074821924522496e+00
1.770223934126536891e+00
1.751644664459963030e+00
1.733335991929709996e+00
1.715295183101511078e+00
1.697519562803915028e+00
1.680005847495145588e+00
1.662750188619783076e+00
1.645747604346406989e+00
1.628992989319917983e+00
1.612481129432742799e+00
1.596205564486948836e+00
1.580160137520539188e+00
1.564338705697421394e+00
1.548733800203798694e+00
1.533338379574503030e+00
1.518145238382558881e+00
1.503148057378856040e+00
1.488337983193974479e+00
1.473708580949263158e+00
1.459252444775791524e+00
1.444961804044912590e+00
1.430829993116329524e+00
1.416849570350198428e+00
1.403013773914236095e+00
1.389315627954700760e+00
1.375749293526633776e+00
1.362307903850406232e+00
1.348985354503208001e+00
1.335776679103723330e+00
1.322675607755058547e+00
1.309677838168882280e+00
1.296778225339183299e+00
1.283972019944885856e+00
1.271255965705262225e+00
1.258625325030636954e+00
1.246077217051708486e+00
1.233608406534214996e+00
1.221216380124027667e+00
1.208898313123979440e+00
1.196652422676331318e+00
1.184476620976466554e+00
1.172369740531505888e+00
1.160330528735619593e+00
1.148358146712803229e+00
1.136451839640715056e+00
1.124611732893992633e+00
1.112837070511428328e+00
1.101128513954125365e+00
1.089486121901853233e+00
1.077910471482157462e+00
1.066402351848638519e+00
1.054962744322820889e+00
1.043592554493124602e+00
1.032293346802149125e+00
1.021065846429479729e+00
1.009911650266288152e+00
9.988324482140001903e-01
9.878295580253912966e-01
9.769046099817410012e-01
9.660592907215175273e-01
9.552951160037260747e-01
9.446138461739401748e-01
9.340168449248190674e-01
9.235060894372000284e-01
9.130829370101212206e-01
9.027487385113118767e-01
8.925048503867798466e-01
8.823532403634698484e-01
8.722949583594137302e-01
8.623309893373209967e-01
8.524626040158903573e-01
8.426908156099499614e-01
8.330165517304682909e-01
8.234404881086813122e-01
8.139632140992379972e-01
8.045855301075742760e-01
7.953076661550645410e-01
7.861300538915602099e-01
7.770527214753036871e-01
7.680757399024950027e-01
7.591989326671911842e-01
7.504222894926444454e-01
7.417451530679995964e-01
7.331671704646550713e-01
7.246878760316541879e-01
7.163062034206323370e-01
7.080217379394282418e-01
6.998332336197562453e-01
6.917398399352073790e-01
6.837400815480760841e-01
6.758328718961882364e-01
6.680168192562147000e-01
6.602905392880134006e-01
6.526525814501311640e-01
6.451012321793511139e-01
6.376347385506241361e-01
6.302515054536892425e-01
6.229497017542140469e-01
6.157274206061484900e-01
6.085828873171416076e-01
6.015143329401431149e-01
5.945196687446877570e-01
5.875968154115679409e-01
5.807440387869137188e-01
5.739592696275002126e-01
5.672406203475941489e-01
5.605859061827862533e-01
5.539932912268594745e-01
5.474608129179715510e-01
5.409866935231774088e-01
5.345687589823339136e-01
5.282052987548078171e-01
5.218945825775275216e-01
5.156347199778480439e-01
5.094239156966906545e-01
5.032605720480719524e-01
4.971430277294703326e-01
4.910696957868665447e-01
4.850390652173390271e-01
4.790498188776448618e-01
4.731002520229374841e-01
4.671893270954277089e-01
4.613157394481728901e-01
4.554782748396669079e-01
4.496757970253401626e-01
4.439072968070710279e-01
4.381719154929710758e-01
4.324686923475363209e-01
4.267968579633289461e-01
4.211557289951508021e-01
4.155445256545041155e-01
4.099628333887371245e-01
4.044100510815042404e-01
3.988858416865130319e-01
3.933896976976435922e-01
3.879215310788510229e-01
3.824810820592257077e-01
3.770680923379044480e-01
3.716826348176893724e-01
3.663246074993857793e-01
3.609942097121965343e-01
3.556913502488797119e-01
3.504163644376114273e-01
3.451693731911208984e-01
3.399507637060488752e-01
3.347607842251232868e-01
3.295998092086618314e-01
3.244683272554403919e-01
3.193667551155336959e-01
3.142955010674728933e-01
3.092553170706386911e-01
3.042465864370449413e-01
2.992701208209989083e-01
2.943262872291211862e-01
2.894159091589201260e-01
2.845396289733869710e-01
2.796981187170056726e-01
2.748921675256800756e-01
2.701223093941299003e-01
2.653894620976900987e-01
2.606942857293801374e-01
2.560374605335390963e-01
2.514197975833319942e-01
2.468420822220436239e-01
2.423050485956224909e-01
2.378093274292608361e-01
2.333557021346119031e-01
2.289449468754645167e-01
2.245776900380820618e-01
2.202546910774278999e-01
2.159765658899595320e-01
2.117439868231127120e-01
2.075575517988915708e-01
2.034179637720555378e-01
1.993257870793235798e-01
1.952814845188741988e-01
1.912858165410984412e-01
1.873390999367451626e-01
1.834419792320751696e-01
1.795948174648165641e-01
1.757980579565648072e-01
1.720521175207106179e-01
1.683573850721183096e-01
1.647141781309952313e-01
1.611228302235403753e-01
1.575835642125019420e-01
1.540966575408548034e-01
1.506623171818954054e-01
1.472806618000976064e-01
1.439519535040157672e-01
1.406762275360810832e-01
1.374535078108823638e-01
1.342839106576202701e-01
1.311674377040173423e-01
1.281040274375401522e-01
1.250936224754989612e-01
1.221361643202114738e-01
1.192315130489958602e-01
1.163794910702042884e-01
1.135799581917497081e-01
1.108326899330020071e-01
1.081374137681592879e-01
1.054938803341710085e-01
1.029017908882739057e-01
1.003608045074968480e-01
9.787057039889639209e-02
9.543072332471137786e-02
9.304087186008269672e-02
9.070054770976609948e-02
8.840933824508528938e-02
8.616675838599663351e-02
8.397231671750270132e-02
8.182549504063084400e-02
7.972578817157111031e-02
7.767262830456976574e-02
7.566545008479938494e-02
7.370367653918186157e-02
7.178673936071895689e-02
6.991399637567785597e-02
6.808483463866041308e-02
6.629863057674535709e-02
6.455472808696320619e-02
6.285250887974591638e-02
6.119125999005473049e-02
5.957034763525901472e-02
5.798911190662008747e-02
5.644682891387755447e-02
5.494283200512461302e-02
5.347644947210653671e-02
5.204693884877855531e-02
5.065365882706093781e-02
4.929590039762399289e-02
4.797294107048155620e-02
4.668410705537067579e-02
4.542869551119461252e-02
4.420600742354433704e-02
4.301533570110912391e-02
4.185602774312870838e-02
4.072738425332381174e-02
3.962871260378285354e-02
3.855933895022285035e-02
3.751859591717551096e-02
3.650581139958952032e-02
3.552034262367705780e-02
3.456152358233893079e-02
3.362872570512671216e-02
3.272129187892271890e-02
3.183860287708974168e-02
3.098003862886171758e-02
3.014498955162473945e-02
2.933284821630688377e-02
2.854303246971275423e-02
2.777495559104150094e-02
2.702803528190698620e-02
2.630172745903551490e-02
2.559546513677537702e-02
2.490870695287793549e-02
2.424092818693425119e-02
2.359160949363460838e-02
2.296023164474271169e-02
2.234630444764354462e-02
2.174933730038755217e-02
2.116885703605425953e-02
2.060439204613965028e-02
2.005549170869647471e-02
1.952170807734225633e-02
1.900260905541886064e-02
1.849777822415705694e-02
1.800679745481823316e-02
1.752926486092721073e-02
1.706479691543533531e-02
1.661300949402255353e-02
1.617353694262862671e-02
1.574601368142682437e-02
1.533009505047558570e-02
1.492544329966212328e-02
1.453172453685333022e-02
1.414862131847504506e-02
1.377582297855659520e-02
1.341302843815088408e-02
1.305994361683839901e-02
1.271629129413817845e-02
1.238179065697172197e-02
1.205617747518885306e-02
1.173919583446125098e-02
1.143059385127627621e-02
1.113013224318787527e-02
1.083757542825886794e-02
1.055269585717502102e-02
1.027527552812000124e-02
1.000510363592254683e-02
9.741971241768213399e-03
9.485685045781956995e-03
9.236045109891776253e-03
8.992874348453973668e-03
8.755986084325801874e-03
8.525209196551896892e-03
8.300375397846842737e-03
8.081322122081329579e-03
7.867889796598638921e-03
7.659929321698667921e-03
7.457291654861653192e-03
7.259832960485674419e-03
7.067416500264384581e-03
6.879910099960581844e-03
6.697179661813310904e-03
6.519105839944350916e-03
6.345563261540880344e-03
6.176436474494710442e-03
6.011611824647682643e-03
5.850976016881993119e-03
5.694426127983331226e-03
5.541855905455576013e-03
5.393164169609016706e-03
5.248255907859578594e-03
5.107035943841663032e-03
4.969410753660456585e-03
4.835291143716146864e-03
4.704591731499458383e-03
4.577227205360024677e-03
4.453114864994313360e-03
4.332176635195352128e-03
4.214334426409991653e-03
4.099512385422286569e-03
3.987637847436727168e-03
3.878638051895806019e-03
3.772443363296375946e-03
3.668986013710650185e-03
3.568200809375700680e-03
3.470021729613585043e-03
3.374385431857042025e-03
3.281232485806974322e-03
3.190501091753615223e-03
3.102132634485438648e-03
3.016071281228526520e-03
2.932259822950273893e-03
2.850643856475142904e-03
2.771169678127862000e-03
2.693786051425605191e-03
2.618441207831139882e-03
2.545085738176829874e-03
2.473670856005865011e-03
2.404148407353695963e-03
2.336472390063383097e-03
2.270595949803164756e-03
2.206476109456866064e-03
2.144068149485262986e-03
2.083329742198425632e-03
2.024218694161826048e-03
1.966694607327184804e-03
1.910717590582722411e-03
1.856247610290751851e-03
1.803247693612743639e-03
1.751679630383191954e-03
1.701506820483702012e-03
1.652693827115616666e-03
1.605205419369052028e-03
1.559007235931536084e-03
1.514066540992838094e-03
1.470349754207285302e-03
1.427825705021886762e-03
1.386462440490243654e-03
1.346230262888694880e-03
1.307098329154333808e-03
1.269038400501138657e-03
1.232022417184107507e-03
1.196021805513667073e-03
1.161009573559645047e-03
1.126959774928641298e-03
1.093846722850122088e-03
1.061644377463388496e-03
1.030329429111400243e-03
9.998774842554772248e-04
9.702651541673392626e-04
9.414696885237070238e-04
9.134695078489677182e-04
8.862424946345801241e-04
8.597677136936705648e-04
8.340252952943289855e-04
8.089949103179332841e-04
7.846575273922007853e-04
7.609939621729360079e-04
7.379860311690845031e-04
7.156158492944364935e-04
6.938664429448643950e-04
6.727207218653769591e-04
6.521621209211527241e-04
6.321750852328902014e-04
6.127438178496872907e-04
5.938533341383887051e-04
5.754892311342585344e-04
5.576370723462770141e-04
5.402831504821658084e-04
5.234138772899045921e-04
5.070165001779552592e-04
4.910782174588297416e-04
4.755867510959782291e-04
4.605302971734619014e-04
4.458969574988539547e-04
4.316757373307228613e-04
4.178555409822901773e-04
4.044258086719023141e-04
3.913761035708443123e-04
3.786964835691301943e-04
3.663772044771576781e-04
3.544086349287888112e-04
3.427817883704196837e-04
3.314876559654237362e-04
3.205174394172095767e-04
3.098628067765251933e-04
2.995153936717714319e-04
2.894673366805937354e-04
2.797107440517251973e-04
2.702381286149084473e-04
2.610420417145803158e-04
2.521154060489539761e-04
2.434511808121542003e-04
2.350426197337810070e-04
2.268829606155388292e-04
2.189659836201855204e-04
2.112853203961891199e-04
2.038348347913159213e-04
1.966085545754434278e-04
1.896007000064211558e-04
1.828055683816021419e-04
1.762176727143612367e-04
1.698315979679001109e-04
1.636420690273003174e-04
1.576440009301333274e-04
1.518323209228521144e-04
1.462021417330845589e-04
1.407486577597789640e-04
1.354673624796004082e-04
1.303535337112771760e-04
1.254028517122880888e-04
1.206108407500644969e-04
1.159733803744678130e-04
1.114862475433997828e-04
1.071453999126520574e-04
1.029468564932960184e-04
9.888682708246461083e-05
9.496144971324803287e-05
9.116707876633689403e-05
8.750006603447804210e-05
8.395686913481250789e-05
8.053411215135290019e-05
7.722838733409806346e-05
7.403640465355216941e-05
7.095495133207047826e-05
6.798087034057586416e-05
6.511110059426694597e-05
6.234265236857514244e-05
5.967257240913537066e-05
5.709802988195768826e-05
5.461621207122082749e-05
5.222440592959671260e-05
4.991991250436750559e-05
4.770018164142796009e-05
4.556265708523493907e-05
4.350486774781158291e-05
4.152439220789797886e-05
3.961887041964250308e-05
3.778601166057751970e-05
3.602357236826863636e-05
3.432937446600570544e-05
3.270126954832312598e-05
3.113718235945534614e-05
2.963509755843642024e-05
2.819303632593385430e-05
2.680905901544984203e-05
2.548132174584838723e-05
2.420798322271799558e-05
2.298726375351385024e-05
2.181742561893598080e-05
2.069678724516036704e-05
1.962370600787341477e-05
1.859657452730812982e-05
1.761383739760415880e-05
1.667397670322458891e-05
1.577551884701607865e-05
1.491702608663996351e-05
1.409709365738828103e-05
1.331435728477058950e-05
1.256750773692500366e-05
1.185524721249291406e-05
1.117632089066446623e-05
1.052950850993853198e-05
9.913623437628495523e-06
9.327511781261642036e-06
8.770051540311776814e-06
8.240150226803875743e-06
7.736746105527619188e-06
7.258808745511760075e-06
6.805333996070733983e-06
6.375348905518563339e-06
5.967905794206031147e-06
5.582085464682987324e-06
5.216993377314823716e-06
4.871764907388973156e-06
4.545554686475361131e-06
4.237548531006888551e-06
3.946946738582031266e-06
3.672994042639364200e-06
3.414939412581524054e-06
3.172059599234212833e-06
2.943655460421342648e-06
2.729051058044296827e-06
2.527589618854065843e-06
2.338639419062186928e-06
2.161586580540239523e-06
1.995839700823208485e-06
1.840827153712954351e-06
1.695998026950994998e-06
1.560820565963471715e-06
1.434782482128034103e-06
1.317390588352069915e-06
1.208170441046405292e-06
1.106665986593065358e-06
1.012439210570574282e-06
9.250695244050803035e-07
8.441540194943056301e-07
7.693067627451884104e-07
7.001580569579257396e-07
6.363548021811482720e-07
5.775601694932243429e-07
5.234522187148167598e-07
4.737247206988234155e-07
4.280850202863514567e-07
3.862581080957814648e-07
3.479797320129816836e-07
3.130002900176702753e-07
2.810837702897401038e-07
2.520066019264439767e-07
2.255578359940388745e-07
2.015386485048983496e-07
1.797616028657949429e-07
1.600505780803702045e-07
1.422402238834973419e-07
1.261755424248996360e-07
1.117114188368022264e-07
9.871232962130171720e-08
8.705183359016359577e-08
7.661217575500896937e-08
6.728395113038027741e-08
5.896557800559897832e-08
5.156300990997385074e-08
4.498930662908584269e-08
3.916423569863852344e-08
3.401393982399879925e-08
2.947053404120247843e-08
2.547178651469052368e-08
2.196072778237070310e-08
1.888535443381598105e-08
1.619822927381370760e-08
1.385641680530202985e-08
1.182080308025233065e-08
1.005606804193027926e-08
8.530342371564659840e-09
7.214942212134328668e-09
6.084121490092583116e-09
5.114831225088043641e-09
4.286492305711870789e-09
3.580785897546930064e-09
2.981452508304724035e-09
2.474099625966753125e-09
2.046031323301808774e-09
1.686080755326179841e-09
1.384457724282193440e-09
1.132608543268195346e-09
9.230842928188457880e-10
7.494215347913235242e-10
6.060313915993414241e-10
4.880993115742840694e-10
3.914934145263955403e-10
3.126814061266143104e-10
2.486555541772511080e-10
1.968652801263346005e-10
1.551564613927254536e-10
1.217172245342336625e-10
9.503287034983392223e-11
7.383878811085578463e-11
5.708669829830660348e-11
4.391114785023072717e-11
3.360101504145065066e-11
2.557495540525207311e-11
1.936012852161212729e-11
1.457393552379211339e-11
1.090846720536354074e-11
8.117284036113514259e-12
6.004241056299733300e-12
4.414120633001307295e-12
3.224826363414947811e-12
2.340883223681637542e-12
1.688100044006953955e-12
1.209186355248804434e-12
8.601915046139624150e-13
6.076197359484099478e-13
4.261176149297284345e-13
2.966278324892488635e-13
2.049278464874219444e-13
1.404806052030474293e-13
9.553776888982785650e-14
6.444544515970550767e-14
4.311021185532070600e-14
2.859198536813906000e-14
1.879751433787006810e-14
1.224753724795877973e-14
7.906621234967448103e-15
5.056217302792998758e-15
3.202203263404361238e-15
2.007951049412738048e-15
1.246315419303298896e-15
7.655257229526429818e-16
4.651912626629507978e-16
2.795909109790969382e-16
1.661538314277747831e-16
9.760369064327072064e-17
5.665782050877982528e-17
3.249051378927282889e-17
1.840001238916046217e-17
1.028732431948369596e-17
5.676276767745405045e-18
3.089952690937882799e-18
1.658873746782484425e-18
8.779915620040873355e-19
4.579529659385649096e-19
2.353092494800235403e-19
1.190623371889832050e-19
5.929971476296798325e-20
2.905943739375921460e-20
1.400585920263139718e-20
6.636284868056242428e-21
3.089872932019606005e-21
1.413055988326344214e-21
6.344232178606740984e-22
2.795070854874058039e-22
1.207780928618845701e-22
5.116199081772388049e-23
2.123476431796471280e-23
8.630961596024436628e-24
3.433580519564433974e-24
1.336196162864008053e-24
5.083694130459356256e-25
1.889815484084175710e-25
6.860049255588523635e-26
2.430141315109826402e-26
8.395621724563868129e-27
2.826848477991789518e-27
9.270060218603597693e-28
2.958586579757973678e-28
9.183093524840748376e-29
2.769912140454934542e-29
8.112842817522130874e-30
2.305446376687871253e-30
6.351023827398970475e-31
1.694506420556300862e-31
4.375062792943997609e-32
1.092049397581453046e-32
2.632635840263300107e-33
6.123330264639013125e-34
1.372699890197166848e-34
2.962655794135597175e-35
6.149162628454555862e-36
1.225960050382843494e-36
2.345007399810748565e-37
4.298214362064686774e-38
7.539875091550971930e-39
1.264204800231454767e-39
