# mass_function_xt_simulation
2.270401069388686466e+01
2.619717712627750217e+01
2.211629607756800908e+01
2.291892997419510181e+01
2.428731882783121776e+01
1.730333005173126537e+01
1.997877006242929809e+01
1.913082906725678001e+01
1.710516495664966996e+01
1.711358475583749339e+01
1.566214871197390401e+01
1.704250805045010253e+01
1.506294033328462589e+01
1.163735854722528984e+01
1.098349402590000956e+01
1.091035256167464418e+01
1.026018404683504137e+01
9.188949368256027483e+00
7.813965044114381975e+00
7.507856214367616410e+00
6.834152118923241481e+00
6.813272241478399494e+00
5.302391808730191336e+00
5.018496081544763676e+00
4.054173692815055574e+00
3.741958276721000232e+00
3.930154419357157369e+00
2.640225425188990727e+00
2.490317583383555355e+00
3.017361845315975177e+00
2.356534269502407408e+00
1.979729833404397343e+00
2.057030454444216172e+00
2.263959307849497282e+00
2.228784346837668906e+00
2.163518562262440881e+00
2.351658631233416230e+00
2.759045323724368615e+00
2.532402118206845465e+00
2.734544389673621456e+00
3.024597643793488722e+00
3.315597141963476435e+00
2.964254857716396518e+00
3.011135811621238556e+00
3.000164355259016702e+00
3.826129638413098721e+00
3.834203150873164656e+00
3.814878169231291860e+00
3.699689141344649546e+00
4.090850566071467576e+00
3.923137245834869891e+00
4.022985375369630745e+00
4.159439903319918308e+00
5.522210488440182807e+00
4.398425700865189469e+00
5.780208363662396209e+00
5.455871629065860873e+00
5.916190747405773998e+00
5.869052887962425302e+00
5.491523013019986799e+00
6.458733377852030166e+00
6.735169923397390512e+00
5.939584296554065723e+00
6.884696391695770856e+00
5.906072514378738703e+00
6.562758977974145758e+00
7.195970192830236201e+00
5.299529337082065972e+00
6.710735559967080377e+00
6.493951454740212625e+00
6.892266130051220685e+00
6.253593524468160858e+00
7.195057955527081717e+00
5.688382564698196475e+00
6.289961905265837316e+00
5.587434834740059308e+00
6.362465466003801140e+00
5.812325827652432331e+00
5.946195467517493505e+00
5.919035810435945955e+00
5.382003115863884801e+00
5.392730878316397636e+00
4.741262818152084613e+00
5.142134596518855183e+00
4.494255641695553471e+00
4.731663033546706032e+00
4.840338484291095256e+00
5.138315233515776903e+00
5.011971240094439395e+00
5.175442080806659462e+00
4.571009269582240186e+00
4.664929051663665227e+00
5.481217384515425728e+00
3.731437635480408410e+00
4.038304456590447344e+00
3.093044610537866390e+00
2.408631801568600128e+00
3.766571677480968106e+00
4.010947691899758638e+00
3.510640666970498813e+00
3.873522833560466339e+00
3.411032380138421694e+00
3.128616407048141923e+00
3.372996120719217839e+00
4.597010044909593418e+00
3.752264384163703337e+00
3.494154354579704247e+00
2.963523283555032251e+00
3.415197380064983523e+00
3.806079698757242724e+00
3.733638673132800179e+00
2.854670103242512802e+00
3.192370279495108765e+00
3.738595636516752752e+00
2.867585768960819959e+00
3.133707208482052309e+00
3.011765529140653985e+00
3.251034491076556066e+00
2.963595576782162233e+00
2.939897426826226567e+00
2.793882092953391183e+00
2.892925988777082402e+00
2.883506416306312659e+00
3.105248856699989179e+00
3.075814283272376493e+00
2.839941854213178907e+00
2.849913966286627964e+00
3.116484827043360717e+00
3.350193944068604601e+00
2.765681655810640738e+00
2.703696007147240010e+00
2.648889703549019980e+00
3.129326236156852570e+00
2.741843920098335996e+00
2.372503073691340170e+00
2.755678749118906090e+00
2.497737006626293166e+00
2.318570740847382794e+00
2.430575885302274308e+00
2.422881547030421245e+00
2.465472763282181123e+00
2.393782641899874886e+00
2.467155904664456667e+00
2.497465445816852370e+00
2.442268671931964619e+00
2.476280778550029815e+00
2.207698342168827210e+00
2.149695682335752700e+00
2.129718576382182427e+00
2.770442238347400554e+00
2.305899183887882398e+00
2.019200314262216800e+00
1.958904088527763099e+00
2.684770481818976595e+00
2.364705355073959403e+00
2.544012916946771785e+00
1.842987690991536809e+00
1.922330363985611079e+00
2.449344057951377440e+00
2.508060798028239446e+00
2.307405560306144743e+00
2.233824191452252528e+00
2.156641183379772286e+00
2.138456637046779463e+00
1.960069874583377336e+00
2.425175956976185709e+00
1.604238474570598205e+00
2.019126483376086689e+00
1.712582297196605152e+00
2.130641928464628965e+00
2.074239678651242702e+00
1.920961180746943553e+00
1.605736814626138820e+00
1.850348819563078839e+00
1.629363613909715847e+00
1.930655970535066102e+00
1.685883664057751030e+00
1.804610293502767471e+00
1.511601010137422874e+00
1.589252810914370651e+00
1.488001931452156201e+00
1.629837851826680950e+00
1.580624938573189198e+00
1.973201448320415885e+00
1.599830053643916727e+00
1.704843187719725206e+00
1.807269225368060450e+00
1.449264281462267157e+00
1.770086256492989785e+00
1.646903088411912019e+00
1.142588129059604940e+00
1.594241508805556595e+00
1.239895838834322861e+00
1.426806139304163557e+00
1.362927937729850214e+00
1.246349013569370445e+00
1.432299298827926837e+00
1.099407821567789822e+00
1.211068669782555673e+00
1.335763104230945908e+00
1.515955418313420289e+00
1.332372788630167948e+00
1.402648604782648301e+00
9.807477070405101749e-01
1.291290223642149071e+00
1.162296574092204882e+00
1.377960652798579044e+00
1.199815042324988479e+00
1.407552700246732957e+00
1.334799125130358588e+00
9.138003300812376217e-01
1.259011124464964659e+00
1.261590025360751266e+00
1.320099487153814977e+00
1.312513520265140787e+00
1.181483959496411495e+00
1.218857967409932241e+00
1.146170209364102188e+00
9.704383834491588923e-01
1.038932180202879252e+00
1.252256416712153264e+00
1.159741488433865042e+00
1.254421705258200737e+00
1.116157936904878190e+00
1.108258194316276146e+00
1.091914148101834403e+00
1.009402364564211840e+00
9.854629552683442650e-01
1.224582107312319090e+00
1.066282189512024914e+00
9.484351128006183185e-01
1.127615338435505654e+00
1.044247477366860632e+00
1.162982381893776562e+00
1.142984464032013481e+00
9.331154356428953411e-01
9.678637262736052849e-01
1.113093004084214854e+00
8.284415950983171628e-01
7.590030540263279502e-01
9.299668332393656867e-01
7.746714696048977444e-01
7.685678169559245765e-01
8.743102020253714635e-01
8.406866807494760563e-01
7.165005264704932264e-01
9.048353834406656082e-01
1.030004046445037513e+00
7.236386179635124760e-01
6.502485739328045522e-01
6.881994329192057114e-01
7.355080435457086452e-01
6.640270701850828905e-01
8.708464775433720773e-01
7.547848003057614497e-01
5.798026761681047692e-01
8.201969567286672147e-01
6.597483969857111941e-01
5.120691816753137893e-01
5.560348755740406324e-01
7.415346232312028940e-01
7.026838438561693323e-01
6.803987782825096087e-01
6.759683746726811160e-01
5.099732392231454137e-01
6.264547263152006051e-01
6.853014030071480356e-01
7.821393956300125572e-01
7.462108593341882923e-01
6.351888374056009479e-01
4.746044110788545378e-01
6.301078642214489323e-01
6.133668733829293895e-01
6.432383606919009900e-01
5.755922567535110002e-01
6.664161143422281386e-01
5.713561774194897414e-01
6.400134027762587330e-01
6.075899651496464715e-01
4.703957761743916555e-01
5.396920318214066814e-01
5.672410620354364497e-01
5.741245338288444300e-01
6.552403791679850542e-01
6.055699369539243593e-01
3.315682417513728941e-01
4.404817289035979910e-01
5.461318621812013552e-01
2.772989689239578892e-01
3.565972824575379674e-01
3.978124451429036479e-01
5.595071972959873019e-01
6.308792510580059076e-01
4.390206179128909314e-01
2.446190201537301045e-01
4.295738420785874534e-01
2.593123097772664365e-01
3.958991102871601275e-01
5.144307562164940339e-01
6.283782257090947398e-01
4.512613098337192596e-01
4.470994580050557943e-01
2.728344938433157618e-01
2.610782555773646374e-01
3.224204299370656002e-01
1.743969442281402271e-01
2.368076435265520363e-01
5.130888017684873681e-01
3.613820795768365457e-01
4.180259345608480226e-01
3.467944000199295607e-01
3.840883500532357164e-01
3.671762927508842034e-01
3.673948749457289220e-01
3.765021291972365236e-01
3.097210316680877873e-01
1.971291542515372364e-01
4.818296840252499491e-01
3.423028312844981769e-01
2.838595004198587457e-01
3.058493664162619807e-01
4.831102145450782981e-01
2.452108922363399612e-01
4.432920987938588353e-01
1.881839424472138422e-01
3.119891624679326236e-01
4.804544465896758432e-01
2.670190814625471032e-01
2.131285460585929936e-01
3.828818115989178761e-01
2.269093988563374575e-01
3.460284026452090655e-01
3.326162324682795934e-01
2.146135603762325261e-01
2.220512175347129635e-01
2.584536825892544409e-01
3.722562253534347221e-01
4.528302333025406856e-01
1.359752150003927240e-01
3.493036174681638517e-01
1.314354702839437561e-01
2.712542506544846632e-01
1.962039982483562706e-01
2.835489692310798060e-01
3.105658016726366988e-01
8.939850196587217912e-02
2.079521249301832519e-01
2.042650927248774451e-01
8.858518377931767773e-02
1.827847959010588663e-01
4.853901706909494185e-02
2.877133289172875696e-01
1.674056699430608863e-01
1.600044358592903615e-01
1.622122224796773149e-01
2.177132644662403416e-01
2.716605173231327330e-01
2.145428200492948412e-01
2.971802435358985583e-01
-1.889530543624085013e-02
1.376945615348939833e-01
1.880227993840185297e-01
4.482944735001209713e-02
6.540272406002156647e-02
8.366291876821271845e-02
2.819397120204645280e-01
1.607755735620641502e-01
2.106937514023380642e-01
1.413106334526349483e-01
6.239715495278723434e-02
4.328048340822188145e-02
5.736648498041999056e-02
1.537009542519360838e-01
1.505089585585258627e-01
-6.045020677384876917e-02
1.665182077100788582e-01
1.711386150565161191e-02
-2.596936313617377590e-02
-7.619945052137937214e-02
1.007729563885652879e-01
2.371876643439244647e-01
2.765923176405070683e-01
7.065345341294075598e-02
2.365955311390367799e-01
-1.834443694093110255e-02
1.757493444350781697e-01
1.403278339663822094e-01
-3.090781316235542697e-02
3.646612767049559750e-02
1.629951868582064090e-01
2.682428971105250692e-01
-1.477410983718638327e-01
6.758869800925183802e-02
2.850853084267834792e-01
1.307147278445993932e-01
1.254758233643465115e-01
1.444220754997020406e-01
4.008417444223234122e-02
1.493812830307040818e-01
6.892671347698751949e-02
7.882335341109621141e-02
-5.268188541118182244e-02
1.915982595137940281e-01
2.805138634415204127e-02
-5.965904677086195790e-02
-7.420566889815474743e-02
7.697075021888587221e-02
7.186235813813564299e-02
5.325286053905970568e-02
-8.487926757266764377e-02
5.858897007938700108e-03
-5.804933987833169051e-02
1.004145852401382710e-01
2.107422024144729455e-01
1.719939139337123835e-01
1.218499835759931788e-01
2.465080810432849004e-02
-8.856352219624805122e-02
-1.056002479382085746e-01
2.482240264832466792e-01
1.259439482228602303e-01
-2.122220951708093939e-01
7.439613946114505272e-02
1.054065004060962263e-01
3.535105415322779832e-02
-3.981349262255108601e-02
9.095747447132399022e-02
3.725278248590927627e-03
2.930301252060047226e-02
1.592695210515940318e-01
5.102270311222135979e-02
2.332919670453398875e-01
-1.285360765123335358e-01
-8.292747330571703657e-02
1.943696486762447329e-02
2.020187501170671029e-01
-4.266210933288672180e-02
-7.331961755739978270e-02
4.334081307969592234e-02
-1.363872647764965418e-01
1.087707705984979900e-01
5.296540313406425393e-02
6.529926971157114235e-02
4.001384264889697173e-02
3.457040456884792612e-02
-1.323809708329678758e-01
1.800570315349618866e-01
2.166681777976376677e-01
-6.620718536408773391e-02
6.902639563627038788e-02
-8.001991225144144612e-03
1.519841136789595350e-02
-1.702907499611041459e-02
1.042951323110691275e-03
5.792810786916569726e-02
1.118334413838627944e-01
-2.574360145532660071e-02
-2.573242918803980706e-04
8.370289046806178579e-02
5.427622702690271250e-02
1.234457482835657829e-02
-1.040505006422104972e-01
-8.985601068598489394e-02
-4.479848641134394349e-02
6.280152189764282022e-02
-4.598022282436897701e-02
4.688864945197376843e-02
-8.808592106743432307e-03
-1.019969737588622416e-01
2.933079778196450750e-03
1.241909797835700213e-01
-4.297469102028999774e-03
1.284733548653895496e-01
5.251725455651645724e-02
8.697894708846212047e-03
-4.401626553229391614e-02
2.112388074329202281e-01
1.048224980378568982e-01
-1.519959363022257287e-02
7.620846548131729459e-02
-3.912033095505679930e-02
-5.381762204084654388e-02
-1.172790054802925752e-01
9.599173597921079049e-02
-9.092593845187342538e-02
7.653269035674464815e-02
4.730339115406878570e-02
7.386739964695704201e-03
-1.186589068180807574e-02
1.505877188012439971e-01
1.806744926891459546e-01
3.066054083046931833e-02
1.580985846957254082e-01
1.008094363457361642e-01
-2.749440311212284632e-02
1.465948358697808651e-01
-4.317917594149605492e-02
-9.467032032131507402e-02
-1.218670925038754099e-01
1.766921495801787034e-01
-1.611453960052500883e-02
1.442793863644202812e-01
-4.794208915053771447e-02
-2.410267685710726360e-02
-2.674535306531295245e-02
-1.941301074725237941e-02
-1.937981333917256910e-01
1.652858917924601365e-02
6.539582665367793535e-02
-3.458029309268139534e-02
6.409025791063374666e-02
-9.446097775162343169e-02
-1.138814248401889689e-01
1.584367548958234284e-01
9.354816882974655023e-02
4.482116816314327817e-02
5.725360578883571111e-02
9.157049307533388083e-02
-3.483719000541794786e-02
1.020308985937050661e-01
2.137920588593494597e-01
-8.704890743446479229e-02
-2.446730290852502931e-02
5.792215074726972390e-02
1.697695963725211754e-01
1.528768387707545306e-01
2.634001035304984195e-01
3.074604045609813721e-02
-5.622137659156763168e-02
7.179984423785516767e-02
1.482116665743730688e-01
-3.177465693545562103e-03
-2.173331329100932144e-02
-7.103754758552724424e-02
4.292613421592984813e-02
-2.216174265211630634e-01
2.014171711986383409e-02
1.001709008219268809e-01
4.276273418395413334e-02
1.308690914898059249e-02
-1.445402953128911983e-01
2.352171378841547145e-02
-2.219138765214733605e-02
2.942154361063449748e-03
6.783159805391511532e-02
1.407240949795336704e-01
1.602174485909772517e-01
1.110896636965142126e-01
-1.339774737330672733e-02
1.504686978016626375e-01
8.554878668038071177e-02
2.080792036988766136e-01
-1.630602212239012222e-02
1.159155481479466204e-01
-1.437382100250771677e-01
-4.504258999688340315e-02
-2.980631778788678243e-02
-2.036829769689881275e-01
1.602876596334074782e-02
-3.812392019370255958e-02
1.524973778293790133e-02
-1.645137134578426585e-01
-2.490373750115986405e-03
3.775003402912584238e-02
7.083038086168468028e-02
4.209422723261911636e-02
4.612017567147724123e-03
-1.490530998132442719e-01
7.107768041834072736e-02
-1.941579468867100366e-01
1.535635143445504645e-04
1.254712078430944011e-01
-1.560345507263972975e-01
-5.259458033869018889e-02
-3.573068569541397108e-03
1.187840345401810355e-02
1.807664485486146222e-02
-8.161466916597229226e-02
-3.102773836324388412e-01
-9.796067030642485740e-02
-6.721590967163451613e-02
-1.304677014457221174e-01
-1.484061351735862788e-01
-1.764483538157002596e-01
-1.758773787174101599e-01
1.138992264559190587e-01
-7.241164967116571309e-03
9.583058127692328787e-02
1.937790065125809952e-02
5.173540126224884794e-02
-7.274408260517058883e-03
5.210214733766894285e-02
-1.686302796490289722e-03
1.360039592337334846e-01
-1.689409574042291529e-01
3.899837655290367550e-02
-1.537270411676682109e-02
1.158723656219869669e-01
5.282865403986025665e-02
-1.933941152650198725e-01
-9.203968673632256792e-02
-8.410873610282094959e-02
7.499618733176602325e-03
-7.026771760276530332e-02
-1.822252983205022853e-02
7.891511279917989841e-02
3.264811945509853847e-02
-4.891982876887454590e-02
1.771088468486604200e-02
1.438370811787111903e-01
-6.553347332570616524e-02
-4.281704579299555613e-02
-1.608145490804416544e-01
-3.010942459545084063e-02
8.974273691512746343e-02
-1.668719372259842015e-01
1.941571154460142723e-01
1.318344954437660199e-01
1.431588022841450702e-01
-9.417788764738471707e-02
1.213978528428410336e-01
9.911927919797137998e-02
5.283319021798416754e-02
-8.297946060581140593e-02
1.885225521375172297e-01
-1.783376103569903892e-01
2.237157860666776632e-01
5.566694798431331970e-02
-5.655537023613757541e-02
-6.723331232195245422e-02
1.022463673066229817e-01
-3.537374466085961566e-02
-1.111957839066199522e-01
6.440305317628022830e-02
9.859398678070631014e-03
-7.473859978162433748e-02
-3.841617919761210198e-02
3.486574396599921577e-02
-1.994611380556220170e-02
-3.068953109053262351e-01
-8.120607445163299798e-02
5.967913376474970333e-02
2.857697096355701211e-02
1.776048247954185033e-01
-1.437183645278838628e-01
-1.048275675078262498e-01
-1.779639286014350619e-02
-4.077447517968798424e-02
-4.726472835782111886e-02
-7.299884517685847896e-02
1.307258357625168677e-01
-2.004800763730523183e-01
2.103813241847890814e-01
-6.569462082528976232e-02
-1.766140920734813047e-01
1.093382262802016225e-01
-1.044193483033722296e-03
-1.126211392067046589e-02
-2.853184982452269466e-02
1.095240687113548383e-01
-2.184073710276963065e-01
-8.121140262336537519e-02
3.307525327641205187e-02
1.432729520923476663e-01
-2.647674363708446901e-02
7.295382272367603727e-02
8.417480538703087101e-03
1.211699393286383430e-01
-2.423202684333483348e-01
-4.361221052605203374e-02
-6.185884115962815566e-02
6.045772688310414172e-02
-7.153918177223567154e-02
-7.465547833667614264e-02
-8.338828962280234181e-02
1.058429899077967945e-01
-1.407969278482517836e-02
-4.418099664951512934e-02
1.027213907119421121e-01
1.326061391925380528e-01
-1.036438334065861999e-01
4.154328341361392118e-02
3.260683600724841730e-02
9.902519616786920054e-02
2.680542976568444646e-01
3.007537516741162764e-02
8.327058639430617859e-03
-2.815433106376383915e-02
-2.009180340748954047e-02
-9.983347034018930088e-02
1.947264112706536057e-02
2.147475859647484109e-01
-2.568540380208981025e-02
-1.717877652865072713e-02
-1.033972256023776431e-01
1.452381689951039168e-01
4.200936135205907834e-02
-3.766872954675445136e-03
1.160540226138563474e-01
-3.799300356870405349e-01
-2.144451760339277646e-02
4.346383037581793424e-02
-1.695239215029848423e-01
1.176565005446538748e-01
-7.072773993555116212e-02
1.110882386909680698e-02
1.608834821211894972e-01
3.073093922527856889e-03
-1.831665197031049352e-01
-2.716767321238856836e-02
-4.867148060421368607e-04
-2.378394683365041840e-01
-6.468865858728815865e-02
-9.672975113718225437e-02
1.238969520326107382e-01
1.808629155911530284e-01
3.260967111371369798e-02
-4.370198758025884561e-02
4.010735721480644667e-02
8.931442705872735810e-02
-5.880593656892118409e-02
1.018107386935193925e-01
-1.526159439554459485e-01
-1.055208815195467775e-01
-3.565400897857933654e-02
-8.748391360997367916e-02
-4.553898262933397251e-02
1.689619063053110493e-02
-2.383200466296205716e-02
2.398910898138786538e-02
1.934120969159543527e-02
5.846960709259833161e-02
6.725253420001868487e-02
-8.500995854562451437e-02
-4.737229654525263595e-02
4.960069924993966428e-02
1.101126462504449371e-01
-1.196836462962742459e-01
-7.018972149618649126e-02
-2.446293468814502436e-01
-1.491011137184560242e-01
-2.490718501117414677e-02
5.585059886221840908e-02
5.551860882302594308e-02
6.928921216254049775e-02
1.434218139945674375e-01
1.526754613673840522e-01
2.543349104657219306e-01
-1.143611592134197857e-01
9.830241293700670013e-02
8.404597926501714000e-02
2.062339123432349597e-01
-2.051025042194606907e-02
-5.079925141279895140e-02
1.365722417052833357e-02
7.052840127112675050e-02
2.159156639895574992e-01
1.265260021288169834e-01
1.747614019147313014e-02
7.733077628601754683e-02
5.397616105903819961e-02
-1.322497047083014687e-01
1.205846348403650653e-01
1.833627400484255307e-02
-3.716865055828132147e-02
1.593836241095613060e-01
1.858600272184687818e-02
5.898905221213330934e-03
2.660143221400843635e-03
-6.145953723589760859e-02
-1.664255292378428661e-02
1.581528487063780519e-01
2.925265323681566429e-02
5.075714623528076314e-02
2.733668682907784975e-01
-4.434289793310248334e-02
5.468117784562188249e-02
2.217360337637987872e-02
-4.257985400912998875e-02
1.330157949076490598e-01
-1.229026562541117723e-01
1.528070403036402847e-01
1.253357412479919608e-01
-6.034820837310740649e-02
-1.310558330199435018e-01
-4.875785670533444582e-02
7.749761843788133264e-02
9.990394748928078938e-02
7.101911909429779735e-02
6.286433669893168319e-02
4.885284416385760747e-02
-1.329838656949140080e-02
1.054173921524144408e-01
6.149890174570617901e-02
-7.942762541424909506e-02
-6.624109511904834047e-02
1.032286600679166097e-02
-4.657631972486173805e-02
-6.518155618661242157e-02
2.597495481653768618e-02
-2.029656971541788160e-02
3.984786487802088883e-02
9.893667204093165024e-02
-1.177124494899489809e-01
9.904541589380093380e-02
-1.654813935059137875e-01
-1.816837536470113368e-01
-1.853270908802668315e-01
-1.512179913727758063e-01
-2.214802590251150824e-02
-3.558704744127839242e-02
1.548089048877797635e-01
-2.083399114863274115e-02
8.091164367147548123e-03
2.584253240997853168e-02
1.515103872806569489e-02
-1.364494750678136581e-01
1.647860743930019412e-01
2.583696736808832606e-02
4.156096741019647822e-02
-5.468357712989627833e-02
1.214673362124570923e-02
-1.028172886198644581e-01
-1.492838180854484942e-01
8.211914669294701917e-05
-3.798786711296617269e-02
-6.213196052690349996e-02
-1.234633827397661476e-01
-1.057986653309141156e-01
-3.104797113019587551e-02
1.563201566798645414e-01
6.535142016628150974e-02
-1.074163156817952158e-01
1.739647566966704417e-01
1.231953100671298595e-01
1.215741496219572282e-01
-2.877066207259160735e-01
-2.790066280174214458e-02
7.777404407768961914e-02
-1.725165959734260290e-01
-1.795632145801449864e-01
-3.004432682234117746e-02
1.095372846630802283e-02
3.849209086338295158e-03
-9.274664441728745767e-03
