# mass_function_theory
4.162357800111270989e-01
4.119582283153052082e-01
4.076870747562247876e-01
4.034223871398170957e-01
3.991742007126345415e-01
3.949670633550240728e-01
3.907658315650252567e-01
3.865706371725837198e-01
3.823816052467665649e-01
3.782392337752235600e-01
3.741061492302347191e-01
3.699789921033971307e-01
3.658579617437121012e-01
3.617701386065728664e-01
3.577049060544520431e-01
3.536458569575209321e-01
3.495932521565101592e-01
3.455609534740526900e-01
3.415646892653497191e-01
3.375751414431371611e-01
3.335926151586323107e-01
3.296180643952705269e-01
3.256930349522269008e-01
3.217755140095300836e-01
3.178658518480368400e-01
3.139644051685863690e-01
3.101017219644270351e-01
3.062597058073865397e-01
3.024266058261456114e-01
2.986028234695122241e-01
2.948060332744947831e-01
2.910438008276171606e-01
2.872916620024273948e-01
2.835500421730404730e-01
2.798239879591133406e-01
2.761463570863934014e-01
2.724800877907970764e-01
2.688256468129605614e-01
2.651835105710132479e-01
2.615876190677826063e-01
2.580124256721565423e-01
2.544504352565916672e-01
2.509021216836010426e-01
2.473888172911768157e-01
2.439100456742243905e-01
2.404458433439211618e-01
2.369966810294127924e-01
2.335714324773880690e-01
2.301943180288469892e-01
2.268331235231973442e-01
2.234883233528404956e-01
2.201603988164839432e-01
2.168860922129051405e-01
2.136328822435222263e-01
2.103973349400886650e-01
2.071799126610980590e-01
2.040049686247319138e-01
2.008643220380572081e-01
1.977425119578909984e-01
1.946399862154629679e-01
1.915689531237962095e-01
1.885449301721304205e-01
1.855408049047988228e-01
1.825570028381778842e-01
1.795939406425791363e-01
1.766899919602578362e-01
1.738068788142579646e-01
1.709449660721154285e-01
1.681046559700935528e-01
1.653122797620405482e-01
1.625528336924002004e-01
1.598153072100084726e-01
1.571000706144533576e-01
1.544218663350095944e-01
1.517879977974166683e-01
1.491766030663940756e-01
1.465880217361863191e-01
1.440259247091485451e-01
1.415188051546788228e-01
1.390345379529942527e-01
1.365734321069684010e-01
1.341357953428533867e-01
1.317487158692172422e-01
1.293918100830758200e-01
1.270582422402749823e-01
1.247482831521399965e-01
1.224782382979799494e-01
1.202481855409523737e-01
1.180414769656796814e-01
1.158583496406787733e-01
1.137049995241978806e-01
1.116005691714848785e-01
1.095193313849690264e-01
1.074614905199996057e-01
1.054272449995981298e-01
1.034431429394551266e-01
1.014853236169658834e-01
9.955056603762163503e-02
9.763903479299967936e-02
9.576753927163347835e-02
9.393047125583087187e-02
9.211599418353982882e-02
9.032424234676121599e-02
8.856305460045293954e-02
8.684352041589898930e-02
8.514598317130667171e-02
8.347055040166014017e-02
8.181732087003758258e-02
8.021117588419877931e-02
7.862676610201982386e-02
7.706373562468282756e-02
7.552215768026405984e-02
7.401837455914997421e-02
7.254287950477693314e-02
7.108795020022108668e-02
6.965363634454824204e-02
6.824854895939173882e-02
6.687742390573957196e-02
6.552597801328748084e-02
6.419424192811727659e-02
6.288390092745729798e-02
6.161234371653164649e-02
6.035952308213031470e-02
5.912545322011053539e-02
5.791013979051901767e-02
5.672869536254757095e-02
5.556946652672763859e-02
5.442799090148144059e-02
5.330425907756420473e-02
5.220690883110608305e-02
5.113612867942363832e-02
5.008208100992056488e-02
4.904474390432114750e-02
4.802703802251957060e-02
4.703951604883736815e-02
4.606769534986773079e-02
4.511154473098737822e-02
4.417102458279680705e-02
4.325954255028897216e-02
4.236476834818244525e-02
4.148462916454316585e-02
4.061907892813883258e-02
3.977624138718172803e-02
3.895340485690661214e-02
3.814418287179816014e-02
3.734852481128537321e-02
3.656994549211167039e-02
3.581405031687459606e-02
3.507077449737731195e-02
3.434006461298751145e-02
3.362186120549850998e-02
3.292765561421853726e-02
3.224551363771166468e-02
3.157497391822486343e-02
3.091597542269666071e-02
3.027580017641869070e-02
2.965016803423175043e-02
2.903521495107002845e-02
2.843088099443299641e-02
2.784080696220615075e-02
2.726727300615681623e-02
2.670354049804619240e-02
2.614955136297947638e-02
2.560582474133223096e-02
2.508020714498425743e-02
2.456356211715223989e-02
2.405583407744794552e-02
2.355696222025267100e-02
2.307325098828024931e-02
2.259980514845862792e-02
2.213450215280661493e-02
2.167728469484156775e-02
2.123162736253664598e-02
2.079774318087418417e-02
2.037128086979106759e-02
1.995218750247739620e-02
1.954152014926512082e-02
1.914381240992037159e-02
1.875285903841938245e-02
1.836861155735934267e-02
1.799101719522678069e-02
1.762541343135315755e-02
1.726688744626989763e-02
1.691445673204330924e-02
1.656807370608883584e-02
1.623089714076546633e-02
1.590196124202417072e-02
1.557856113778560529e-02
1.526065444876881748e-02
1.494953983600006385e-02
1.464759208860490908e-02
1.435066997624950998e-02
1.405873582491174410e-02
1.377174906908860616e-02
1.349417261906052899e-02
1.322139791730332289e-02
1.295315213819712118e-02
1.268939984824654470e-02
1.243293262123462001e-02
1.218218484657029345e-02
1.193555049993634369e-02
1.169299847033092657e-02
1.145589029641104310e-02
1.122524502222851071e-02
1.099833815947871135e-02
1.077514272207842454e-02
1.055580027538950000e-02
1.034351487123153120e-02
1.013463015457415420e-02
9.929122996214735999e-03
9.726968254193826477e-03
9.530598187656022166e-03
9.338194591113077939e-03
9.148868305677354193e-03
8.962598261284634993e-03
8.780710730613552895e-03
8.603397220915413174e-03
8.428891417165518263e-03
8.257175192601932945e-03
8.088626809395153133e-03
7.925147990248713331e-03
7.764234765283585700e-03
7.605871863689631258e-03
7.450042562810106281e-03
7.298848751508617630e-03
7.150419694951408792e-03
7.004325871376547788e-03
6.860553227749494748e-03
6.720343196571272430e-03
6.583396851873269014e-03
6.448592214025093174e-03
6.315917281574430324e-03
6.185870851707401218e-03
6.059500971941420358e-03
5.935098290002920746e-03
5.812652726409500009e-03
5.692153429529779075e-03
5.575407865225321183e-03
5.460602155942337332e-03
5.347597534946037061e-03
5.236384703535707300e-03
5.128096158909869161e-03
5.022155264228354843e-03
4.917873923906115365e-03
4.815244088139185828e-03
4.714812116415707452e-03
4.617067914604937665e-03
4.520854431988618853e-03
4.426164739757034935e-03
4.333038097284180705e-03
4.242879149315845894e-03
4.154133253371461790e-03
4.066794464351686754e-03
3.980856140354053531e-03
3.897330132105985070e-03
3.815500166913200156e-03
3.734970183904378922e-03
3.655734306078156203e-03
3.578340223519665617e-03
3.502917568963593176e-03
3.428696278507040954e-03
3.355671118295655130e-03
3.283987296287253776e-03
3.214501563477635895e-03
3.146126113633919506e-03
3.078856270809178942e-03
3.012686855781713385e-03
2.948505147663411149e-03
2.885546048641762611e-03
2.823608643936731648e-03
2.762688163185219800e-03
2.703304068784555432e-03
2.645361881261556938e-03
2.588363411848057169e-03
2.532304335242715077e-03
2.477385142126191809e-03
2.424087715944914147e-03
2.371661458617678291e-03
2.320102405487719458e-03
2.269406062469053222e-03
2.220336424522555835e-03
2.172140169797980719e-03
2.124743813952584270e-03
2.078143268218077700e-03
2.032811824428708714e-03
1.988526044913406770e-03
1.944977441138908032e-03
1.902162236113443894e-03
1.860302191691596066e-03
1.819628519787728051e-03
1.779633554724983262e-03
1.740313786179583299e-03
1.701674719241784428e-03
1.664334627082098006e-03
1.627618764444499185e-03
1.591523901189649450e-03
1.556046454571942969e-03
1.521604626497793499e-03
1.487911850368785769e-03
1.454789636561574888e-03
1.422234714850429804e-03
1.390468105771656363e-03
1.359559939510817652e-03
1.329175510981543684e-03
1.299311767501202175e-03
1.270020584446765683e-03
1.241675249087293353e-03
1.213810215720745149e-03
1.186422711910337449e-03
1.159509703723836990e-03
1.133431961428832228e-03
1.107883668005003354e-03
1.082772981800958533e-03
1.058097114471087371e-03
1.034063328013250455e-03
1.010644087344911898e-03
9.876255832362800229e-04
9.650053211695023506e-04
9.428588605912724841e-04
9.213951746095786237e-04
9.002982872065258199e-04
8.795659482870260646e-04
8.591957087052101748e-04
8.394933627970421579e-04
8.201608060913645644e-04
8.011618477883438632e-04
7.824943112080034926e-04
7.643449706073398610e-04
7.466320127722887636e-04
7.292242932367033617e-04
7.121198571147595822e-04
6.954034312407149409e-04
6.791771116276719422e-04
6.632300920860338981e-04
6.475606352042396173e-04
6.321668738795951838e-04
6.173047867981352674e-04
6.026987922961134095e-04
5.883468730459082531e-04
5.742473790693261191e-04
5.605643150812365414e-04
5.471897635816003018e-04
5.340478767861046080e-04
5.211371898962072332e-04
5.085427128620989513e-04
4.962993786194626724e-04
4.842691957679187567e-04
4.724508843179232691e-04
4.608619067551909159e-04
4.496581640576458559e-04
4.386497986626720696e-04
4.278357053277168044e-04
4.172146653541226077e-04
4.069280417110263202e-04
3.968593492963995873e-04
3.869688941382097742e-04
3.772556088047547161e-04
3.677996903476560817e-04
3.585955537170108461e-04
3.495550445425186907e-04
3.406772323710334440e-04
3.319899224643757009e-04
3.235816309395344280e-04
3.153236396701456314e-04
3.072151385680260910e-04
2.992552303335853283e-04
2.915639298956528838e-04
2.840266805646023346e-04
2.766268485144527420e-04
2.693636426540589861e-04
2.623097112613679573e-04
2.554365114639493709e-04
2.486896836384432357e-04
2.420685238973194209e-04
2.356050506004200179e-04
2.293438037833196231e-04
2.231987881818839900e-04
2.171693829071356528e-04
2.112549009762999894e-04
2.055557201563414408e-04
1.999653550863017526e-04
1.944813473032411353e-04
1.891030793899748004e-04
1.838942777245932802e-04
1.788150145959492066e-04
1.738335796854305717e-04
1.689494151438747057e-04
1.641948395507671706e-04
1.595863984665960630e-04
1.550679092894026142e-04
1.506388625527233958e-04
1.463048658326458285e-04
1.421299363351790225e-04
1.380376509754222285e-04
1.340275582327297044e-04
1.300991470749214172e-04
1.263066838828824190e-04
1.226065074683951167e-04
1.189817875347012210e-04
1.154320532954604135e-04
1.119874730802929001e-04
1.086476832381663390e-04
1.053771148279042017e-04
1.021753251177840165e-04
9.905203543757976374e-05
9.604314561244118751e-05
9.309766590066897659e-05
9.021519613704505759e-05
8.739529820271761814e-05
8.468289154149878889e-05
8.203546848097606828e-05
7.944569028450065721e-05
7.691314716493358715e-05
7.446443092462204632e-05
7.208989680682328168e-05
6.976802326294033452e-05
6.749842921597041991e-05
6.529226438861830944e-05
6.316721232570421927e-05
6.109019279956494114e-05
5.906084798477399328e-05
5.707879382449315719e-05
5.518014082821054011e-05
5.332654426303330052e-05
5.151635140718146991e-05
4.974920731098004943e-05
4.804748302850439729e-05
4.639742333003856156e-05
4.478680819749100163e-05
4.321530921486512388e-05
4.169380546914571583e-05
4.022883567331907926e-05
3.879964800633659754e-05
3.740593776546627820e-05
3.604909246412504740e-05
3.475212480685778275e-05
3.348755785461553545e-05
3.225510871845138492e-05
3.105447467586440843e-05
2.990368623466055560e-05
2.878820759826454677e-05
2.770174193109165489e-05
2.664400963195754203e-05
2.562465136419441082e-05
2.464391541677841870e-05
2.368933315761390939e-05
2.276064796746920656e-05
2.186062736724367638e-05
2.100140809830397444e-05
2.016570936881489652e-05
1.935329541043134891e-05
1.856391485029591321e-05
1.781151266659485477e-05
1.708272801499986408e-05
1.637482567286169198e-05
1.568757246581490574e-05
1.502890649011098233e-05
1.439601863184465388e-05
1.378180676719613175e-05
1.318605536711967245e-05
1.261184210491075815e-05
1.206472502664164082e-05
1.153425941027586993e-05
1.102024691341867588e-05
1.052247815589498021e-05
1.005125820103334441e-05
9.595409975231930261e-06
9.154172253867767884e-06
8.727351756656176503e-06
8.321064028891775980e-06
7.931457751784997895e-06
7.554774465796892920e-06
7.190835877946794218e-06
6.842415290516131165e-06
6.511377742210471566e-06
6.191719399482791954e-06
5.883275631820302570e-06
5.586210740038798744e-06
5.306724035876052714e-06
5.037205058852903897e-06
4.777503928061248376e-06
4.527462355329106377e-06
4.291464163033682300e-06
4.065802664560284793e-06
3.848685709351150882e-06
3.639967944771051613e-06
3.441825583498432694e-06
3.254302801511689440e-06
3.074169907070987223e-06
2.901293167428596933e-06
2.736166418666113167e-06
2.581598383552767924e-06
2.433374360788651649e-06
2.291373766828806187e-06
2.155470727039677307e-06
2.028557323355922640e-06
1.907665295969838710e-06
1.792068654528983266e-06
1.681653248617932508e-06
1.577929172878808445e-06
1.480261952571032431e-06
1.387061117884391239e-06
1.298224427995628684e-06
1.214241675229031820e-06
1.136138494033487551e-06
1.061766287583829888e-06
9.910344374859864264e-07
9.238491197268214337e-07
8.619328241121186971e-07
8.032383275913390097e-07
7.475487284336140446e-07
6.947816848719815078e-07
6.458570979350006462e-07
6.000813726932007109e-07
5.567578613105612820e-07
5.158150452895779542e-07
4.776033512512646687e-07
4.423532088646162170e-07
4.090795045170489834e-07
3.777211219615181455e-07
3.482451253168120897e-07
3.214668769617664479e-07
2.962605615281378580e-07
2.725746840644734041e-07
2.503562107672055342e-07
2.300886688852468154e-07
2.112728584979651141e-07
1.936467358274883817e-07
1.771662022168209573e-07
1.620298890704821377e-07
1.482044448346851300e-07
1.352954500356327299e-07
1.232668933362085760e-07
1.121363306117008157e-07
1.021483416008374366e-07
9.285461268511730746e-08
8.422625384178889401e-08
7.623374694883792785e-08
6.909025884164710294e-08
6.252124300369093533e-08
5.644597342028376841e-08
5.084122192829080915e-08
4.579652016327378860e-08
4.124434201778679036e-08
3.705142124525359611e-08
3.319987452712832211e-08
2.970592908581574212e-08
2.661783773795878567e-08
2.378565025530382970e-08
2.119590166429796505e-08
1.883494320113438359e-08
1.677858226474565999e-08
1.490937664362509751e-08
1.320840950282691429e-08
1.166565160065166263e-08
1.031228780192031374e-08
9.109100572461008075e-09
8.019771037969439501e-09
7.037124995440177353e-09
6.168080578277137222e-09
5.414227831450693515e-09
4.735360199786263700e-09
4.126493625608626883e-09
3.583012684100957125e-09
3.124264212058654912e-09
2.713460202600860901e-09
2.347246284131743698e-09
2.022248139234630984e-09
1.746387009037800684e-09
1.505568672821080943e-09
1.292254422879826203e-09
1.104248043163498013e-09
9.433340745425504526e-10
8.069261220329369842e-10
6.869004143515056652e-10
5.818802821138159739e-10
4.911177347342066007e-10
4.166661643568077722e-10
3.516079858892873052e-10
2.951153722375077505e-10
2.463641490378969182e-10
2.066989733528482264e-10
1.728289130615837503e-10
1.436510313652640079e-10
1.186896955541598457e-10
9.820965839627471383e-11
8.132827872505294536e-11
6.690472522679671977e-11
5.467771520937330520e-11
4.454431433874245288e-11
3.651750616135851153e-11
2.971693011712965390e-11
2.400654219273518658e-11
1.925286291366218965e-11
1.558965323876469955e-11
1.254290013066857733e-11
1.000959011156422773e-11
7.923731990720230018e-12
6.303060605086760452e-12
5.011357876029558902e-12
