# mass_function_xt_theory
2.453204993697606184e+01
2.411843808617507534e+01
2.356726525509108328e+01
2.289640442134406939e+01
2.212315973283716630e+01
2.126435552208986479e+01
2.033594569137430952e+01
1.935326378817167736e+01
1.833056465579025840e+01
1.728137709167834402e+01
1.621802809132949363e+01
1.515204898114287779e+01
1.409374026680322345e+01
1.305257433956190560e+01
1.203679577774548193e+01
1.105383587401406764e+01
1.010995505485742463e+01
9.210636397574868184e+00
8.360278787996964667e+00
7.562567258047141472e+00
6.820206992701792537e+00
6.135275981995417460e+00
5.508986811925049132e+00
4.942016185389865868e+00
4.434309565281399301e+00
3.985360027506497094e+00
3.594069727662051239e+00
3.258964138660062293e+00
2.978164981089554075e+00
2.749421014742612357e+00
2.570242265555175099e+00
2.437864810552704764e+00
2.349362517460889865e+00
2.301643084045954080e+00
2.291520323204210730e+00
2.315737445255195759e+00
2.371003780075479295e+00
2.454037139021066238e+00
2.561571504146854306e+00
2.690415893026164351e+00
2.837437190184468161e+00
2.999628888740311528e+00
3.174072337696711710e+00
3.358015075292569040e+00
3.548816990134142646e+00
3.744029221159368870e+00
3.941329484563765195e+00
4.138604554099861943e+00
4.333876093917148786e+00
4.525378048777477069e+00
4.711484615021532818e+00
4.890778711926532019e+00
5.061990960122361827e+00
5.224018724031088468e+00
5.375947881812494167e+00
5.516986891205731602e+00
5.646527545342846288e+00
5.764073494625935545e+00
5.869294795598722914e+00
5.961958949218570503e+00
6.041971121530166577e+00
6.109335803562804479e+00
6.164163448600064932e+00
6.206649822599149324e+00
6.237074479343173827e+00
6.255792167119216707e+00
6.263219874683167099e+00
6.259827153089806195e+00
6.246138646843802711e+00
6.222710158217694243e+00
6.190135150626557170e+00
6.149030054928452671e+00
6.100025876907732680e+00
6.043770713973928288e+00
5.980914972147101771e+00
5.912109515584979214e+00
5.838002261387643443e+00
5.759230308006963561e+00
5.676417539530580036e+00
5.590169475080706718e+00
5.501073132740881277e+00
5.409694031742152909e+00
5.316568106504733215e+00
5.222206950191339736e+00
5.127093203388029430e+00
5.031678013932345372e+00
4.936380275245741522e+00
4.841589738815962995e+00
4.747662848517824941e+00
4.654920612985077533e+00
4.563660112341374919e+00
4.474139021885208400e+00
4.386587546944801908e+00
4.301204758082417534e+00
4.218161614181584973e+00
4.137598142253038347e+00
4.059630518739857585e+00
3.984348413866891203e+00
3.911817368466536049e+00
3.842078566141433171e+00
3.775153818282764195e+00
3.711044479817571240e+00
3.649733879372285106e+00
3.591189623443322265e+00
3.535362116022130241e+00
3.482190662786561308e+00
3.431600515173497623e+00
3.383508686602118232e+00
3.337821139474068222e+00
3.294437651333950612e+00
3.253250440796007670e+00
3.214147436906429345e+00
3.177012793488345199e+00
3.141726825584768790e+00
3.108170104791868837e+00
3.076219999116792891e+00
3.045757933616581425e+00
3.016662210543221700e+00
2.988815658311307022e+00
2.962102093415311277e+00
2.936410714964539981e+00
2.911631863535512732e+00
2.887661729796372256e+00
2.864399176277150350e+00
2.841751075576516072e+00
2.819627582062297577e+00
2.797944382142574238e+00
2.776621936044441075e+00
2.755588359326022641e+00
2.734775784746488636e+00
2.714124000841542372e+00
2.693576000767382794e+00
2.673083164787350530e+00
2.652601635560634552e+00
2.632090636676980289e+00
2.611518081663184887e+00
2.590856192311890904e+00
2.570079823853192114e+00
2.549170955209678180e+00
2.528115276000574507e+00
2.506901993596103662e+00
2.485524894192220113e+00
2.463982635672317123e+00
2.442274685270313661e+00
2.420405247383178082e+00
2.398380700460882142e+00
2.376210022910867359e+00
2.353904510410676831e+00
2.331477498404829873e+00
2.308944701953184353e+00
2.286321498291759902e+00
2.263625786602322609e+00
2.240876474440244959e+00
2.218092681961873147e+00
2.195294130722700743e+00
2.172502016537663838e+00
2.149734992274790812e+00
2.127014451877961232e+00
2.104360020328356118e+00
2.081792049490587271e+00
2.059328444204238551e+00
2.036988560508624424e+00
2.014790547926201381e+00
1.992750382536450537e+00
1.970885062666526411e+00
1.949209266074112490e+00
1.927736295909030950e+00
1.906480569443017137e+00
1.885453672704534123e+00
1.864665302675017955e+00
1.844125702732246408e+00
1.823843159295392091e+00
1.803824461914278920e+00
1.784076061468974794e+00
1.764602187171019132e+00
1.745407117206300152e+00
1.726493348909480252e+00
1.707862387943045235e+00
1.689514784696599881e+00
1.671450502869152865e+00
1.653667647992464795e+00
1.636164187077248755e+00
1.618937317468278403e+00
1.601983520820356999e+00
1.585298027981995261e+00
1.568875804280402519e+00
1.552711575574138081e+00
1.536798745008466360e+00
1.521130896899848262e+00
1.505701529528557181e+00
1.490502776483121794e+00
1.475527105361450708e+00
1.460766755789791871e+00
1.446214772804617077e+00
1.431861705483618019e+00
1.417700395159099402e+00
1.403722719224645976e+00
1.389920182698978435e+00
1.376285339628229076e+00
1.362809990808013128e+00
1.349486590742056791e+00
1.336307393958384937e+00
1.323265759975490008e+00
1.310354076222021158e+00
1.297565484491638665e+00
1.284894246437183529e+00
1.272333398700111085e+00
1.259877902581316045e+00
1.247521943505209174e+00
1.235260124543389848e+00
1.223088524128044030e+00
1.211001836095837891e+00
1.198996582327486626e+00
1.187068986355216849e+00
1.175216009433348363e+00
1.163434356550694826e+00
1.151721778607186275e+00
1.140075776076222347e+00
1.128494779454452868e+00
1.116977174009438523e+00
1.105521789398193455e+00
1.094127574334617936e+00
1.082794363620805500e+00
1.071521180876800594e+00
1.060308450332971830e+00
1.049156050217129543e+00
1.038064390715100371e+00
1.027034117283083470e+00
1.016066089816794582e+00
1.005161122874508539e+00
9.943206914258375662e-01
9.835454861115833225e-01
9.728370594484525569e-01
9.621970740645275910e-01
9.516268528360174450e-01
9.411280367063746821e-01
9.307023362446494863e-01
9.203513110809944386e-01
9.100767685718681443e-01
8.998801444786375114e-01
8.897634746958602570e-01
8.797282055506868703e-01
8.697757834693543577e-01
8.599076652779489294e-01
8.501259004815856501e-01
8.404316571036779537e-01
8.308260421065619683e-01
8.213104383649135753e-01
8.118859803241412765e-01
8.025537187693257968e-01
7.933144598508553580e-01
7.841689238326287059e-01
7.751180309857336193e-01
7.661621481829942182e-01
7.573018321441137291e-01
7.485372460401223949e-01
7.398685890863562209e-01
7.312958165285103895e-01
7.228190379070907889e-01
7.144377334769392851e-01
7.061516704869367222e-01
6.979605012762557514e-01
6.898632932415883490e-01
6.818597349721122747e-01
6.739487080429517052e-01
6.661294684928510401e-01
6.584006640693526036e-01
6.507613116322296110e-01
6.432101272186877550e-01
6.357458283827813750e-01
6.283670632137891010e-01
6.210722210482182426e-01
6.138596480465786653e-01
6.067278372396296415e-01
5.996750496088368854e-01
5.926994684178829020e-01
5.857994006694685618e-01
5.789731540045981451e-01
5.722187247637214869e-01
5.655341148679516872e-01
5.589176552211779780e-01
5.523673512524319706e-01
5.458813805316226064e-01
5.394576322117284883e-01
5.330943290049977579e-01
5.267895698164116736e-01
5.205416297248655066e-01
5.143484010175388699e-01
5.082082205739527625e-01
5.021194059099280960e-01
4.960801189801697930e-01
4.900886129745937736e-01
4.841433307534548369e-01
4.782426537363548835e-01
4.723850347965423135e-01
4.665689999482013905e-01
4.607932618957226723e-01
4.550561608544649306e-01
4.493566792592659787e-01
4.436935431890278725e-01
4.380655663349153350e-01
4.324716379846287873e-01
4.269107708955591218e-01
4.213821229499161714e-01
4.158847549654129949e-01
4.104179127114295222e-01
4.049809256973533333e-01
3.995730316995634301e-01
3.941938207185817777e-01
3.888427043808866390e-01
3.835193492467252607e-01
3.782232589932556510e-01
3.729543416014933221e-01
3.677123409038936530e-01
3.624970029672044958e-01
3.573083935946041456e-01
3.521464109113512375e-01
3.470112436892604513e-01
3.419028022061438854e-01
3.368214075030294130e-01
3.317671752113103834e-01
3.267404775610244227e-01
3.217415538143275078e-01
3.167707650892129245e-01
3.118285826811077466e-01
3.069154092578667004e-01
3.020316396020569227e-01
2.971779994515053036e-01
2.923548601675736713e-01
2.875630050502631652e-01
2.828027902829436946e-01
2.780750107838781959e-01
2.733802874634678193e-01
2.687192697484683257e-01
2.640927195075172818e-01
2.595011533911831814e-01
2.549454566110074261e-01
2.504262666374140189e-01
2.459442400864686740e-01
2.415001588909949926e-01
2.370947802733519294e-01
2.327288116478022639e-01
2.284028608515636105e-01
2.241176820016544113e-01
2.198740199276320306e-01
2.156724790363311328e-01
2.115137891764923561e-01
2.073985418818332649e-01
2.033273824397575646e-01
1.993008842011525228e-01
1.953197208970701704e-01
1.913844326729409184e-01
1.874954616383487649e-01
1.836535354197167680e-01
1.798589549862931181e-01
1.761123355711747551e-01
1.724140216937611048e-01
1.687644345026430848e-01
1.651639692564655926e-01
1.616129940029179535e-01
1.581118078414522066e-01
1.546607248403752133e-01
1.512599524634082593e-01
1.479097502069596226e-01
1.446103095848748632e-01
1.413617369998831086e-01
1.381642763506969185e-01
1.350179533654859709e-01
1.319227827225709082e-01
1.288788675906202830e-01
1.258862008085402662e-01
1.229447144516693791e-01
1.200543444048765562e-01
1.172150253517062479e-01
1.144266137200877775e-01
1.116889297188411040e-01
1.090018293754046880e-01
1.063650877957940527e-01
1.037784339653921722e-01
1.012416191087117251e-01
9.875434709282181200e-02
9.631628136113146166e-02
9.392707594819553474e-02
9.158637112733925001e-02
8.929378214912252198e-02
8.704885061879207020e-02
8.485117171194339614e-02
8.270027124088814852e-02
8.059566908767308580e-02
7.853685964307598188e-02
7.652334998499932261e-02
7.455458730083984464e-02
7.263002135443206997e-02
7.074909100546435126e-02
6.891124363737403946e-02
6.711585601621314345e-02
6.536233320766408894e-02
6.365007033788561142e-02
6.197843156912660051e-02
6.034681763704954210e-02
5.875453866652765450e-02
5.720098102902795856e-02
5.568550633698964719e-02
5.420741501913371035e-02
5.276606273683941833e-02
5.136080056784713549e-02
4.999091191562055059e-02
4.865577754558262497e-02
4.735471351348554542e-02
4.608702315456545545e-02
4.485205683146928357e-02
4.364913723950827884e-02
4.247759098128912197e-02
4.133673714067109123e-02
4.022594732256788014e-02
3.914454853003226931e-02
3.809187435137136729e-02
3.706727661829244819e-02
3.607011357350814462e-02
3.509973905517104614e-02
3.415553529492749291e-02
3.323686233954333685e-02
3.234311634785547868e-02
3.147366619257069981e-02
3.062791730574646043e-02
2.980527439315941440e-02
2.900515238368544732e-02
2.822696837089947938e-02
2.747016382424240580e-02
2.673417592310428637e-02
2.601844616474674465e-02
2.532245285835539247e-02
2.464565234273062913e-02
2.398752566000695099e-02
2.334756987878931420e-02
2.272528729505906078e-02
2.212018031822296157e-02
2.153177934056554541e-02
2.095961433078403005e-02
2.040323207486726895e-02
1.986218084251783686e-02
1.933602907950402947e-02
1.882434781226633921e-02
1.832672328878609883e-02
1.784275685284870613e-02
1.737204813397524514e-02
1.691421239161843004e-02
1.646888252930332405e-02
1.603569081391965565e-02
1.561428728498215346e-02
1.520432197105561593e-02
1.480546502441892030e-02
1.441739320871806944e-02
1.403978691989049045e-02
1.367234236957615839e-02
1.331476223567827112e-02
1.296675836981077586e-02
1.262804930710785360e-02
1.229836979389668621e-02
1.197745101415413627e-02
1.166504010062194459e-02
1.136089213618610844e-02
1.106476601925068109e-02
1.077643275201545410e-02
1.049566682657489085e-02
1.022225042317490701e-02
9.955974878479044096e-03
9.696638412803380500e-03
9.444040965607740368e-03
9.197997546785727230e-03
8.958316643175583127e-03
8.724828818326106974e-03
8.497355247731907743e-03
8.275732114968650105e-03
8.059798275988428254e-03
7.849398060379387740e-03
7.644378627371574246e-03
7.444597228040020741e-03
7.249911100828926314e-03
7.060182470420520162e-03
6.875280383960542287e-03
6.695078271663372493e-03
6.519447613161734323e-03
6.348274179188395129e-03
6.181437821004523610e-03
6.018827977705039356e-03
5.860335781564637164e-03
5.705852664275856516e-03
5.555280100017065924e-03
5.408516275350170981e-03
5.265464260839035349e-03
5.126033099050616992e-03
4.990131621426321940e-03
4.857670229675963708e-03
4.728563511568569487e-03
4.602729717958532751e-03
4.480087143331519181e-03
4.360556592470300925e-03
4.244063338612616421e-03
4.130532619098729874e-03
4.019891815953803051e-03
3.912071403834220008e-03
3.807001708558667864e-03
3.704616101083937647e-03
3.604849749536282680e-03
3.507640299316262551e-03
3.412924564982337729e-03
3.320641957662372624e-03
3.230735688478890422e-03
3.143146620160459318e-03
3.057818715945118202e-03
2.974698633535203477e-03
2.893731657514553735e-03
2.814865801186052559e-03
2.738049740959621562e-03
2.663234543171702495e-03
2.590370736659622451e-03
2.519411130716635912e-03
2.450309133898490293e-03
2.383018743094265576e-03
2.317496054541750075e-03
2.253696295703893140e-03
2.191578479648943409e-03
2.131099885776812156e-03
2.072220125583553157e-03
2.014898910363998371e-03
1.959097703418490911e-03
1.904778439269660126e-03
1.851902883237699880e-03
1.800435791793227524e-03
1.750340678404019995e-03
1.701582618580569891e-03
1.654127814889123438e-03
1.607942639708540922e-03
1.562994306508769813e-03
1.519251596996116713e-03
1.476682432771179347e-03
1.435257107658439134e-03
1.394945091936028317e-03
1.355718084855285673e-03
1.317546594465244343e-03
1.280403719811846683e-03
1.244262681777462062e-03
1.209096164956831180e-03
1.174878403305597329e-03
1.141584649519343866e-03
1.109190380735077712e-03
1.077670682023439434e-03
1.047003347495619645e-03
1.017165053595106214e-03
9.881334500860213844e-04
9.598867963123668134e-04
9.324045056756154887e-04
9.056654035653088257e-04
8.796494879591932681e-04
8.543377891708485048e-04
8.297108477827510068e-04
8.057504884258366020e-04
7.824383403068215599e-04
7.597570216468957664e-04
7.376894255458526020e-04
7.162193292334994394e-04
6.953303702851571086e-04
6.750066844007379272e-04
6.552334155108660227e-04
6.359954210265969261e-04
6.172783638487736686e-04
5.990684761598249119e-04
5.813519204143957663e-04
5.641155833476556780e-04
5.473464517635174241e-04
5.310323212472466527e-04
5.151609342449283476e-04
4.997205384726125747e-04
4.846998475794066729e-04
4.700874441410506522e-04
4.558728305667550363e-04
4.420453728387682278e-04
4.285949726839686038e-04
4.155116323518683237e-04
4.027858494152289771e-04
3.904083035534443367e-04
3.783697745543552061e-04
3.666616762225138621e-04
3.552753983699628339e-04
3.442025201862066049e-04
3.334350948070706499e-04
3.229651149521166006e-04
3.127850872911650134e-04
3.028874633852516674e-04
2.932651075891377587e-04
2.839109021053654622e-04
2.748181087116140621e-04
2.659800059223558382e-04
2.573901705048563010e-04
2.490421459939473376e-04
2.409300268567916240e-04
2.330477449156355841e-04
2.253894582541073966e-04
2.179494844023020393e-04
2.107223329091721458e-04
2.037025779950036610e-04
1.968850131623658874e-04
1.902644918923788455e-04
1.838360036575454237e-04
1.775947312212093360e-04
1.715358511738781285e-04
1.656547290173787960e-04
1.599468084598285728e-04
1.544078363497767203e-04
1.490333122440661820e-04
1.438191690819000921e-04
1.387611422072712629e-04
1.338553552093050560e-04
1.290977948614812959e-04
1.244846368992063169e-04
1.200121089175863509e-04
1.156766415419958460e-04
1.114745626404230997e-04
1.074024338250922770e-04
1.034567946654892215e-04
9.963429426440327866e-05
9.593174656583336468e-05
9.234592230916537211e-05
8.887370844053254333e-05
8.551206511485310213e-05
8.225800005410877384e-05
7.910861726814645675e-05
7.606108797159471938e-05
7.311260818492340346e-05
7.026050396263949110e-05
6.750210425279695226e-05
6.483484115884903206e-05
6.225614789637402965e-05
5.976361278178525158e-05
5.735480771813486245e-05
5.502738814687116426e-05
5.277905248547311149e-05
5.060755713104202999e-05
4.851072710957535006e-05
4.648642823090454846e-05
4.453259093502859176e-05
4.264716431470343849e-05
4.082817265316164064e-05
3.907369906124579694e-05
3.738185514866323935e-05
3.575078688356956945e-05
3.417874056579377142e-05
3.266395430421854931e-05
3.120472670152709397e-05
2.979939356804140471e-05
2.844634764334624759e-05
2.714401570847696540e-05
2.589085363217963969e-05
2.468536987893603092e-05
2.352610594603699598e-05
2.241164631325314304e-05
2.134060695619103526e-05
2.031163145080440433e-05
1.932340369314499773e-05
1.837466294041367930e-05
1.746415125433197000e-05
1.659065250608715854e-05
1.575298236117847795e-05
1.494998729824070929e-05
1.418054366930520283e-05
1.344355680023764898e-05
1.273795770328689878e-05
1.206270528748386752e-05
1.141678762257795758e-05
1.079921444739779153e-05
1.020902521687720934e-05
9.645280085809032798e-06
9.107065316787805423e-06
8.593487431051954258e-06
8.103682146180126900e-06
7.636797129940561002e-06
7.192012064440486415e-06
6.768512557632022311e-06
6.365534682959526230e-06
5.982307101456602127e-06
5.618084352746421986e-06
5.272142805201687065e-06
4.943779503836419491e-06
4.632305217040033603e-06
4.337055417228486189e-06
4.057377512340821554e-06
3.792639650362776118e-06
3.542226104891073556e-06
3.305539423566854264e-06
3.081997846491300190e-06
2.871036277278760984e-06
2.672105995760005864e-06
2.484674388516023863e-06
2.308224694972828973e-06
2.142255766879820389e-06
1.986281272748862018e-06
1.839830751576110309e-06
1.702448672651758555e-06
1.573693360039000061e-06
1.453138359661233548e-06
1.340372375489066835e-06
1.234996740555034923e-06
1.136627953162327638e-06
1.044893715917891605e-06
9.594417800542476085e-07
8.799266770041471078e-07
8.060180087877568280e-07
7.373991808935569884e-07
6.737652706179047366e-07
6.148243036142901980e-07
5.602968285734821639e-07
5.099147881471316832e-07
4.634222066019864860e-07
4.205745949987534907e-07
3.811386894320625523e-07
3.448920238247460211e-07
3.116230323145319943e-07
2.811304884670963189e-07
2.532232622834061742e-07
2.277202673967890564e-07
2.044497608421835883e-07
1.832494053232310437e-07
1.639658455420593641e-07
1.464543483486253814e-07
1.305786531578422664e-07
1.162105339883299882e-07
1.032296384774810774e-07
9.152301081336166863e-08
8.098494399604843472e-08
7.151640504348750863e-08
6.302561950497067471e-08
5.542644149322965532e-08
4.863897398174993528e-08
4.258905038337923620e-08
3.720794340265073986e-08
3.243210328792290201e-08
2.820287322216212119e-08
2.446621229632645651e-08
2.117245212738280447e-08
1.827604044138337354e-08
1.573526722264633649e-08
1.351205716773901861e-08
1.157171625080925630e-08
9.882706312185184934e-09
8.416436012504195578e-09
7.147043501833276299e-09
6.051201988950005803e-09
5.107922120240973233e-09
4.298371913629057184e-09
3.605702252678495983e-09
3.014881439313646100e-09
2.512538783294410607e-09
2.086817845787659838e-09
1.727235087887026237e-09
1.424547586310001906e-09
1.170657299015729658e-09
9.584545620582050482e-10
7.817449788792914380e-10
6.351448596186149153e-10
5.139911041675943574e-10
4.142607445330322294e-10
3.324962452164272701e-10
2.657373995242273765e-10
2.114602626440515574e-10
1.675218223242354247e-10
1.321100058595238587e-10
1.036992005345655014e-10
8.101092537872422741e-11
6.297840763299849349e-11
4.871582306719483448e-11
3.749103431318299442e-11
2.870196571159765286e-11
2.185590363505347145e-11
1.655173457629460956e-11
1.246461749470746057e-11
9.332901939858161320e-12
6.946990755760393390e-12
5.139926961119276982e-12
3.779496975881873964e-12
2.761610725710049735e-12
2.004802308883363022e-12
1.445768239457127909e-12
1.035545746004154746e-12
7.365630841471161913e-13
5.201698771787846685e-13
3.646676870434093559e-13
2.537383958172632599e-13
1.751981830318317426e-13
1.200170123027721969e-13
8.155274972025272006e-14
5.495756458264311312e-14
3.672121839934312681e-14
2.432275044489463676e-14
1.596676396401970308e-14
1.038554983026479393e-14
6.691870971114986490e-15
4.270369252619933427e-15
2.698202407237385743e-15
1.687576936631826685e-15
1.044523368942819935e-15
6.396185647554525181e-16
3.873931329119595314e-16
2.319997500499325472e-16
1.373413774739299493e-16
8.034596542832021371e-17
4.643410075834248228e-17
2.650304713143104773e-17
1.493466262154342212e-17
8.306027048878013756e-18
4.557677033802578551e-18
2.466586304150527731e-18
1.316129481152562712e-18
6.921389405821639314e-19
3.586075474317074430e-19
1.829836114923366799e-19
9.191841610638584255e-20
4.543773510573924414e-20
2.209411879343959458e-20
1.056328902023140641e-20
4.963591289721545031e-21
2.291256445552811613e-21
1.038562150405970296e-21
4.620265901231264097e-22
2.016345468383288667e-22
8.627949507543461237e-23
3.617997298439756726e-23
1.485980474033370350e-23
5.974471840016076777e-24
2.350047622024959718e-24
9.038246087559679513e-25
3.396661684469104571e-25
1.246495097823090511e-25
4.464052522962896911e-26
1.559039342815006717e-26
5.305931111947741566e-27
1.758405309591372044e-27
5.670145257652120981e-28
1.777625569348194780e-28
5.413762645623786489e-29
1.600300636666770208e-29
4.587406866625212797e-30
1.274106846280077700e-30
3.425451157984380127e-31
8.906246654808754752e-32
