# ee
7.954725911915654091e-02
1.620970001011828310e-01
2.285257682117268208e-01
2.595125740786133339e-01
2.516648070714182506e-01
2.140996231483082712e-01
1.619010579992104792e-01
1.097605881691669089e-01
6.784404501121497899e-02
4.027027111369645834e-02
2.602780402139261498e-02
2.113738143896769922e-02
2.090182410171194383e-02
2.163812713047299011e-02
2.130725816478749174e-02
1.983782788155982052e-02
1.770698236433746950e-02
1.587285377712027365e-02
1.518395110075174137e-02
1.564973867950494868e-02
1.699709255849384676e-02
1.858929494648354705e-02
1.979591360148200835e-02
2.034434294942711122e-02
2.015652738673806219e-02
1.955015211440046599e-02
1.891456491953575486e-02
1.862874590406481123e-02
1.900367396451268717e-02
2.007955399021413290e-02
2.183621778403942171e-02
2.411534379555622942e-02
2.680859644462744995e-02
2.980849028424931504e-02
3.305547542861849569e-02
3.657162307142242802e-02
4.034754320580714870e-02
4.431375841222210538e-02
4.838838791140575440e-02
5.250479176619238242e-02
5.665677342328229171e-02
6.085308003746160710e-02
6.510030454194397354e-02
6.940221709684801787e-02
7.377375512104134003e-02
7.828626186178215540e-02
8.301831079944520242e-02
8.804773257938017239e-02
9.346350037231176966e-02
9.933161218010501392e-02
1.056217083190365419e-01
1.122759969263731755e-01
1.192374289744068949e-01
1.264504411054795940e-01
1.338621863526525402e-01
1.414574253727640674e-01
1.492325492336718240e-01
1.571846918382585889e-01
1.653035587391569750e-01
1.735813036657631314e-01
1.820198730545273813e-01
1.906244043536883537e-01
1.993992921764597970e-01
2.083511596411304345e-01
2.174815885763809464e-01
2.267987377133599547e-01
2.363094386687328852e-01
2.460227515642402774e-01
2.559484793566476624e-01
2.660966102475721407e-01
2.764682165627115884e-01
2.870608416974907429e-01
2.978660863671341308e-01
3.088748084518413428e-01
3.200713148105283068e-01
3.314255935773766648e-01
3.429018247003095543e-01
3.544649309622748823e-01
3.660798351462208888e-01
3.777191415150427667e-01
3.893876659214755009e-01
4.010964200281509351e-01
4.128571583327262373e-01
4.246808924978335287e-01
4.365767656116111284e-01
4.485345611038226710e-01
4.605407081596880059e-01
4.725816359644269271e-01
4.846393166931092789e-01
4.967002240577793049e-01
5.087517527128039285e-01
5.207820846743987930e-01
5.327816304638551825e-01
5.447378292623644702e-01
5.566396059211672354e-01
5.684751424564797873e-01
5.802318780494932771e-01
5.918987375514486171e-01
6.034668743186618611e-01
6.149244703673492074e-01
6.262522793634767160e-01
6.374533400237603065e-01
6.485009776639163448e-01
6.593908026504106124e-01
6.701109969994593074e-01
6.806571710775285444e-01
6.910100785505844945e-01
7.011653297850929389e-01
7.111036784470200489e-01
7.208205532111072733e-01
7.303106559851972879e-01
7.395536502849079374e-01
7.485366279761073161e-01
7.572615376251633501e-01
7.657154710979438006e-01
7.738780919100668454e-01
7.817513486279005219e-01
7.893223331173124802e-01
7.965855655944209524e-01
8.035281379250938105e-01
8.101445703254489539e-01
8.164293830116042816e-01
8.223696678494279988e-01
8.279673734052878098e-01
8.332095915450518087e-01
8.380982708350879218e-01
8.426205031412641322e-01
8.467782370299484773e-01
8.505585643670084961e-01
8.539631983121038772e-01
8.569929103980573615e-01
8.596333800504840639e-01
8.619000000959979868e-01
8.637710216099635518e-01
8.652544090687460665e-01
8.663432702482090075e-01
8.670455696247174604e-01
8.673544149741356790e-01
8.672703424225781665e-01
8.668087447966594805e-01
8.659553015219941807e-01
8.647179770749464645e-01
8.631047359318809731e-01
8.611086858686621825e-01
8.587452197119049835e-01
8.560223019379732401e-01
8.529404686729814555e-01
8.495076843932947153e-01
8.457319135752767725e-01
8.416205201777324785e-01
8.371784660892241936e-01
8.324175410310052925e-01
8.273495347243280396e-01
8.219713801899449779e-01
8.163022954993593983e-01
8.103392136733233997e-01
8.041087811335900781e-01
7.976079309009119767e-01
7.908558810467916089e-01
7.838644212924820165e-01
7.766453413592356858e-01
7.692252876688053798e-01
7.616011932419437525e-01
7.537922761501536506e-01
7.458177544649375879e-01
7.376968462577984109e-01
7.294487696002387445e-01
7.210927425637612131e-01
7.126405548696187475e-01
7.041188529395637774e-01
6.955468548450991495e-01
6.869437786577275995e-01
6.783288424489515300e-01
6.697361209907740642e-01
6.611768659368321144e-01
6.526824617210511548e-01
6.442688980092411422e-01
6.359521644672117002e-01
6.277631074612727291e-01
6.197251450074843238e-01
6.118616951219062461e-01
6.041887474703481198e-01
5.967371484191201780e-01
5.895377443345319879e-01
5.826065248823936171e-01
5.759676509137896527e-01
5.696549401351302944e-01
5.636932962325251761e-01
5.581105942321843427e-01
5.529324806552423643e-01
5.481875733629343328e-01
5.439030045464452456e-01
5.401081349020345757e-01
5.368323251259624618e-01
5.341049359144887099e-01
5.319568136339231090e-01
5.304173189805256872e-01
5.295158126505561391e-01
5.292816553402742707e-01
5.297464128651759863e-01
5.309393289923248771e-01
5.328911097729954749e-01
5.356317184234372641e-01
5.391918609949249985e-01
5.436007578686827824e-01
5.488898579310105275e-01
5.550891243981576073e-01
5.622277776513486813e-01
5.703372665768829952e-01
5.794482972260351916e-01
5.895893471450051049e-01
6.007918652200917586e-01
6.130865575025700176e-01
6.264967016934644972e-01
6.410611750293243594e-01
6.568032552111743305e-01
6.737462199400390261e-01
6.919282036174428940e-01
7.113724839444104386e-01
7.321023386219661644e-01
7.541559020516346301e-01
7.775490235841902020e-01
8.023124092709077448e-01
8.284619084625617358e-01
8.560356555606764006e-01
8.850569282662766879e-01
9.155415759301366307e-01
9.475203046035313159e-01
9.810163919874846927e-01
1.016038259082521655e+00
1.052616611939916735e+00
1.090774728260694104e+00
1.130528457395628905e+00
1.171901077045744977e+00
1.214915864912067489e+00
1.259573813644870421e+00
1.305898200945178722e+00
1.353897447813516619e+00
1.403602260301159088e+00
1.455021059408629913e+00
1.508162266136454432e+00
1.563041729835406457e+00
1.619667871506011103e+00
1.678056540499042404e+00
1.738201301114525421e+00
1.800125431053484437e+00
1.863837351316443236e+00
1.929330626203427768e+00
1.996628533415461426e+00
2.065711352060893180e+00
2.136602789034615313e+00
2.209305837689595542e+00
2.283838348079300307e+00
2.360195885206446853e+00
2.438396299124501176e+00
2.518442583186430994e+00
2.600330302394952664e+00
2.684077306803532625e+00
2.769679161414889457e+00
2.857138859581987766e+00
2.946459394657796160e+00
3.037643759995280579e+00
3.130687520597157381e+00
3.225578813115894672e+00
3.322313202554208367e+00
3.420878825564565240e+00
3.521271247149683425e+00
3.623486032312279281e+00
3.727503889354569111e+00
3.833320383279268828e+00
3.940923650738846540e+00
4.050279543335019383e+00
4.161391054420753299e+00
4.274231463948016341e+00
4.388788908569273950e+00
4.505044096586743763e+00
4.622977736302641638e+00
4.742555679318686934e+00
4.863751205586843263e+00
4.986552451759580507e+00
5.110917841088363112e+00
5.236828081875407825e+00
5.364256454072683589e+00
5.493168809281906206e+00
5.623538427455042843e+00
5.755316303493308361e+00
5.888483145698923948e+00
6.022997377323352275e+00
6.158824849968310922e+00
6.295946271936016636e+00
6.434230926274939755e+00
6.573756089840542494e+00
6.714450472483294519e+00
6.856168500551162559e+00
6.998987450899610607e+00
7.142761749876608057e+00
7.287494390835122182e+00
7.433114083625619095e+00
7.579549538098564909e+00
7.726879733888960544e+00
7.874893327739940219e+00
8.023677813184175278e+00
8.173172116749331195e+00
8.323315164963078772e+00
8.474120167855584640e+00
8.625451768452021994e+00
8.777323176782552139e+00
8.929673319374851204e+00
9.082366839254081725e+00
9.235491229952918601e+00
9.388911134496524369e+00
9.542639762915070989e+00
9.696541758233724551e+00
9.850556046980157632e+00
1.000477012268703625e+01
1.015897434487702888e+01
1.031318192358030572e+01
1.046733178532453401e+01
1.062143714013988216e+01
1.077536263105152159e+01
1.092904718458711777e+01
1.108242972727433973e+01
1.123544918564085826e+01
1.138811876971684178e+01
1.154037740602995576e+01
1.169208973760536985e+01
1.184319469097075661e+01
1.199370547615628091e+01
1.214348673618711238e+01
1.229255168109342122e+01
1.244083923740286934e+01
1.258821404814063527e+01
1.273468932333688031e+01
1.288012970601677765e+01
1.302454840621049392e+01
1.316788435044569638e+01
1.331007646525005761e+01
1.345106367715124129e+01
1.359085919617942118e+01
1.372925338185726218e+01
1.386625944421493273e+01
1.400181630978010183e+01
1.413578862157794269e+01
1.426818958963861839e+01
1.439888385698730211e+01
1.452788463365415517e+01
1.465498227916185670e+01
1.478033857054556499e+01
1.490381815083045680e+01
1.502543347525249295e+01
1.514511969636833477e+01
1.526281121194043777e+01
1.537851670323375153e+01
1.549209628450824283e+01
1.560355863702886303e+01
1.571283815855806765e+01
1.581986924685831575e+01
1.592451201618955103e+01
1.602677514781674617e+01
1.612659303950234246e+01
1.622390008900880787e+01
1.631863069409859435e+01
1.641079353603665680e+01
1.650032301258544720e+01
1.658715352150742817e+01
1.667129374406754749e+01
1.675260379452577553e+01
1.683124092115205173e+01
1.690691667120134056e+01
1.697986257644609509e+01
1.704979018414127623e+01
1.711685674255683409e+01
1.718099664945522775e+01
1.724214430259891273e+01
1.730023409975034809e+01
1.735527472217447809e+01
1.740720056763377244e+01
1.745594603389068311e+01
1.750151980221016146e+01
1.754393055385716238e+01
1.758296411958915328e+01
1.761885203117858012e+01
1.765145440288540257e+01
1.768077991597456844e+01
1.770691153521354622e+01
1.772978365836478787e+01
1.774947925019574413e+01
1.776593270846887407e+01
1.777915271444913614e+01
1.778914794940148170e+01
1.779585281108836980e+01
1.779935026427725830e+01
1.779957470673059561e+01
1.779646053621084434e+01
1.779016500098795817e+01
1.778054821532189322e+01
1.776769314398010735e+01
1.775153418472505251e+01
1.773222858582668948e+01
1.770963361618252208e+01
1.768381801374775364e+01
1.765484767111514230e+01
1.762263991387244744e+01
1.758718635110993134e+01
1.754862715892284086e+01
1.750687966289893893e+01
1.746186118862597780e+01
1.741378619570171793e+01
1.736257200971391512e+01
1.730821023975282813e+01
1.725076677841121509e+01
1.719023323477932408e+01
1.712667550144992745e+01
1.706015947101576558e+01
1.699060246906460137e+01
1.691814467169169589e+01
1.684277768798730079e+01
1.676449312704168193e+01
1.668328259794508739e+01
1.659928627679277824e+01
1.651242148917250319e+01
1.642267984417452809e+01
1.633020151789411045e+01
1.623497811942150548e+01
1.613707554134946420e+01
1.603663395977325123e+01
1.593371926728562116e+01
1.582832307297682917e+01
1.572051126943962984e+01
1.561049831627178897e+01
1.549820153906105702e+01
1.538368683040018858e+01
1.526709436638444650e+01
1.514834147260158481e+01
1.502756832514686103e+01
1.490476653311053390e+01
1.478007627258785561e+01
1.465348915266908669e+01
1.452507106594698350e+01
1.439496218851680354e+01
1.426315412946880556e+01
1.412978706489823821e+01
1.399492688739786850e+01
1.385856520605794628e+01
1.372091648047623202e+01
1.358197231974298091e+01
1.344187289995345225e+01
1.330068411370040060e+01
1.315839757007408473e+01
1.301522591389444194e+01
1.287115168036264201e+01
1.272630415690703742e+01
1.258073834745347597e+01
1.243450925592780898e+01
1.228767188625589135e+01
1.214028124236356909e+01
1.199246661167919292e+01
1.184428299812861773e+01
1.169578540563769131e+01
1.154702883813226677e+01
1.139821686654319244e+01
1.124940449479632321e+01
1.110064672681750686e+01
1.095207285003509412e+01
1.080373786837493633e+01
1.065577106926538598e+01
1.050822745663229263e+01
1.036116203440150585e+01
1.021462980649887875e+01
1.006876006035276028e+01
9.923682083391506481e+00
9.779376596038460434e+00
9.635898602219478803e+00
9.493451672865408142e+00
9.352090811902103340e+00
9.211796739752914576e+00
9.072773027348690178e+00
8.935074678615283261e+00
8.798830980981044547e+00
8.663948371366824830e+00
8.530704704205975375e+00
8.399080699921846360e+00
8.269205645942786731e+00
8.141134546194651378e+00
8.014922404603289863e+00
7.890624225094551747e+00
7.768443578599287136e+00
7.648286902038351265e+00
7.530357766342588910e+00
7.414711175437855850e+00
7.301327849747504040e+00
7.190337076699878871e+00
7.081868143723333731e+00
6.975976054743722621e+00
6.872641530184391279e+00
6.771993857473694867e+00
6.674088040537482058e+00
6.578979083301604192e+00
6.486796273194411100e+00
6.397521940307086652e+00
6.311293420407134924e+00
6.228101091924894028e+00
6.148158183798199339e+00
6.071380790954886919e+00
5.997907858830294536e+00
5.927818906057757964e+00
5.861178594570112033e+00
5.798036729599696848e+00
5.738450544729096769e+00
5.682469845190649238e+00
5.630144436216689030e+00
5.581538979740053641e+00
5.536703280993081400e+00
5.495679716857856612e+00
5.458525520916964524e+00
5.425275641702246077e+00
5.395987312796282964e+00
5.370695482730915238e+00
5.349442528388228091e+00
5.332278255000558076e+00
5.319237611099740803e+00
5.310355545217614548e+00
5.305652149185514865e+00
5.305154943185028671e+00
5.308884019047490632e+00
5.316866896954490329e+00
5.329131097087612901e+00
5.345689282927944319e+00
5.366554117956571446e+00
5.391753122355080308e+00
5.421284102904058599e+00
5.455159723084592294e+00
5.493392646377767363e+00
5.536002964614922028e+00
5.582988484576639543e+00
5.634347013043510266e+00
5.690083785146368811e+00
5.750181750965301042e+00
5.814638717280893765e+00
5.883459919223986034e+00
5.956628306874660161e+00
6.034134258663255146e+00
6.115968153020108211e+00
6.202090654974553807e+00
6.292499571307180517e+00
6.387155567047322791e+00
6.485974737122818468e+00
6.589096026969004427e+00
6.696286964508714412e+00
6.807690178512941337e+00
6.923165897085282516e+00
7.042726598669989180e+00
7.166384761711313445e+00
7.294078581151006269e+00
7.425820535433320657e+00
7.561548819500005791e+00
7.701275911795315565e+00
7.844940007261001824e+00
7.992553584341312245e+00
8.143980554475502842e+00
8.299307679610324229e+00
8.458398871185025314e+00
8.621266607643860880e+00
8.787849083928580995e+00
8.958158778483438667e+00
9.131985319245183419e+00
9.309415468160565865e+00
9.490387420171343180e+00
9.674765086716760720e+00
9.862560946241073268e+00
1.005363891018352973e+01
1.024801145698838845e+01
1.044561678159739415e+01
1.064631879544979753e+01
1.085012997698985870e+01
1.105691423765681947e+01
1.126660977239243699e+01
1.147922905964096252e+01
1.169456172733914556e+01
1.191262025393123913e+01
1.213326855085649569e+01
1.235644481305666176e+01
1.258216151897599744e+01
1.281013401304874755e+01
1.304044905722166625e+01
1.327297056293400423e+01
1.350756244162501218e+01
1.374416288823644550e+01
1.398271009771005247e+01
1.422306798148508733e+01
1.446517473450329483e+01
1.470889426820393631e+01
1.495416477752875828e+01
1.520085017391701143e+01
1.544888865231044761e+01
1.569814412414831928e+01
1.594848050086988245e+01
1.619991026091938124e+01
1.645222303223356874e+01
1.670535888090304155e+01
1.695919107411125637e+01
1.721366903369302293e+01
1.746866789798063024e+01
1.772406280530639222e+01
1.797980317750510437e+01
1.823583843641156932e+01
1.849196943685559447e+01
1.874814560067197888e+01
1.900424206619302225e+01
1.926005968824852488e+01
1.951562217217579587e+01
1.977080465630713491e+01
2.002548227897483457e+01
2.027953017851121231e+01
2.053289777675105654e+01
2.078553449552918408e+01
2.103738975668037980e+01
2.128819013153195527e+01
2.153803360892371899e+01
2.178679532718795642e+01
2.203420185765198269e+01
2.228035118915559920e+01
2.252504417652860269e+01
2.276823024160579578e+01
2.300971023921698588e+01
2.324943359119696495e+01
2.348727543587804689e+01
2.372318519509502721e+01
2.395711229068270498e+01
2.418878329396838822e+01
2.441829619379188188e+01
2.464545184498297559e+01
2.487012538587398325e+01
2.509234052180219976e+01
2.531189810759743608e+01
2.552882184859698000e+01
2.574291259963064959e+01
2.595419406603573265e+01
2.616246710264203656e+01
2.636775541478687046e+01
2.656985985730002398e+01
2.676880413551881333e+01
2.696446338777552754e+01
2.715663846889997046e+01
2.734535308422945121e+01
2.753048237209626947e+01
2.771190147083272848e+01
2.788963408577612313e+01
2.806355535525876377e+01
2.823368681211937314e+01
2.839996701569992155e+01
2.856233235284378580e+01
2.872071921039436049e+01
2.887498969169252305e+01
2.902522875058667751e+01
2.917129849041769418e+01
2.931313529802897122e+01
2.945060127676139317e+01
2.958370709696084333e+01
2.971231486196821692e+01
2.983636095862689785e+01
2.995585605728277656e+01
3.007066226127673403e+01
3.018079024095466423e+01
3.028617638315995109e+01
3.038683135823848147e+01
3.048261726953115058e+01
3.057347050388133525e+01
3.065947601513742526e+01
3.074057019014281877e+01
3.081661513223838256e+01
3.088769579527253484e+01
3.095374856608862757e+01
3.101470983153008021e+01
3.107059026194275475e+01
3.112140052767255938e+01
3.116700273206036442e+01
3.120740754545206741e+01
3.124262563819356231e+01
3.127251911362571590e+01
3.129717292559693576e+01
3.131644917744809931e+01
3.133043282302759991e+01
3.133920881618381671e+01
3.134271354376014074e+01
3.134110624310747184e+01
3.133424901756668035e+01
3.132230110448865901e+01
3.130534745772179761e+01
3.128325018060698426e+01
3.125609422699260165e+01
3.122389026722454375e+01
3.118672325515119681e+01
3.114452957761593765e+01
3.109724562146216797e+01
3.104510490754328345e+01
3.098796953920014374e+01
3.092592447028115288e+01
3.085905465463469710e+01
3.078736664401727907e+01
3.071085051582782199e+01
3.062964079588089206e+01
3.054364915948353953e+01
3.045301013245029864e+01
3.035770967359072614e+01
3.025788230871938822e+01
3.015336542964081090e+01
3.004444212917455559e+01
2.993102408262766190e+01
2.981317153231219663e+01
2.969094472054018397e+01
2.956432960612120553e+01
2.943346071486978488e+01
2.929832400559548589e+01
2.915890543710785821e+01
2.901526525171894377e+01
2.886746369174079518e+01
2.871563528298795731e+01
2.855976598426999402e+01
2.840006460490393536e+01
2.823651710369934875e+01
2.806933228997327490e+01
2.789857040603776284e+01
2.772429169420486161e+01
2.754655639678663093e+01
2.736549903959761210e+01
2.718110558144735478e+01
2.699358483165291034e+01
2.680284846552132549e+01
2.660910529236965161e+01
2.641234127100744189e+01
2.621276521075174060e+01
2.601028878690960155e+01
2.580519509230057906e+01
2.559754436923670440e+01
2.538732257652755209e+01
2.517473852349014507e+01
2.495985245243655015e+01
2.474279888918131576e+01
2.452371235953899387e+01
2.430265310582162641e+01
2.407975565384376537e+01
2.385515452941995918e+01
2.362898425836476335e+01
2.340130508299022338e+01
2.317225152911088770e+01
2.294188383903880890e+01
2.271033653858853185e+01
2.247774415357460853e+01
2.224416498530441544e+01
2.200972385456908142e+01
2.177446935765258473e+01
2.153852437434137812e+01
2.130208606792442083e+01
2.106520303468568045e+01
2.082807243791411622e+01
2.059066859039119279e+01
2.035326293890837235e+01
2.011590407974961892e+01
1.987871489270138525e+01
1.964174397404764605e+01
1.940511420357485406e+01
1.916887417756698042e+01
1.893322105931298083e+01
1.869820344509681220e+01
1.846379564769994630e+01
1.823026911391384886e+01
1.799774672352497262e+01
1.776627707281727808e+01
1.753598304157723931e+01
1.730706179309380488e+01
1.707956192365094594e+01
1.685360631303512591e+01
1.662931784103279753e+01
1.640681938743043133e+01
1.618615954851198424e+01
1.596746120406393032e+01
1.575077295037021585e+01
1.553629195071981073e+01
1.532399251789417782e+01
1.511399753167977700e+01
1.490642987186307167e+01
1.470133813472802231e+01
1.449877091655859473e+01
1.429885109714124702e+01
1.410162727275994321e+01
1.390722232320114848e+01
1.371575912825132093e+01
1.352728628419442458e+01
1.334200095431941868e+01
1.316002601841277020e+01
1.298148435626094077e+01
1.280642456414788732e+01
1.263504380536257621e+01
1.246731639268646852e+01
1.230329092240352828e+01
1.214301599079771599e+01
1.198654019415299565e+01
1.183391212875332954e+01
1.168510834946027188e+01
1.154011437945579033e+01
1.139921511801193788e+01
1.126232404688826705e+01
1.112972606535684506e+01
1.100140893867971847e+01
1.087750899912394864e+01
1.075816257895659334e+01
1.064343172694220918e+01
1.053337849184534925e+01
1.042806492243057548e+01
1.032740450045744396e+01
1.023153355819300891e+01
1.014043986089932936e+01
1.005411117383846076e+01
9.972683829277460887e+00
9.896145592478386988e+00
9.824558512205797456e+00
9.757910353721744201e+00
9.696411732795789717e+00
9.639976131187488306e+00
9.588739881163895973e+00
9.542690747987071731e+00
9.501890780421570426e+00
9.466327743729451072e+00
9.436063686675270290e+00
9.411012091018582382e+00
9.391235005523947521e+00
9.376720195453421169e+00
9.367529709571558172e+00
9.363577029637919935e+00
9.364924204417061304e+00
9.371633282673538901e+00
9.383692029669409962e+00
9.401088210666729950e+00
9.423883874430055485e+00
9.452066786221447359e+00
9.485624711302961032e+00
9.524471131434150806e+00
9.568593811877073918e+00
9.617906234391291775e+00
9.672396164238856286e+00
9.731977083179327082e+00
9.796562472972258462e+00
9.866214382382210601e+00
9.940920576671238962e+00
1.002074310460390194e+01
1.010559544793975029e+01
1.019553965544335128e+01
1.029056349237675150e+01
1.039073325315777474e+01
1.049583508080728222e+01
1.060588221450689517e+01
1.072073932643323424e+01
1.084034537226542660e+01
1.096463930768259054e+01
1.109341152135885089e+01
1.122674953597832825e+01
1.136451802371764686e+01
1.150680450726093085e+01
1.165354794228729673e+01
1.180468728447587523e+01
1.196038434001327744e+01
1.212050378107613646e+01
1.228505884684607175e+01
1.245398849300220512e+01
1.262723167522365841e+01
1.280465306568705586e+01
1.298619162007151751e+01
1.317186057755866635e+01
1.336145032682262546e+01
1.355489982354252021e+01
1.375207373989496595e+01
1.395298531506159634e+01
1.415749922121902138e+01
1.436548013054386885e+01
1.457679271521276476e+01
1.479137593090482738e+01
1.500916873329918033e+01
1.523003579457244605e+01
1.545391607040374637e+01
1.568082279997470607e+01
1.591054637195944466e+01
1.614317430904208805e+01
1.637857128339924984e+01
1.661660196720756488e+01
1.685727959964865263e+01
1.710046885289913021e+01
1.734596011563311890e+01
1.759376662703224881e+01
1.784375305927314059e+01
1.809578408453241138e+01
1.834979865848918834e+01
1.860551288631509692e+01
1.886301429069424884e+01
1.912201897679827667e+01
1.938246590030630045e+01
1.964421973339494087e+01
1.990707086473831922e+01
2.017103253351806202e+01
2.043582291555141950e+01
2.070146560324814189e+01
2.096783769265861963e+01
2.123481627983324316e+01
2.150227846082238514e+01
2.177024989868144189e+01
2.203845912245579441e+01
2.230685751169832898e+01
2.257547072946442768e+01
2.284410158830197091e+01
2.311262718426135976e+01
2.338099889689546629e+01
2.364916810575718031e+01
2.391693762339438578e+01
2.418425882935996896e+01
2.445108310320680900e+01
2.471713897398029758e+01
2.498245210473582389e+01
2.524682530802126479e+01
2.551020996338950653e+01
2.577240888338843305e+01
2.603337344757093774e+01
2.629305503548989620e+01
2.655133074319569886e+01
2.680800338323622967e+01
2.706309861866687427e+01
2.731641926203551307e+01
2.756799097639754592e+01
2.781761657430083190e+01
2.806517315179578631e+01
2.831061208843527410e+01
2.855381048026968216e+01
2.879471970685189675e+01
2.903306829722731663e+01
2.926888191445130616e+01
2.950196337107175992e+01
2.973233833014406358e+01
2.995988388771861466e+01
3.018447713984576808e+01
3.040592089907343265e+01
3.062431511195948985e+01
3.083946259105181653e+01
3.105124043240081022e+01
3.125967429906184947e+01
3.146464128708531405e+01
3.166609277602410089e+01
3.186383157842607972e+01
3.205795764084915334e+01
3.224834805934369086e+01
3.243487992996008984e+01
3.261742841943186022e+01
3.279600954423005277e+01
3.297048882450385321e+01
3.314080606390493955e+01
3.330682678258249041e+01
3.346849078418819801e+01
3.362573787237374034e+01
3.377858213429329481e+01
3.392688909009604714e+01
3.407074711043867410e+01
3.420994743196786203e+01
3.434457842534030192e+01
3.447457989420766467e+01
3.459981735871912889e+01
3.472037918953137847e+01
3.483605662329110686e+01
3.494686374715248434e+01
3.505274036476719601e+01
3.515362627978692700e+01
3.524938701236084881e+01
3.534018521664816603e+01
3.542581212929552947e+01
3.550628183745714495e+01
3.558168271178968922e+01
3.565180598893984154e+01
3.571681432306677806e+01
3.577649895081719933e+01
3.583102252635026730e+01
3.588032485331767418e+01
3.592427145186859150e+01
3.596309925966471610e+01
3.599659951335272012e+01
3.602493486709178683e+01
3.604797084103109484e+01
3.606572152232484285e+01
3.607820099812719405e+01
3.608542335559234004e+01
3.608725411486945944e+01
3.608385593011773551e+01
3.607502003798384038e+01
3.606083480912447214e+01
3.604138861419631468e+01
3.601654697334853239e+01
3.598647254074031565e+01
3.595117940352584185e+01
3.591068164885930969e+01
3.586491908039238297e+01
3.581398006878174556e+01
3.575795298468408845e+01
3.569677763175108254e+01
3.563046401825980780e+01
3.555900583697884088e+01
3.548239270179966809e+01
3.540061422661376156e+01
3.531366002531258630e+01
3.522166827879263451e+01
3.512477716795036997e+01
3.502312487368227067e+01
3.491684957688482172e+01
3.480616374195697205e+01
3.469105698279022221e+01
3.457174176378354247e+01
3.444813341532590556e+01
3.432022155130877650e+01
3.418784721861864284e+01
3.405107431464947609e+01
3.390966960278525022e+01
3.376362269691745155e+01
3.361299749444003737e+01
3.345770932574198753e+01
3.329811922222728526e+01
3.313421679778739559e+01
3.296621451682131010e+01
3.279425056022547835e+01
3.261853739239890615e+01
3.243913891073555078e+01
3.225611901262938375e+01
3.206954159547438366e+01
3.187947055666453267e+01
3.168589551009130290e+01
3.148895463665116168e+01
3.128863755023559179e+01
3.108500814823856828e+01
3.087813032805406976e+01
3.066821655408105229e+01
3.045533072371351935e+01
3.023961101784792405e+01
3.002119561738076570e+01
2.980022270320848321e+01
2.957668188922258423e+01
2.935078563982202482e+01
2.912237500189329253e+01
2.889158815633285471e+01
2.865841471703218346e+01
2.842277001438026574e+01
2.818486651277607891e+01
2.794454525910607501e+01
2.770201871776924918e+01
2.745757363666707462e+01
2.721134819669601512e+01
2.696355267190418559e+01
2.671424000793119902e+01
2.646375809407578927e+01
2.621223196912919917e+01
2.595971238838018635e+01
2.570625010711746583e+01
2.545197016413229463e+01
2.519692331471342328e+01
2.494116031414957391e+01
2.468480620123199287e+01
2.442791173124943782e+01
2.417060194299313025e+01
2.391285330824931776e+01
2.365486514931174966e+01
2.339668822146916227e+01
2.313837328001028837e+01
2.288004536372638498e+01
2.262182951140868070e+01
2.236377647834593319e+01
2.210601130332936037e+01
2.184858474164773057e+01
2.159169611559475754e+01
2.133539618045920250e+01
2.107980997503230469e+01
2.082506253810530339e+01
2.057120462496693492e+01
2.031828699090594270e+01
2.006650895821607250e+01
1.981592128218606774e+01
1.956657471810466475e+01
1.931866858826560573e+01
1.907217936445513118e+01
1.882723208546449101e+01
1.858395179008491382e+01
1.834238923360515372e+01
1.810259517131394347e+01
1.786462035850002650e+01
1.762866411745714501e+01
1.739477720347404244e+01
1.716293608833695572e+01
1.693334009433963772e+01
1.670603997677081765e+01
1.648116077442173477e+01
1.625875324258114318e+01
1.603894242004027859e+01
1.582177906208787910e+01
1.560738820751519285e+01
1.539574632810845678e+01
1.518705274616141310e+01
1.498128393346030407e+01
1.477841780969857943e+01
1.457866093670603469e+01
1.438207275721467049e+01
1.418871271395648215e+01
1.399856596616098159e+01
1.381176624006266174e+01
1.362837297839352502e+01
1.344844562388557740e+01
1.327211790277331538e+01
1.309937497428624376e+01
1.293035056465886434e+01
1.276495554961817547e+01
1.260339793890118365e+01
1.244573717523988243e+01
1.229188413436128258e+01
1.214204682600237639e+01
1.199613612589017286e+01
1.185428576025917202e+01
1.171655517184137452e+01
1.158285523636377690e+01
1.145339396356338746e+01
1.132808222916720453e+01
1.120697947590723409e+01
1.109021943001796906e+01
1.097771296722641665e+01
1.086951953026457751e+01
1.076569856186445762e+01
1.066630950475804873e+01
1.057133751817485923e+01
1.048076776134438859e+01
1.039465967699863924e+01
1.031307270786961006e+01
1.023599201318680763e+01
1.016340275217972788e+01
1.009529008407787742e+01
1.003171345161325334e+01
9.972658014015356898e+00
9.918108930513692911e+00
9.868051360337764422e+00
9.822544746219564971e+00
9.781499963886103544e+00
9.744976456069379012e+00
9.712959381998894415e+00
9.685433900904147464e+00
9.662385172014641199e+00
9.643798354559880437e+00
9.629658607769362888e+00
9.619951090872593369e+00
9.614586679596568430e+00
9.613550533170792889e+00
9.616905588709791175e+00
9.624580193853187637e+00
9.636580474125628015e+00
9.652912555051759824e+00
9.673433995151230036e+00
9.698299486953684934e+00
9.727366588978771489e+00
9.760715710253638377e+00
9.798204409297927242e+00
9.839913095138790311e+00
9.885773609798372163e+00
9.935717795298820931e+00
9.989751777164784130e+00
1.004788168092090572e+01
1.010996506508683623e+01
1.017608233868971723e+01
1.024609106024919924e+01
1.031999735528992979e+01
1.039780734933655459e+01
1.047930431740622303e+01
1.056464295202857784e+01
1.065368081172326775e+01
1.074634973851244091e+01
1.084265585792074305e+01
1.094253101197031874e+01
1.104583275918081853e+01
1.115256722507689169e+01
1.126274053518317508e+01
1.137621024801932457e+01
1.149290820560748649e+01
1.161276624996980367e+01
1.173579050663092538e+01
1.186183853411049860e+01
1.199091645793316907e+01
1.212280755311608615e+01
1.225759222868639498e+01
1.239512804316373895e+01
1.253534683857027154e+01
1.267818045692813556e+01
1.282356074025947734e+01
1.297134524708394920e+01
1.312154010292619155e+01
1.327407714980835607e+01
1.342873966274758502e+01
1.358553376726853124e+01
1.374439130539333398e+01
1.390524411914414671e+01
1.406787548353811168e+01
1.423236580760238290e+01
1.439849836635409730e+01
1.456628151505629454e+01
1.473558396092055567e+01
1.490627664089683968e+01
1.507845334244261792e+01
1.525183643550285062e+01
1.542651970753500379e+01
1.560222552848405186e+01
1.577912196930994781e+01
1.595693139995766430e+01
1.613567332438216084e+01
1.631521867953341243e+01
1.649551268586387565e+01
1.667650056382601775e+01
1.685812753387230600e+01
1.704019024945020888e+01
1.722270821451468592e+01
1.740555236601570854e+01
1.758866792440573334e+01
1.777192582663473530e+01
1.795527129315517456e+01
1.813857526091701189e+01
1.832185723387522458e+01
1.850491386547727046e+01
1.868776465967811973e+01
1.887028055342772603e+01
1.905240676717856729e+01
1.923401423788060427e+01
1.941512246948880360e+01
1.959560239895313316e+01
1.977539924672604954e+01
1.995438394975752772e+01
2.013257601200252722e+01
2.030969780340602071e+01
2.048584311142546355e+01
2.066088287301082360e+01
2.083476230861457523e+01
2.100727807168416916e+01
2.117852394967708562e+01
2.134829659604078245e+01
2.151654123122771978e+01
2.168327735919287846e+01
2.184837591688620861e+01
2.201170784125768520e+01
2.217329263626226776e+01
2.233292695534742478e+01
2.249070458597061872e+01
2.264642218157932163e+01
2.280009924612849304e+01
2.295153243306560142e+01
2.310074124634560633e+01
2.324774430032757522e+01
2.339233380047943456e+01
2.353452391318070269e+01
2.367432880481090507e+01
2.381161407474456482e+01
2.394631960585871155e+01
2.407838528103036069e+01
2.420789955014154060e+01
2.433457944556176500e+01
2.445858770067556165e+01
2.457971563135496496e+01
2.469790312047697967e+01
2.481316433442114189e+01
2.492551343956697352e+01
2.503474175178648053e+01
2.514086343745921326e+01
2.524389266296467937e+01
2.534376931117989429e+01
2.544043326498189828e+01
2.553389869075020613e+01
2.562403118785933742e+01
2.571084492268882116e+01
2.579427977811567985e+01
2.587434992051942828e+01
2.595106951627960257e+01
2.602430416477071873e+01
2.609414231587480160e+01
2.616044956896636720e+01
2.622316580692244870e+01
2.628245376312756676e+01
2.633803046995124220e+01
2.639005866077799567e+01
2.643847821848484969e+01
2.648315474244633450e+01
2.652417668254447136e+01
2.656148392165627925e+01
2.659516490966377944e+01
2.662508524594150572e+01
2.665133338037146871e+01
2.667392347933319385e+01
2.669279542570371078e+01
2.670803766936504076e+01
2.671966437669669858e+01
2.672754114707322159e+01
2.673175643037662041e+01
2.673232439298642049e+01
2.672918491777965500e+01
2.672242645463833099e+01
2.671191460293698583e+01
2.669781209606012595e+01
2.667998169403105990e+01
2.665864621698062109e+01
2.663365422817593142e+01
2.660500285788909736e+01
2.657283780339722767e+01
2.653708191146995432e+01
2.649773231237936955e+01
2.645486041990010051e+01
2.640838908080175784e+01
2.635838970885894739e+01
2.630485943434378981e+01
2.624779538752839869e+01
2.618719469868488403e+01
2.612312878158785878e+01
2.605566905001193945e+01
2.598473835072672955e+01
2.591055666451185857e+01
2.583297255463443065e+01
2.575220600187405040e+01
2.566817985300034621e+01
2.558096552178792749e+01
2.549063442201140006e+01
2.539718368394288817e+01
2.530068472135699054e+01
2.520106038102333912e+01
2.509845636021903204e+01
2.499286978921618285e+01
2.488429779828691579e+01
2.477288608470833253e+01
2.465863177875255730e+01
2.454160629419419593e+01
2.442180676130535844e+01
2.429930459386066488e+01
2.417424548913722759e+01
2.404655229390466431e+01
2.391637070544006960e+01
2.378369785401558545e+01
2.364867943690829222e+01
2.351123830088783251e+01
2.337159442673380383e+01
2.322959637771332098e+01
2.308553841810850571e+01
2.293926911118645506e+01
2.279100843772679497e+01
2.264067924449913249e+01
2.248842722878059419e+01
2.233424952084327231e+01
2.217821753446179400e+01
2.202047696691327516e+01
2.186109923197231453e+01
2.170007938828786465e+01
2.153755277502113330e+01
2.137350409270518625e+01
2.120821517588306548e+01
2.104152215808282378e+01
2.087363259034500373e+01
2.070460545670515629e+01
2.053435117419383005e+01
2.036307729385158183e+01
2.019084279971395191e+01
2.001763239231398828e+01
1.984350505568725254e+01
1.966859405737177724e+01
1.949288409790062104e+01
1.931650844481183071e+01
1.913952608214095363e+01
1.896199599392354429e+01
1.878390288069264713e+01
1.860545429348880830e+01
1.842670921634758585e+01
1.824757806629951773e+01
1.806834267788766368e+01
1.788891346814256522e+01
1.770942370460227266e+01
1.752993237130233695e+01
1.735057273578080839e+01
1.717125521506823205e+01
1.699218736020515763e+01
1.681335387172463669e+01
1.663488801716471599e+01
1.645670021355594770e+01
1.627899801193887797e+01
1.610176611284655124e+01
1.592506350031452733e+01
1.574902344188084946e+01
1.557370492158106146e+01
1.539916692345072313e+01
1.522546843152537654e+01
1.505266842984056908e+01
1.488090018593435282e+01
1.471014840033978288e+01
1.454054634059489359e+01
1.437207870723274539e+01
1.420480448428888387e+01
1.403885693930135936e+01
1.387414648930072225e+01
1.371088068532751869e+01
1.354904422791479490e+01
1.338869610109810360e+01
1.322989528891299571e+01
1.307270117875711435e+01
1.291717477147648374e+01
1.276330318777674044e+01
1.261122211536850024e+01
1.246099295845989730e+01
1.231267712125905156e+01
1.216618744096908955e+01
1.202173388880313887e+01
1.187922930196432070e+01
1.173880936816326681e+01
1.160046120810560133e+01
1.146432050950195070e+01
1.133037439305793548e+01
1.119868426298168806e+01
1.106923723997882725e+01
1.094216901175998302e+01
1.081746669903078306e+01
1.069519170599934910e+01
1.057540543687380818e+01
1.045809501235978622e+01
1.034332183666541027e+01
1.023114731399880384e+01
1.012148428156309699e+01
1.001454271057140843e+01
9.910235438226868254e+00
9.808623868737601725e+00
9.709695122809236523e+00
9.613510604649894375e+00
9.520057434965202958e+00
9.429397017963287553e+00
9.341590757852275217e+00
9.256625775337791850e+00
9.174489191125459797e+00
9.095168125920908508e+00
9.018798267434762650e+00
8.945292452870148736e+00
8.874637802932690889e+00
8.806970005333011997e+00
8.742276180776743288e+00
8.680469166467009501e+00
8.621610366611935916e+00
8.565686901917144880e+00
8.512685893088265843e+00
8.462668744333424087e+00
8.415622576358247287e+00
8.371534509868354235e+00
8.330391665569377935e+00
8.292181164166938956e+00
8.256964409869167909e+00
8.224654239879187756e+00
8.195314257259351365e+00
8.168868293483923182e+00
8.145390945886394007e+00
8.124882528297751705e+00
8.107269071046486530e+00
8.092625171466094613e+00
8.080951143387563818e+00
8.072098733636885015e+00
8.066216823050044837e+00
8.063305725458040030e+00
8.063217187686856136e+00
8.066025807069987508e+00
8.071731897438423786e+00
8.080261489120653451e+00
8.091689179450170855e+00
8.105940998755462701e+00
8.122942977365022799e+00
8.142843996114837779e+00
8.165421518328404460e+00
8.190824424841707696e+00
8.218904462480740136e+00
8.249736228578992581e+00
8.283171469962457678e+00
8.319359067467122060e+00
8.358076484416478991e+00
8.399472601646518655e+00
8.443399165983230148e+00
8.489782207755105503e+00
8.538770607798136680e+00
8.590141829435809839e+00
8.644044753504122269e+00
8.700256843326560130e+00
8.758852696236614221e+00
8.819758342562774800e+00
8.882974096136035058e+00
8.948351703782384092e+00
9.015965762835310926e+00
9.085742303623307592e+00
9.157607356474866123e+00
9.231561235220976158e+00
9.307455686687626795e+00
9.385365308208310609e+00
9.465216130111516080e+00
9.546859899223237633e+00
9.630371212876960740e+00
9.715676101401180986e+00
9.802626311621885691e+00
9.891296440872567430e+00
9.981538235979213525e+00
1.007335201077282072e+01
1.016666564049446819e+01
1.026141438003563344e+01
1.035760961270287872e+01
1.045511415479777106e+01
1.055401367312937921e+01
1.065409670049676905e+01
1.075544890370900397e+01
1.085800738257015574e+01
1.096163495338178784e+01
1.106634299945046784e+01
1.117206862058026395e+01
1.127882320007773842e+01
1.138646955424446183e+01
1.149494478288449884e+01
1.160433455280691639e+01
1.171450168031328154e+01
1.182538326520765892e+01
1.193691640729412029e+01
1.204911248987922967e+01
1.216183432926454877e+01
1.227509330875665228e+01
1.238890081166209889e+01
1.250304537077996336e+01
1.261753836941680618e+01
1.273231690737669730e+01
1.284739236796620432e+01
1.296270185098938832e+01
1.307810817274781812e+01
1.319362271654806484e+01
1.330918258219418959e+01
1.342472486949026589e+01
1.354026096174284888e+01
1.365557939175101687e+01
1.377076582632382973e+01
1.388575736526535742e+01
1.400041682487716344e+01
1.411468130496331774e+01
1.422863647233288376e+01
1.434207085978493090e+01
1.445507013412852437e+01
1.456749711166522765e+01
1.467936317570161542e+01
1.479053114253924761e+01
1.490108667898719474e+01
1.501081831784451914e+01
1.511973744241779194e+01
1.522785543601357539e+01
1.533510939843593945e+01
1.544136214598645118e+01
1.554662506197167460e+01
1.565083522580481024e+01
1.575392963533558444e+01
1.585591955152536592e+01
1.595674195183300803e+01
1.605625953021487717e+01
1.615455783113483079e+01
1.625157383205173645e+01
1.634717022692194988e+01
1.644143256020933919e+01
1.653422352587025657e+01
1.662555438486607073e+01
1.671536211465564392e+01
1.680365797620033064e+01
1.689037894695900022e+01
1.697546200439051134e+01
1.705884412595371913e+01
1.714061085611249524e+01
1.722062488882319897e+01
1.729882320154468545e+01
1.737529133874082277e+01
1.744981771086547440e+01
1.752256214588499006e+01
1.759338733775573971e+01
1.766223026393658557e+01
1.772917646889138865e+01
1.779416293007901118e+01
1.785712662495831182e+01
1.791815309799315159e+01
1.797710504313989688e+01
1.803399372135990575e+01
1.808883039361453626e+01
1.814162632086515714e+01
1.819224419706812768e+01
1.824076956668730531e+01
1.828706512367905646e+01
1.833121641250723854e+01
1.837316041063071737e+01
1.841283409550835160e+01
1.845032301160400579e+01
1.848556413637653506e+01
1.851856873078730814e+01
1.854927377229518015e+01
1.857769052186151981e+01
1.860383024044768163e+01
1.862762990551253495e+01
1.864917506151993365e+01
1.866840268592874352e+01
1.868532403970032263e+01
1.869995038379603614e+01
1.871221869567474627e+01
1.872221291529134390e+01
1.872986199755986192e+01
1.873509329288537018e+01
1.873805700218042247e+01
1.873860619234759639e+01
1.873681678079694635e+01
1.873261611793354220e+01
1.872600583766494609e+01
1.871698757389873080e+01
1.870563724404494366e+01
1.869203076551366749e+01
1.867602120520745856e+01
1.865768448053638195e+01
1.863709650891050273e+01
1.861425892423739015e+01
1.858909907692209629e+01
1.856161860087220106e+01
1.853189341349776598e+01
1.849985086520385025e+01
1.846564115690301833e+01
1.842904307199534486e+01
1.839028109489587948e+01
1.834928257600969914e+01
1.830604914924436599e+01
1.826065673200994155e+01
1.821318124171649089e+01
1.816347574526658093e+01
1.811169044357277613e+01
1.805782697054264219e+01
1.800181267658124185e+01
1.794379776260113601e+01
1.788370957900740166e+01
1.782162404321008609e+01
1.775754278911677275e+01
1.769139316713251375e+01
1.762332537816987710e+01
1.755341533963892786e+01
1.748151611844223297e+01
1.740777791549235687e+01
1.733227664819935754e+01
1.725501395047080777e+01
1.717599145621427326e+01
1.709528508283980841e+01
1.701297074775748541e+01
1.692897580137237412e+01
1.684330187759202602e+01
1.675617346083151560e+01
1.666744361799340624e+01
1.657718826648775945e+01
1.648540904022214448e+01
1.639225457177674627e+01
1.629771865339725423e+01
1.620179350899697823e+01
1.610447136248922817e+01
1.600589300479231269e+01
1.590605065981954880e+01
1.580501083498674042e+01
1.570269147070470162e+01
1.559923335789174104e+01
1.549470300396367328e+01
1.538901834933130530e+01
1.528232018491294752e+01
1.517460073462191339e+01
1.506592650587401216e+01
1.495628972258255374e+01
1.484568260866084799e+01
1.473432023852970829e+01
1.462204626909744576e+01
1.450892720777986433e+01
1.439510384549528510e+01
1.428049412265450968e+01
1.416523883017585028e+01
1.404933019197262389e+01
1.393283471546063446e+01
1.381581890805569479e+01
1.369834927717361950e+01
1.358049233023021252e+01
1.346216600763628790e+01
1.334351110031015786e+01
1.322459411566762810e+01
1.310533299411951447e+01
1.298586852658412205e+01
1.286619293697476785e+01
1.274629844920475819e+01
1.262632585419240705e+01
1.250626737585102077e+01
1.238611523809391279e+01
1.226601023183939176e+01
1.214587029749827352e+01
1.202591050949136608e+01
1.190604880822947464e+01
1.178635170112841202e+01
1.166681141210149697e+01
1.154756873206703283e+01
1.142861588493832947e+01
1.130987081112620096e+01
1.119154858505145889e+01
1.107356714712491197e+01
1.095599300476236948e+01
1.083896694888214007e+01
1.072233238701190317e+01
1.060630314666926388e+01
1.049094423898619155e+01
1.037609782458716090e+01
1.026205176511164829e+01
1.014864822118411958e+01
1.003595220393655119e+01
9.924103008003410054e+00
9.813017077511670294e+00
9.702833707095802396e+00
9.593469340882780472e+00
9.484988990004575626e+00
9.377457665593157188e+00
9.270866095277998653e+00
9.165279290191071127e+00
9.060762261464349265e+00
8.957305736727301237e+00
8.854900443609402316e+00
8.753611393242621830e+00
8.653429313256429722e+00
8.554493498285301811e+00
8.456720392456208657e+00
8.360249290403617195e+00
8.264996636254506868e+00
8.171027441140845227e+00
8.078332432692105769e+00
7.987050905542757206e+00
7.897025020317274269e+00
7.808468355152628604e+00
7.721297354175790773e+00
7.635502745016233384e+00
7.551149538805928429e+00
7.468302746676844350e+00
7.386878812755957036e+00
7.306942748175237590e+00
7.228559564066655341e+00
7.151719988059686450e+00
7.076414747783796422e+00
7.002708854370963465e+00
6.930593035450655748e+00
6.860058018652345879e+00
6.791168815108004075e+00
6.723841868944604450e+00
6.658216474796618378e+00
6.594209076791015534e+00
6.531884686059771461e+00
6.471159746729854945e+00
6.412173553435737361e+00
6.354842550304392823e+00
6.299157464965292164e+00
6.245184372129855888e+00
6.192919317324812489e+00
6.142359409656336311e+00
6.093501758230604359e+00
6.046417755656293025e+00
6.001030227537077266e+00
5.957410566481633474e+00
5.915481598093639271e+00
5.875359285083268546e+00
5.836973881404448505e+00
5.800337352863857099e+00
5.765461665268167835e+00
5.732343927723557719e+00
5.700981249336203760e+00
5.671385595912781241e+00
5.643554076559467170e+00
5.617476372032186305e+00
5.593164448137615707e+00
5.570607985631680137e+00
5.549804093620560153e+00
5.530749881210426544e+00
5.513427600806958928e+00
5.497834361516331647e+00
5.483967272444720820e+00
5.471816014348053869e+00
5.461377696332506915e+00
5.452634570803754244e+00
5.445576318517724168e+00
5.440192620230343223e+00
5.436473156697534392e+00
5.434400180324977292e+00
5.433970800218845376e+00
5.435167268784817374e+00
5.437964410078317101e+00
5.442359333205521565e+00
5.448326862221858136e+00
5.455849249533001988e+00
5.464916175894879657e+00
5.475502465362915849e+00
5.487590370342786628e+00
5.501169571590420304e+00
5.516200036460743306e+00
5.532671445709680391e+00
5.550551195042406682e+00
5.569836393565099186e+00
5.590487008632686106e+00
5.612485292650840840e+00
5.635798641324741176e+00
5.660416735410310984e+00
5.686299542262480244e+00
5.713430578694960182e+00
5.741790990803371741e+00
5.771355760741120555e+00
5.802107299011864505e+00
5.834020587769011001e+00
5.867078037516217037e+00
5.901254630406889135e+00
5.936525348594436480e+00
5.972872602582512513e+00
6.010271374524529087e+00
6.048696646573889169e+00
6.088115972533752362e+00
6.128519191258024357e+00
6.169873856549865643e+00
6.212154950562678302e+00
6.255337455449873296e+00
6.299396353364857148e+00
6.344306626461035492e+00
6.390035828541567930e+00
6.436558941759860097e+00
6.483813806518067935e+00
6.531864545172601844e+00
6.580619284724615881e+00
6.630008437226020845e+00
6.680036698231218928e+00
6.730783046797121472e+00
6.782029327970634291e+00
6.833854520808664290e+00
6.886263320865618986e+00
6.939186140193405627e+00
6.992553390843930572e+00
7.046369768371600451e+00
7.100565684828326951e+00
7.155220119271011647e+00
7.210189200249064179e+00
7.265477623316892064e+00
7.321090084028902822e+00
7.376956994437001036e+00
7.433083050095596001e+00
7.489398663056594962e+00
7.545908528874405441e+00
7.602468776098431746e+00
7.659232667288085494e+00
7.716056330992769219e+00
7.772870179264394608e+00
7.829753191159865011e+00
7.886635778731091229e+00
7.943448354029976066e+00
8.000195612610928819e+00
8.056807966525859399e+00
8.113290500190162291e+00
8.169575569960697337e+00
8.225744488060312776e+00
8.281581432701857537e+00
8.337241999610682797e+00
8.392584650502136867e+00
8.447690697599069765e+00
8.502418602616831578e+00
8.556775394275765834e+00
8.610768101296230270e+00
8.664403752398568415e+00
8.717540809298132132e+00
8.770260584217769662e+00
8.822570105877828084e+00
8.874253552491161656e+00
8.925466519783116226e+00
8.976141752971541266e+00
9.026211997274288024e+00
9.075684281411703580e+00
9.124565634104136791e+00
9.172788800569438905e+00
9.220360809527958779e+00
9.267288689700045268e+00
9.313430902801050237e+00
9.358868761053818375e+00
9.403535009676200929e+00
9.447510960891046139e+00
9.490655076413705871e+00
9.532974384964528980e+00
9.574550198766361930e+00
9.615166696032055427e+00
9.654979472486960645e+00
9.693921273348927059e+00
9.731999127338299971e+00
9.769071496170431246e+00
9.805219692068169124e+00
9.840450743751864238e+00
9.874697396439367836e+00
9.907966678851021669e+00
9.940265619707185252e+00
9.971526964225700951e+00
1.000175774112691762e+01
1.003096497913118768e+01
1.005915570695885997e+01
1.008633695333028335e+01
1.011244146346330552e+01
1.013747626607827890e+01
1.016137410639304939e+01
1.018421629663046879e+01
1.020593558200838480e+01
1.022653835337919936e+01
1.024595416662101499e+01
1.026433479025148543e+01
1.028146057527576751e+01
1.029748329021151321e+01
1.031233185306887989e+01
1.032600946536051900e+01
1.033851932859908729e+01
1.034986464429723618e+01
1.035997433046512484e+01
1.036885158861540468e+01
1.037657390376323185e+01
1.038307019391876018e+01
1.038834366059464465e+01
1.039239750530353845e+01
1.039516064605559720e+01
1.039678485136847463e+01
1.039712475574982697e+01
1.039633212771730797e+01
1.039426160177857028e+01
1.039099066294877183e+01
1.038644822923806466e+01
1.038078606916410429e+01
1.037393310073704455e+01
1.036581824196704105e+01
1.035651897786924813e+01
1.034603850995631902e+01
1.033438003974091224e+01
1.032147248523317629e+01
1.030739333144826908e+01
1.029214577989884560e+01
1.027580731560006022e+01
1.025823257305956560e+01
1.023949903729251787e+01
1.021960990981157025e+01
1.019856839212938127e+01
1.017645196926109996e+01
1.015318955921688548e+01
1.012885864701188865e+01
1.010338815065626683e+01
1.007685555516517262e+01
1.004926406205126277e+01
1.002061687282718871e+01
9.990917189005608989e+00
9.960168212099173246e+00
9.928373143620540020e+00
9.895609468584863677e+00
9.861806105002296263e+00
9.827040537887993921e+00
9.791241685252110472e+00
9.754486078795354231e+00
9.716772153458141048e+00
9.678171674368941879e+00
9.638682123153726522e+00
9.598226697935963614e+00
9.556877163844124112e+00
9.514705286006678975e+00
9.471708546049599775e+00
9.427884425598849205e+00
9.383156122777903008e+00
9.337669686217729748e+00
9.291422597544299222e+00
9.244338054881080069e+00
9.196487823356545022e+00
9.147869384596663878e+00
9.098554503729902265e+00
9.048466378879732375e+00
8.997751058677126323e+00
8.946257457743051589e+00
8.894205908210977896e+00
8.841519608204377434e+00
8.788196039349218225e+00
8.734232683271470066e+00
8.679701305099603914e+00
8.624599386459589567e+00
8.568998692479894430e+00
8.512822421283992469e+00
8.456068054497849928e+00
8.398955924254938310e+00
8.341260661673729260e+00
8.283202598887687174e+00
8.224704934020289571e+00
8.165765148697499143e+00
8.106529291550293337e+00
8.046920560702133685e+00
7.986936437778996201e+00
7.926722971411848562e+00
7.866203359724159405e+00
7.805449367844400577e+00
7.744384193896043378e+00
7.683153886510054598e+00
7.621681643809903761e+00
7.560039230924063602e+00
7.498298412981002414e+00
7.436382388104189722e+00
7.374288637919596212e+00
7.312163211058193113e+00
7.250003589145945782e+00
7.187732970306329960e+00
7.125423119667812166e+00
7.063145382006475792e+00
7.000895137186349260e+00
6.938667344719077867e+00
6.876456964116307802e+00
6.814407521894676911e+00
6.752365410560833503e+00
6.690474156631418090e+00
6.628728719618074194e+00
6.567124059032445338e+00
6.505729417888677091e+00
6.444465472195910039e+00
6.383401464968288863e+00
6.322532355717457975e+00
6.261927387457557614e+00
6.201581519700233969e+00
6.141563995459629943e+00
6.081795490744887900e+00
6.022345248570151632e+00
5.963282511949564935e+00
5.904527956892271945e+00
5.846225109914913176e+00
5.788250076925135268e+00
5.730724099388830872e+00
5.673627280117141680e+00
5.616969435322212156e+00
5.560775237916685043e+00
5.505054504112706582e+00
5.449824478472665490e+00
5.395094977208708897e+00
5.340890673233477770e+00
5.287228811109367044e+00
5.234111778698270712e+00
5.181571677263080211e+00
5.129618323015940895e+00
5.078268960519244146e+00
5.027525977634883070e+00
4.977399190575004795e+00
4.927913272252248511e+00
4.879070610528509988e+00
4.830888449966180609e+00
4.783369178427156143e+00
4.736530040473827974e+00
4.690388280668591037e+00
4.644953715223588020e+00
4.600236160350962500e+00
4.556245432262857165e+00
4.512991347171416479e+00
4.470498577989284072e+00
4.428762084228100804e+00
4.387799110450262496e+00
4.347604959007669301e+00
4.308191160313749712e+00
4.269577015972438438e+00
4.231759542536924101e+00
4.194750613260891825e+00
4.158554673047778039e+00
4.123191023501517449e+00
4.088656681175298679e+00
4.054956090972554605e+00
4.022108554497223487e+00
3.990111088302491726e+00
3.958975565642044003e+00
3.928699003069067164e+00
3.899300702187497247e+00
3.870770251200270184e+00
3.843119523361071987e+00
3.816352963573338641e+00
3.790467588390256548e+00
3.765467842715262581e+00
3.741365599802040975e+00
3.718150447853528995e+00
3.695826831773163512e+00
3.674391768114128709e+00
3.653857130130111930e+00
3.634219934374298244e+00
3.615469769049626247e+00
3.597618507409779287e+00
3.580655737657695070e+00
3.564593333047057833e+00
3.549413453430555698e+00
3.535127972061873791e+00
3.521733905494198957e+00
3.509220841930465351e+00
3.497600654624361205e+00
3.486848075078322839e+00
3.476974976546034046e+00
3.467970947230432976e+00
3.459825575334454673e+00
3.452543305761535120e+00
3.446113726714611136e+00
3.440533854746869125e+00
3.435793278061243239e+00
3.431881584860671630e+00
3.428795791698339812e+00
3.426532915127433743e+00
3.425075115000638437e+00
3.424419407871142074e+00
3.424562810292129278e+00
3.425480053766037258e+00
3.427175583196300224e+00
3.429639667755172816e+00
3.432850443791675588e+00
3.436816442025144802e+00
3.441531336474418001e+00
3.446981372808082256e+00
3.453152796694726412e+00
3.460054138853686290e+00
3.467664216603299376e+00
3.475976703962404102e+00
3.484985274949835787e+00
3.494683603584432863e+00
3.505057935534782843e+00
3.516101944819723268e+00
3.527801877107840767e+00
3.540143978067722408e+00
3.553121921718206622e+00
3.566729382078129618e+00
3.580945176465829327e+00
3.595762978900142404e+00
3.611169035049656806e+00
3.627157018933209631e+00
3.643705747869138367e+00
3.660816324226531027e+00
3.678460136973472405e+00
3.696630860128802709e+00
3.715322167711357704e+00
3.734512877039475320e+00
3.754189233781742185e+00
3.774337483606745369e+00
3.794943872183072830e+00
3.815994645179312084e+00
3.837483476614301114e+00
3.859381755456126051e+00
3.881690584073874017e+00
3.904381351435632030e+00
3.927440303209989825e+00
3.950861113415781389e+00
3.974630027721596459e+00
3.998718435095521606e+00
4.023127437906643955e+00
4.047828425123050522e+00
4.072815070763580181e+00
4.098058763796317727e+00
4.123560606590353395e+00
4.149291988113771090e+00
4.175231725684910522e+00
4.201380921672859259e+00
4.227710965045703873e+00
4.254208101472030101e+00
4.280858576620428124e+00
4.307641605947762464e+00
4.334545425815264252e+00
4.361551242372445181e+00
4.388647690119062972e+00
4.415830831905131149e+00
4.443067017179657796e+00
4.470359737142904244e+00
4.497690197944378632e+00
4.525047034083844011e+00
4.552404023360558938e+00
4.579757228624533383e+00
4.607095284375528621e+00
4.634399396763055456e+00
4.661650771936622029e+00
4.688838044395991389e+00
4.715949848640921260e+00
4.742967390820921558e+00
4.769886733786004918e+00
4.796681655335430783e+00
4.823355646669458707e+00
4.849882485587349912e+00
4.876265663289363061e+00
4.902478957574760265e+00
4.928518431293549718e+00
4.954365290595243998e+00
4.980008169979601718e+00
5.005443132296633735e+00
5.030643955345600382e+00
5.055606701976510742e+00
5.080312578338876506e+00
5.104750218932458061e+00
5.128908258257014019e+00
5.152782759162556125e+00
5.176354927798594296e+00
5.199613398664888031e+00
5.222554234611449075e+00
5.245158641787785569e+00
5.267422683043910148e+00
5.289327564529330949e+00
5.310876777444310193e+00
5.332036671237855963e+00
5.352818165460480060e+00
5.373195037911441929e+00
5.393163351440751541e+00
5.412711740548171946e+00
5.431828839733459091e+00
5.450510711846626499e+00
5.468745991387433669e+00
5.486530741205888795e+00
5.503853595801754928e+00
5.520710470136012127e+00
5.537089259263278329e+00
5.552985138699392920e+00
5.568385855609942148e+00
5.583286585510768951e+00
5.597682503917707386e+00
5.611553929646099448e+00
5.624896038211782745e+00
5.637704005130596663e+00
5.649973005918378810e+00
5.661698216090969460e+00
5.672874811164206221e+00
5.683483109953428425e+00
5.693540573025224205e+00
5.703027519194932893e+00
5.711939123978392985e+00
5.720277991241694338e+00
5.728039296500672783e+00
5.735218215271171260e+00
5.741817351419276072e+00
5.747824452110574356e+00
5.753242121211158633e+00
5.758072962587114318e+00
5.762304723404032991e+00
5.765932579177751371e+00
5.768966562124608011e+00
5.771386991059943128e+00
5.773203898200097051e+00
5.774412459060904723e+00
5.775007849158204642e+00
5.774992672358091106e+00
5.774369532526647752e+00
5.773133605179713079e+00
5.771302350883880550e+00
5.768863516804734637e+00
5.765834563508864363e+00
5.762203238161861307e+00
5.757987001330312715e+00
5.753166171829556141e+00
5.747765638576431080e+00
5.741765720386277749e+00
5.735176449475432925e+00
5.728007858060237822e+00
5.720247693306277803e+00
5.711898559079643611e+00
5.702977915946925158e+00
5.693488367774207859e+00
5.683425090077333763e+00
5.672798115072640535e+00
5.661610046626216253e+00
5.649870451890977918e+00
5.637572181065661603e+00
5.624722475986076553e+00
5.611328578488032903e+00
5.597375445356594703e+00
5.582877746777823447e+00
5.567835296237280573e+00
5.552247907220525747e+00
5.536122821563373542e+00
5.519467281101633205e+00
5.502281099320867952e+00
5.484586374757390637e+00
5.466390349247008729e+00
5.447685407925037637e+00
5.428493649327787551e+00
5.408807458590570327e+00
5.388648934249697042e+00
5.368010461440481329e+00
5.346906710348981129e+00
5.325344922811011905e+00
5.303317483961882850e+00
5.280839063987656345e+00
5.257924333074394774e+00
5.234565676357409103e+00
5.210792620723260882e+00
5.186604979657511549e+00
5.162002566645723434e+00
5.137014908574458083e+00
5.111634390579026466e+00
5.085875682845490964e+00
5.059738598859412129e+00
5.033245237157102814e+00
5.006395411224124459e+00
4.979196362896288086e+00
4.951655334009405607e+00
4.923786994749538515e+00
4.895606015302749192e+00
4.867104780804348607e+00
4.838320246491147891e+00
4.809244797498459789e+00
4.779900532362596266e+00
4.750294692919368345e+00
4.720449377705086214e+00
4.690364400205313089e+00
4.660047002255860882e+00
4.629519282393040669e+00
4.598781054102413002e+00
4.567846987570042039e+00
4.536724324631737915e+00
4.505427735473561235e+00
4.473956689352950988e+00
4.442338992015844923e+00
4.410564963228805979e+00
4.378654636159399871e+00
4.346620615624940065e+00
4.314460649742239973e+00
4.282194771678862644e+00
4.249828157901873738e+00
4.217365984878337137e+00
4.184828285775815004e+00
4.152212808711121639e+00
4.119539586851822754e+00
4.086806368314730875e+00
4.054040614617659521e+00
4.021232645527174299e+00
3.988402494210837812e+00
3.955562765485964416e+00
3.922711207469367078e+00
3.889860424978361042e+00
3.857023022830259773e+00
3.824204177492127599e+00
3.791423922131528457e+00
3.758680004865274871e+00
3.725992458860931222e+00
3.693366460585562727e+00
3.660822043206732879e+00
3.628356954841253756e+00
3.595998657006941990e+00
3.563737469470359187e+00
3.531600853749320645e+00
3.499579129610391526e+00
3.467692330221132213e+00
3.435938203698359228e+00
3.404336783209636064e+00
3.372893245222027048e+00
3.341605337852344260e+00
3.310500522618403885e+00
3.279569119286767975e+00
3.248831161025001801e+00
3.218299252650419273e+00
3.187971142279832915e+00
3.157859434730557968e+00
3.127976734819907900e+00
3.098320790664697011e+00
3.068911635432488350e+00
3.039739588889846633e+00
3.010824684204335355e+00
2.982164669492768816e+00
2.953772149572460926e+00
2.925659729260725150e+00
2.897825194809776406e+00
2.870273913363686091e+00
2.843026146902424500e+00
2.816079872355213620e+00
2.789440495001523690e+00
2.763128276821328111e+00
2.737133766393595291e+00
2.711477225698299076e+00
2.686149203314410538e+00
2.661162532871649056e+00
2.636515191299238392e+00
2.612227440577148840e+00
2.588289829284351917e+00
2.564707762700318305e+00
2.541494074454770491e+00
2.518654169827178713e+00
2.496178597396515375e+00
2.474087619142750771e+00
2.452379211995107333e+00
2.431058781233055299e+00
2.410131732136066685e+00
2.389596041633363477e+00
2.369457115004415471e+00
2.349727785878945152e+00
2.330391174485674011e+00
2.311467542804572339e+00
2.292954867764862126e+00
2.274851126295764914e+00
2.257161723676751830e+00
2.239892065187294445e+00
2.223032699406363832e+00
2.206596459963681145e+00
2.190581323788467927e+00
2.174992696160195305e+00
2.159821125657835683e+00
2.145072017560859745e+00
2.130750777148738173e+00
2.116855381350693399e+00
2.103391235446196106e+00
2.090348888014216922e+00
2.077733744334229637e+00
2.065551209685703160e+00
2.053791832647609894e+00
2.042461018499420522e+00
2.031556744170357476e+00
2.021069558239391384e+00
2.011012294336244288e+00
2.001375501039886373e+00
1.992157155279540071e+00
1.983355233984425814e+00
1.974967956769687838e+00
1.966994513994159366e+00
1.959434338702596312e+00
1.952286863939753703e+00
1.945558951100637257e+00
1.939235176529502613e+00
1.933322401621355713e+00
1.927812631070701554e+00
1.922705297922295831e+00
1.918007263571144483e+00
1.913703104361502705e+00
1.909792253338126189e+00
1.906281571896020877e+00
1.903155636379442406e+00
1.900421308183395830e+00
1.898070592002387036e+00
1.896102920881171494e+00
1.894510299514254870e+00
1.893299589296642660e+00
1.892447938222340698e+00
1.891969636036604507e+00
1.891849259083689283e+00
1.892086240408351161e+00
1.892672584705095140e+00
1.893615153368927606e+00
1.894891094393853503e+00
1.896507269174878774e+00
1.898455682406508860e+00
1.900735767133499454e+00
1.903332099700105751e+00
1.906244113151083663e+00
1.909471240531189329e+00
1.912998058184676831e+00
1.916823999156303637e+00
1.920948496490823887e+00
1.925356126532493661e+00
1.930038893975818848e+00
1.935003660215804944e+00
1.940227573246456894e+00
1.945717494462780861e+00
1.951458000209032262e+00
1.957448523529966788e+00
1.963673640769840301e+00
1.970132784973407825e+00
1.976825389185425275e+00
1.983728601399898261e+00
1.990849283011832505e+00
1.998172010365482754e+00
2.005688788155355784e+00
2.013399049426206400e+00
2.021287837167612622e+00
2.029349489300693143e+00
2.037586238742137290e+00
2.045992890058386582e+00
2.054556819465630291e+00
2.063272831530308604e+00
2.072143159169113069e+00
2.081155178598232514e+00
2.090311122734358484e+00
2.099598367793680254e+00
2.109019146692889368e+00
2.118560835648175544e+00
2.128218239225978969e+00
2.137993590342990302e+00
2.147874265215399259e+00
2.157855068409647359e+00
2.167930804492173458e+00
2.178103706379668658e+00
2.188353721938073537e+00
2.198690512434327893e+00
2.209094025734372746e+00
2.219566494754897423e+00
2.230102724062343444e+00
2.240690089872900082e+00
2.251330825103257993e+00
2.262019734319857811e+00
2.272744193738889695e+00
2.283499007926793833e+00
2.294286409800260884e+00
2.305093775575481008e+00
2.315923338169143975e+00
2.326762473797441277e+00
2.337613415377061798e+00
2.348463539124197474e+00
2.359307649605287605e+00
2.370147979737022403e+00
2.380964477385342892e+00
2.391766803817189313e+00
2.402542335248751382e+00
2.413278447896219703e+00
2.423984803026534962e+00
2.434648776855887764e+00
2.445265173950716964e+00
2.455836227227714108e+00
2.466341884552819774e+00
2.476791807192972872e+00
2.487173371364365781e+00
2.497488809983686942e+00
2.507718070916877373e+00
2.517870815430877762e+00
