# te
3.740594199483870952e+00
5.273983852144662698e+00
5.963488587896805804e+00
6.033399715845828126e+00
5.715057049665498212e+00
5.175067880620399130e+00
4.527163093226760360e+00
3.843849929392394227e+00
3.175251050128317765e+00
2.557413018052670850e+00
2.024698797833762054e+00
1.588030922914699827e+00
1.265388797305341484e+00
1.058837042849024579e+00
9.630527583536132585e-01
9.567201509370153456e-01
1.016477284043817431e+00
1.120651258098603442e+00
1.240092071687019626e+00
1.360969739237964937e+00
1.468868417669320525e+00
1.555234403253397790e+00
1.614148927263703293e+00
1.639913811474096761e+00
1.639973753544550661e+00
1.621167655246878336e+00
1.585255124979675134e+00
1.543522380120811777e+00
1.494861226032608403e+00
1.453045579525907627e+00
1.416140566365547526e+00
1.388880095523832958e+00
1.377366909978520848e+00
1.369536525200460320e+00
1.370934838257235944e+00
1.371786451762527115e+00
1.370434961192894985e+00
1.363414704960826063e+00
1.345786309053412122e+00
1.313517744119066410e+00
1.266139504299229390e+00
1.203673440782661697e+00
1.124536881104123642e+00
1.026842590438126424e+00
9.098460249393884869e-01
7.755163171209614736e-01
6.264824477098555056e-01
4.654476809355803102e-01
2.952541911773207683e-01
1.186546929307746301e-01
-6.215798996910894270e-02
-2.453409315306329663e-01
-4.299103687520154371e-01
-6.152521733399142212e-01
-8.021603795845319018e-01
-9.944968113359292650e-01
-1.196210991487271613e+00
-1.410964965777049329e+00
-1.642004792329752272e+00
-1.891657637009954485e+00
-2.158931657454566277e+00
-2.442020115944080416e+00
-2.739108846408740305e+00
-3.048443109580788679e+00
-3.368602712421407741e+00
-3.698666243229279171e+00
-4.037831414374773331e+00
-4.385325651629260690e+00
-4.740569517870611982e+00
-5.103260367083755966e+00
-5.474031865626108662e+00
-5.853534478703396715e+00
-6.241348989085344634e+00
-6.636721903780428811e+00
-7.039037301704738958e+00
-7.447694708186826773e+00
-7.863323187949607274e+00
-8.286848939725999230e+00
-8.719346729253922845e+00
-9.161492710919798554e+00
-9.613111428729093078e+00
-1.007400023284827562e+01
-1.054365933943382139e+01
-1.102196038215470431e+01
-1.150825551990617868e+01
-1.200152753304614528e+01
-1.250061114467128753e+01
-1.300441536138079179e+01
-1.351199775677883785e+01
-1.402233161330222089e+01
-1.453524158475814154e+01
-1.505039375028391113e+01
-1.556775132302684383e+01
-1.608698038212424564e+01
-1.660782129021593079e+01
-1.713001440994171176e+01
-1.765330010394139393e+01
-1.817734445135229038e+01
-1.870181353131171065e+01
-1.922637342295697138e+01
-1.975091305593287316e+01
-2.027480137536673510e+01
-2.079785302740086550e+01
-2.131965980767007451e+01
-2.183973922830666936e+01
-2.235783165195046251e+01
-2.287352887423627479e+01
-2.338634840729640274e+01
-2.389603061377066595e+01
-2.440222480646995606e+01
-2.490429038239204473e+01
-2.540194138972077553e+01
-2.589459474263000160e+01
-2.638181592229857841e+01
-2.686317040990535077e+01
-2.733814940312666408e+01
-2.780624409963888155e+01
-2.826709426412334025e+01
-2.872019109425640693e+01
-2.916502578771442700e+01
-2.960123810917874465e+01
-3.002831925632571242e+01
-3.044576042683168993e+01
-3.085320138537801782e+01
-3.125020761314354800e+01
-3.163627030780464011e+01
-3.201102923404263834e+01
-3.237404987303639103e+01
-3.272482342246225073e+01
-3.306299007091618591e+01
-3.338811741915004205e+01
-3.369984777533284870e+01
-3.399767488062856557e+01
-3.428138961021117836e+01
-3.455041142174216873e+01
-3.480438262339054489e+01
-3.504301980682775763e+01
-3.526596528022281518e+01
-3.547286135174469734e+01
-3.566342461306489042e+01
-3.583722308884988195e+01
-3.599404765427363628e+01
-3.613354061750516166e+01
-3.625527000321093851e+01
-3.635910097006744479e+01
-3.644452725923868286e+01
-3.651133974589860998e+01
-3.655918073821623437e+01
-3.658769254436052165e+01
-3.659665821312520961e+01
-3.658582948778298771e+01
-3.655495028522628331e+01
-3.650391308935252965e+01
-3.643238753355163340e+01
-3.634026610172104910e+01
-3.622729271075318991e+01
-3.609328556104298968e+01
-3.593806285298537517e+01
-3.576151707047777961e+01
-3.556339213041263747e+01
-3.534365480018985295e+01
-3.510197471319938956e+01
-3.483839292034365087e+01
-3.455265333851506426e+01
-3.424472273511356946e+01
-3.391449359403659969e+01
-3.356208124968907214e+01
-3.318737818596842004e+01
-3.279035117027456181e+01
-3.237096697000745138e+01
-3.192926663606949589e+01
-3.146521693586062796e+01
-3.097885892028327248e+01
-3.047038220724487090e+01
-2.993974092250361707e+01
-2.938691290875328122e+01
-2.881193765054841549e+01
-2.821478034894105136e+01
-2.759555477198825812e+01
-2.695437468774706247e+01
-2.629127958077201654e+01
-2.560638321912016835e+01
-2.489987365435105815e+01
-2.417164180401423224e+01
-2.342202428667423675e+01
-2.265106058688562385e+01
-2.185901303971042964e+01
-2.104599541320570566e+01
-2.021227004243348802e+01
-1.935809926245583767e+01
-1.848352255782728903e+01
-1.758880226360988885e+01
-1.667434928187068977e+01
-1.574035166416922671e+01
-1.478722031257255232e+01
-1.381521756214270980e+01
-1.282468003144424529e+01
-1.181587005553920555e+01
-1.078927281999713550e+01
-9.745062867005600538e+00
-8.683732118776758213e+00
-7.605387570638283634e+00
-6.510433351927862766e+00
-5.399199308480667092e+00
-4.271941002629374040e+00
-3.128921425056915062e+00
-1.970626416953715765e+00
-7.974749643579550629e-01
3.900916616414390470e-01
1.591641103975840243e+00
2.806727634546168026e+00
4.034914439273646458e+00
5.275758761399295338e+00
6.528789616433189558e+00
7.793528591535148209e+00
9.069474988814247851e+00
1.035623953563330524e+01
1.165325467894914624e+01
1.296011628942408933e+01
1.427619738721296017e+01
1.560116812648057838e+01
1.693432724387926669e+01
1.827527061007134890e+01
1.962329696170914417e+01
2.097800216945497453e+01
2.233875925346366387e+01
2.370501551739253543e+01
2.507621826489891248e+01
2.645181479964011118e+01
2.783117814177095894e+01
2.921375559494876484e+01
3.059892017932837049e+01
3.198604491506458913e+01
3.337465138931724340e+01
3.476403833873865068e+01
3.615357878348363840e+01
3.754272002720952628e+01
3.893083509007113463e+01
4.031714842521829212e+01
4.170125590331331722e+01
4.308238197750602438e+01
4.445989966795125525e+01
4.583333056180880760e+01
4.720197339573102369e+01
4.856527547337521611e+01
4.992260981489620519e+01
5.127327515694631188e+01
5.261679308668536237e+01
5.395246234076568470e+01
5.527950792234499744e+01
5.659737988512016926e+01
5.790538026579096709e+01
5.920273681755465844e+01
6.048890014411602323e+01
6.176317228217480704e+01
6.302507811893828205e+01
6.427369684059874544e+01
6.550959330339844655e+01
6.673065815748967111e+01
6.793775339312465178e+01
6.912951249548069654e+01
7.030605461978505843e+01
7.146601325121497439e+01
7.261025038002277654e+01
7.373665665636070798e+01
7.484460840043101371e+01
7.593496760248599742e+01
7.700562491267790222e+01
7.805744232125900339e+01
7.908831047838157247e+01
8.009909137429788473e+01
8.108841849418520553e+01
8.205715382829579596e+01
8.300318802678194174e+01
8.392738307989591817e+01
8.482837247281494797e+01
8.570553252574134717e+01
8.655972522892736265e+01
8.738958406755027397e+01
8.819522819683733417e+01
8.897603393699084506e+01
8.973137760821303743e+01
9.046063553070618468e+01
9.116392685969761089e+01
9.184137075041451226e+01
9.249234352305920481e+01
9.311547866280892549e+01
9.371238099494094342e+01
9.428094116960758697e+01
9.482202117706106037e+01
9.533499733750365124e+01
9.581998880616264103e+01
9.627562906821526667e+01
9.670278011391384609e+01
9.710081826346061007e+01
9.746837700203285237e+01
9.780631831988281988e+01
9.811476137223777982e+01
9.839308247930003404e+01
9.864137672348333297e+01
9.885964289594757304e+01
9.904785571503913388e+01
9.920598989910436671e+01
9.933327733146468574e+01
9.942969273046645640e+01
9.949521081445610093e+01
9.952980630177998478e+01
9.953345391078445914e+01
9.950612835981596049e+01
9.944631869717085237e+01
9.935548531124550209e+01
9.923286008536132385e+01
9.907841773786468309e+01
9.889213298710197364e+01
9.867398055141957514e+01
9.842467798418884684e+01
9.814345716873123138e+01
9.783029282339306576e+01
9.748590250154578030e+01
9.711026092153569778e+01
9.670259996668421820e+01
9.626363719036278610e+01
9.579409014594273231e+01
9.529319071674544261e+01
9.476165645614231892e+01
9.419871924745471858e+01
9.360509664405405772e+01
9.298224903433671784e+01
9.232866546659907669e+01
9.164506349421252196e+01
9.093141783552340485e+01
9.018918887892814951e+01
8.941760850774812752e+01
8.861739427535475500e+01
8.778852090009434050e+01
8.693244877036333662e+01
8.604840976948311493e+01
8.513786428585002852e+01
8.420078703781051388e+01
8.323715274371090800e+01
8.224693612189761893e+01
8.123159756076702820e+01
8.019036894364052159e+01
7.912396782388948679e+01
7.803236891986028922e+01
7.691628978492434499e+01
7.577570513742800529e+01
7.461281820079265970e+01
7.342686085833972243e+01
7.221927462882244697e+01
7.099068271739665192e+01
6.974094662455000559e+01
6.847215635584524307e+01
6.718343057674505303e+01
6.587537362276214026e+01
6.454858982940919532e+01
6.320368353219891588e+01
6.184051623161902000e+01
6.046043509820718498e+01
5.906226166341612327e+01
5.764771451529603752e+01
5.621724942235460531e+01
5.477139643660206048e+01
5.331083417705358585e+01
5.183624126272436428e+01
5.034814774562462247e+01
4.884730652827204267e+01
4.733432194617933675e+01
4.580972405135668879e+01
4.427426574632180944e+01
4.272847708308490411e+01
4.117303668066116273e+01
3.960862315806578238e+01
3.803569228380646905e+01
3.645499696040091919e+01
3.486706723985934531e+01
3.327250745769442375e+01
3.167199623292136934e+01
3.006613790105287620e+01
2.845546251409914973e+01
2.684064869107538343e+01
2.522237505099677790e+01
2.360139449638103670e+01
2.197831136274086106e+01
2.035395283609644324e+01
1.872892325196048446e+01
1.710397551285069184e+01
1.547978823778225710e+01
1.385704004577037907e+01
1.223640955583026191e+01
1.061857538697710623e+01
9.004141874723606165e+00
7.393713354582468256e+00
5.788042729071386283e+00
4.187726905352812778e+00
2.593429645741446965e+00
1.005762714100237210e+00
-5.746249839566156536e-01
-2.147103856525562904e+00
-3.711044338496506168e+00
-5.265781315851961075e+00
-6.810671986418642021e+00
-8.345026006581667488e+00
-9.868197602827654791e+00
-1.137960785679546660e+01
-1.287847728466722330e+01
-1.436417496963004048e+01
-1.583606999487103550e+01
-1.729345716007482281e+01
-1.873592839893602147e+01
-2.016277851113924768e+01
-2.157359943037911520e+01
-2.296776023984274318e+01
-2.434477858972225306e+01
-2.570417213020974856e+01
-2.704523566098985654e+01
-2.836756111575719430e+01
-2.967051757769887388e+01
-3.095362269700700963e+01
-3.221631984037122010e+01
-3.345797809097862796e+01
-3.467811509902134759e+01
-3.587624851469148979e+01
-3.705189598818117247e+01
-3.820487230369252529e+01
-3.933476939492014424e+01
-4.044125347906115309e+01
-4.152406505681518922e+01
-4.258272177837432793e+01
-4.361703842794072017e+01
-4.462668122271147553e+01
-4.561116781287869770e+01
-4.657031298264451635e+01
-4.750363438220104939e+01
-4.841087251224789867e+01
-4.929169358998219508e+01
-5.014576383260105530e+01
-5.097274945730158180e+01
-5.177253953178840362e+01
-5.254487455676112972e+01
-5.328956931642189687e+01
-5.400629002796778622e+01
-5.469492575910344101e+01
-5.535529129403097670e+01
-5.598720141695250163e+01
-5.659076804608012168e+01
-5.716588024911848720e+01
-5.771250137727469109e+01
-5.823066906525834696e+01
-5.872032239771871076e+01
-5.918122910957109895e+01
-5.961320695267543357e+01
-6.001599939538919415e+01
-6.038942418957230274e+01
-6.073322480358219622e+01
-6.104721898927882506e+01
-6.133107593151714099e+01
-6.158483623266455709e+01
-6.180854049508855752e+01
-6.200141220262906216e+01
-6.216564617922601599e+01
-6.229972307369435924e+01
-6.240435203992405633e+01
-6.247949939678002806e+01
-6.252587429815221753e+01
-6.254270022788059435e+01
-6.253068633985507319e+01
-6.248979895294061038e+01
-6.242000438600214807e+01
-6.232052612287962745e+01
-6.219281615248797834e+01
-6.203535512364216942e+01
-6.185033786028213854e+01
-6.163624501122282595e+01
-6.139378573035416764e+01
-6.112366917156610668e+01
-6.082586165372360654e+01
-6.050136946472657939e+01
-6.014956465541999364e+01
-5.977115637969377815e+01
-5.936640809042290101e+01
-5.893565752398478708e+01
-5.847924241675685408e+01
-5.799742622161409855e+01
-5.749062095843640918e+01
-5.695909008009878960e+01
-5.640331988998362789e+01
-5.582379669147339030e+01
-5.522093250444802237e+01
-5.459528791579247553e+01
-5.394720066188417462e+01
-5.327730561311057755e+01
-5.258586622234660979e+01
-5.187359164348222151e+01
-5.114081961289487310e+01
-5.038811071746948755e+01
-4.961602554409103760e+01
-4.882505039614191844e+01
-4.801559729350211825e+01
-4.718828406501404515e+01
-4.634366037334005739e+01
-4.548211027259253569e+01
-4.460438923439630088e+01
-4.371095559636621175e+01
-4.280234197961964782e+01
-4.187908100527393174e+01
-4.094177957794892109e+01
-3.999097031876197406e+01
-3.902726013233292690e+01
-3.805110735627665974e+01
-3.706311889521300174e+01
-3.606390165376181045e+01
-3.505391396953794469e+01
-3.403376274716124072e+01
-3.300412917475406260e+01
-3.196547158993126914e+01
-3.091847118081519952e+01
-2.986373485202570777e+01
-2.880179522468014497e+01
-2.773333348690087163e+01
-2.665888225980522819e+01
-2.557904844801307576e+01
-2.449451323964676419e+01
-2.340580925582364458e+01
-2.231354340116356028e+01
-2.121832258028637952e+01
-2.012082798131444505e+01
-1.902151794186260503e+01
-1.792122221705822227e+01
-1.682047342801863721e+01
-1.572010132987120912e+01
-1.462056426023078792e+01
-1.352269197422472580e+01
-1.242701709297037382e+01
-1.133436937159508062e+01
-1.024520714771370855e+01
-9.160211609448598580e+00
-8.080063944922111219e+00
-7.005296775251591335e+00
-5.936517005056895613e+00
-4.874405822460373905e+00
-3.819518133630127821e+00
-2.772453414835760466e+00
-1.733759143895122534e+00
-7.039902269763183007e-01
3.162835730520522359e-01
1.326522206722386965e+00
2.326146254310757833e+00
3.314607495164290096e+00
4.291315081928697595e+00
5.255651770438924508e+00
6.206991117404625058e+00
7.144721536235961956e+00
8.068209155292343837e+00
8.976827531283426254e+00
9.870024504421374800e+00
1.074714391801484226e+01
1.160775989423024157e+01
1.245129798822897982e+01
1.327718375517246763e+01
1.408506560072961200e+01
1.487422051305682480e+01
1.564422261432051009e+01
1.639464602668708437e+01
1.712506487232295171e+01
1.783490470638951919e+01
1.852381393455570446e+01
1.919136667898790449e+01
1.983713706185253756e+01
2.046062492181350834e+01
2.106162723154473326e+01
2.163964382971010636e+01
2.219447168898355471e+01
2.272583349853647405e+01
2.323337766403777493e+01
2.371675259115637502e+01
2.417560668556117420e+01
2.460981120342858830e+01
2.501901455042751721e+01
2.540286513222688569e+01
2.576108563799808238e+01
2.609347304041503435e+01
2.639967574514664150e+01
2.667949072486681317e+01
2.693264066874695928e+01
2.715907111646600214e+01
2.735857904069781554e+01
2.753103569761884728e+01
2.767623805990298536e+01
2.779413166722914497e+01
2.788443920876873960e+01
2.794718050770316964e+01
2.798230110371134316e+01
2.798974653647217536e+01
2.796946234566456724e+01
2.792131978746494170e+01
2.784541296855720205e+01
2.774161314511774989e+01
2.761001442383049920e+01
2.745068742885311508e+01
2.726368313774077023e+01
2.704880619501489036e+01
2.680608409570439932e+01
2.653547005133572512e+01
2.623699155693780227e+01
2.591052754053454876e+01
2.555617978065739493e+01
2.517405005583777111e+01
2.476409157760210178e+01
2.432633184097930368e+01
2.386079834099831842e+01
2.336759285619056570e+01
2.284689144858997878e+01
2.229887018023048029e+01
2.172385368015099161e+01
2.112194372688295374e+01
2.049346494946527386e+01
1.983859340993189946e+01
1.915757945381924188e+01
1.845059914316124150e+01
1.771797710699680906e+01
1.695996369086238786e+01
1.617673495679189344e+01
1.536854125032175666e+01
1.453570720049090959e+01
1.367840886933326594e+01
1.279697088588777021e+01
1.189186644619833366e+01
1.096342017930389012e+01
1.001195671424336631e+01
9.037949247060689473e+00
8.041648123292286954e+00
7.023526538982084233e+00
5.984027976773008461e+00
4.923573634257237153e+00
3.842629279128446207e+00
2.741660679080314633e+00
1.621111316755767362e+00
4.814454741784321423e-01
-6.768666239478644542e-01
-1.853289383437094706e+00
-3.047281267423032070e+00
-4.258287368008999429e+00
-5.485767633998821502e+00
-6.729182014196318562e+00
-7.987908745552565470e+00
-9.261534058825635185e+00
-1.054928762396160025e+01
-1.185069624491653251e+01
-1.316507928798098348e+01
-1.449189205431589400e+01
-1.583067954142669365e+01
-1.718091246331629662e+01
-1.854206153398763135e+01
-1.991344890043861326e+01
-2.129469384367716600e+01
-2.268504422719871272e+01
-2.408404504850867767e+01
-2.549109273810747922e+01
-2.690558372649554286e+01
-2.832698872767578280e+01
-2.975462988864612157e+01
-3.118790363990699177e+01
-3.262628069546129694e+01
-3.406915748580947678e+01
-3.551585615794944317e+01
-3.696577314238162870e+01
-3.841837915310893692e+01
-3.987299633712930103e+01
-4.132902112494314650e+01
-4.278592423055338401e+01
-4.424295351745544025e+01
-4.569965398315474658e+01
-4.715527349114671551e+01
-4.860920847193175121e+01
-5.006092963951280694e+01
-5.150961057388278874e+01
-5.295464770554211498e+01
-5.439543746499122534e+01
-5.583115343222301874e+01
-5.726126632124041294e+01
-5.868502399553887017e+01
-6.010197145262377916e+01
-6.151150512299555828e+01
-6.291265001964213610e+01
-6.430569397509395912e+01
-6.569003341985140310e+01
-6.706432194938993518e+01
-6.842795599420993824e+01
-6.978107481983686000e+01
-7.112307485677109753e+01
-7.245335253551311894e+01
-7.377056145153829902e+01
-7.507484087037207132e+01
-7.636484438748986747e+01
-7.764071126841712100e+01
-7.890109510862920672e+01
-8.014613517365158657e+01
-8.137522789398467182e+01
-8.258776199985891253e+01
-8.378309542042487124e+01
-8.496132121958814309e+01
-8.612030395617928491e+01
-8.726087952912892831e+01
-8.838165533229263815e+01
-8.948272442957598116e+01
-9.056417988488459514e+01
-9.162388625704900846e+01
-9.266267944499986697e+01
-9.367990967761771515e+01
-9.467418434875817468e+01
-9.564559652232679809e+01
-9.659349642720421514e+01
-9.751797712729599255e+01
-9.841838885148267480e+01
-9.929333899361992621e+01
-1.001429206176133135e+02
-1.009664839523433812e+02
-1.017648648967407610e+02
-1.025366708446610318e+02
-1.032819948600097888e+02
-1.040009300066925988e+02
-1.046928265135900489e+02
-1.053570346095827546e+02
-1.059943901936012765e+02
-1.066035006595012078e+02
-1.071852019062131660e+02
-1.077373584925676937e+02
-1.082615491525204021e+02
-1.087571241149518926e+02
-1.092226907737177157e+02
-1.096590850277484748e+02
-1.100649142708997914e+02
-1.104417572371272342e+02
-1.107882213202863682e+02
-1.111043995842828025e+02
-1.113903850930221040e+02
-1.116455280753849024e+02
-1.118691787602517422e+02
-1.120629158815782347e+02
-1.122260896682449527e+02
-1.123580503491325118e+02
-1.124588909881464502e+02
-1.125287046491924201e+02
-1.125683272312009819e+02
-1.125763661280277006e+02
-1.125536572386031935e+02
-1.125002936268330274e+02
-1.124163683566227832e+02
-1.123012089382010430e+02
-1.121547948422131356e+02
-1.119785684907023438e+02
-1.117710009656120036e+02
-1.115327918539604042e+02
-1.112638979077408550e+02
-1.109642758789466654e+02
-1.106353681896211185e+02
-1.102756459217075076e+02
-1.098858086622241785e+02
-1.094658131631644409e+02
-1.090156161765215614e+02
-1.085359172893138435e+02
-1.080251875834846089e+02
-1.074848694810771690e+02
-1.069141768990598109e+02
-1.063130665894258300e+02
-1.056814953041685641e+02
-1.050209054653312961e+02
-1.043312538249073071e+02
-1.036124971348899635e+02
-1.028645921472724893e+02
-1.020889812840982671e+02
-1.012856212973605352e+02
-1.004544689390526315e+02
-9.959696663121789584e+01
-9.871232829082454430e+01
-9.780199633991594510e+01
-9.686518469546038546e+01
-9.590407861452618477e+01
-9.491789201408161603e+01
-9.390732448114499675e+01
-9.287158993268461415e+01
-9.181213079074383643e+01
-9.072816097229087973e+01
-8.961963722931912457e+01
-8.848800198387181126e+01
-8.733172631789227580e+01
-8.615299548844883759e+01
-8.495102341250978384e+01
-8.372873818216841357e+01
-8.248535371439302821e+01
-8.122231243122695332e+01
-7.994031391968846378e+01
-7.864080060182088516e+01
-7.732298639459251888e+01
-7.598831372004664786e+01
-7.463673933017659579e+01
-7.326896281200068017e+01
-7.188419808248715981e+01
-7.048461507213482946e+01
-6.906935106506411159e+01
-6.763901368887589172e+01
-6.619495340619606338e+01
-6.473629217457552443e+01
-6.326512329166517645e+01
-6.177982587999088082e+01
-6.028323607222854008e+01
-5.877447582592905206e+01
-5.725415276869329517e+01
-5.572376593015215462e+01
-5.418384865440404496e+01
-5.263523141955734275e+01
-5.107867042021791804e+01
-4.951492185099167642e+01
-4.794474190648450929e+01
-4.636851536378981109e+01
-4.478632986599095744e+01
-4.319849590667885053e+01
-4.160532397944437122e+01
-4.000705029437591520e+01
-3.840383677805937168e+01
-3.679606820758813512e+01
-3.518464934457308146e+01
-3.357063351763010672e+01
-3.195507405537509982e+01
-3.033902428642395677e+01
-2.872338897238756061e+01
-2.710929572538429966e+01
-2.549764930702507471e+01
-2.388868592739826369e+01
-2.228279036359725396e+01
-2.068005025870544955e+01
-1.908070182281122840e+01
-1.748505554950548913e+01
-1.589319908187160912e+01
-1.430559148050548579e+01
-1.272284037300800996e+01
-1.114592480449256762e+01
-9.575600969565051912e+00
-8.012847913338848826e+00
-6.458421830419847964e+00
-4.913227482418945691e+00
-3.378095347444524332e+00
-1.853410202589976574e+00
-3.397573904054409510e-01
1.162530310467441819e+00
2.652978982732283164e+00
4.131165221874392834e+00
5.596649281008530430e+00
7.049006471283982833e+00
8.487824794546538598e+00
9.912692453976010398e+00
1.132319765275221179e+01
1.271892859405495635e+01
1.409951062281530909e+01
1.546452451386283222e+01
1.681347675852459034e+01
1.814565099762014810e+01
1.946033087196906664e+01
2.075672573888840589e+01
2.203404495569524357e+01
2.329157216320912838e+01
2.452844243524463153e+01
2.574408797962631112e+01
2.693823813818874058e+01
2.811099367027897600e+01
2.926208391773157658e+01
3.039160963989362685e+01
3.149937446210215697e+01
3.258540486020176274e+01
3.364957874303198793e+01
3.469140260191991132e+01
3.571053149519757852e+01
3.670639763068955830e+01
3.767865606672793177e+01
3.862666472763473990e+01
3.955015295524455610e+01
4.044855295738194911e+01
4.132151979237897876e+01
4.216863423506520547e+01
4.298955134377268905e+01
4.378377760982850475e+01
4.455104237506721176e+01
4.529085213081586403e+01
4.600293621890904205e+01
4.668724683168878897e+01
4.734381044499969704e+01
4.797280210169130044e+01
4.857409971060317844e+01
4.914787831458488654e+01
4.969409010597849630e+01
5.021283584413108514e+01
5.070406772138468909e+01
5.116766364657888033e+01
5.160372437906072918e+01
5.201212782766978648e+01
5.239282618474813802e+01
5.274584592614031919e+01
5.307106496068591639e+01
5.336848982846281331e+01
5.363804732648217310e+01
5.387949574898348004e+01
5.409281624071371652e+01
5.427784137941490883e+01
5.443440374282900507e+01
5.456241019220052380e+01
5.466191615577893970e+01
5.473290277831125650e+01
5.477542548804695599e+01
5.478953971323553418e+01
5.477530088212646575e+01
5.473276442296926092e+01
5.466191148051090920e+01
5.456287176650337045e+01
5.443577499269866848e+01
5.428060230384377149e+01
5.409763197869569495e+01
5.388684516200140706e+01
5.364837156551290320e+01
5.338234090098218587e+01
5.308910573066872018e+01
5.276887004982702223e+01
5.242198642071657133e+01
5.204873312209436165e+01
5.164953699972235768e+01
5.122460204885507551e+01
5.077428083175203000e+01
5.029885162717015135e+01
4.979851843036396275e+01
4.927355952009047257e+01
4.872417889160413296e+01
4.815072910716445875e+01
4.755333987852343824e+01
4.693236376794054365e+01
4.628807905417279045e+01
4.562091258298215024e+01
4.493114263312561718e+01
4.421919605036519130e+01
4.348542539696034481e+01
4.273010895166808609e+01
4.195367356025040806e+01
4.115654606846926811e+01
4.033922760558919407e+01
3.950207073386965817e+01
3.864557658257515271e+01
3.777024628097017001e+01
3.687650667481669586e+01
3.596471032637422383e+01
3.503550693191225207e+01
3.408915957421021403e+01
3.312616768614744700e+01
3.214679265411820808e+01
3.115151871502428449e+01
3.014068153876244693e+01
2.911469107873197260e+01
2.807395728833213511e+01
2.701911297146972402e+01
2.595071664854900462e+01
2.486925255647175348e+01
2.377520493213975072e+01
2.266920657945976814e+01
2.155181601883609233e+01
2.042336892016549044e+01
1.928434952034974259e+01
1.813524205629061825e+01
1.697653076488990820e+01
1.580862559954687541e+01
1.463201079716330355e+01
1.344709631113846449e+01
1.225444066187663950e+01
1.105460236978210098e+01
9.847991388254133227e+00
8.635166237696999758e+00
7.416759722017487455e+00
6.193107511112368790e+00
4.964916692390920261e+00
3.732522935749918780e+00
2.496514474994642629e+00
1.257345833625866494e+00
1.550124854536736631e-02
-1.228527614994829653e+00
-2.474249091742697360e+00
-3.721194544331982712e+00
-4.968922077457336606e+00
-6.217001681173806027e+00
-7.465015230896838716e+00
-8.712537916526660098e+00
-9.959144927963492933e+00
-1.120435202830556065e+01
-1.244783840435658639e+01
-1.368897125220979660e+01
-1.492726633496341115e+01
-1.616209084871065116e+01
-1.739303484005224476e+01
-1.861946550508141485e+01
-1.984089860689638840e+01
-2.105677562509288236e+01
-2.226638947226162202e+01
-2.346925591150083434e+01
-2.466473940680188548e+01
-2.585219349374872522e+01
-2.703096897582346259e+01
-2.820049094001068823e+01
-2.936018447329501413e+01
-3.050969751316852907e+01
-3.164882656412833128e+01
-3.277744241417402549e+01
-3.389519300079771114e+01
-3.500187482849649712e+01
-3.609721011826496095e+01
-3.718106965810271447e+01
-3.825310138550187133e+01
-3.931280467094950382e+01
-4.035990173544023207e+01
-4.139404051646614136e+01
-4.241486895151934533e+01
-4.342196069458943697e+01
-4.441496368316851573e+01
-4.539322872073868353e+01
-4.635618089428452748e+01
-4.730324529079067020e+01
-4.823369843023668579e+01
-4.914703968310969628e+01
-5.004254556938928999e+01
-5.091971545956257472e+01
-5.177871727563913851e+01
-5.261957037262359194e+01
-5.344244267252552305e+01
-5.424750209735453410e+01
-5.503499085262273383e+01
-5.580492829333471860e+01
-5.655748234150009068e+01
-5.729215236760593655e+01
-5.800836345863685750e+01
-5.870561498507997555e+01
-5.938333203391987070e+01
-6.004101397564364362e+01
-6.067816018073840212e+01
-6.129419573618873329e+01
-6.188913999699924773e+01
-6.246301231817453470e+01
-6.301560920421171375e+01
-6.354761856163787570e+01
-6.405839119393509407e+01
-6.454876357463551528e+01
-6.501808650722119864e+01
-6.546645363019926833e+01
-6.589321574705181206e+01
-6.629995216633591326e+01
-6.668599813751349359e+01
-6.705062669396552621e+01
-6.739383815007779788e+01
-6.771563282023612373e+01
-6.801675385385121331e+01
-6.829645873028393055e+01
-6.855400492889499731e+01
-6.879087843412023062e+01
-6.900559389029538693e+01
-6.919815161180628138e+01
-6.937003758308870260e+01
-6.951902361345337056e+01
-6.964733852236113876e+01
-6.975349695414773521e+01
-6.983749922319897507e+01
-6.990083131395064697e+01
-6.994200787073852155e+01
-6.996177204297335095e+01
-6.996012414504099297e+01
-6.993706449132714909e+01
-6.989259339621764866e+01
-6.982745400912327227e+01
-6.974090380940478440e+01
-6.963368594647299403e+01
-6.950580073471365949e+01
-6.935650565348757368e+01
-6.918728668723051101e+01
-6.899814415032827242e+01
-6.878833552214162239e+01
-6.855934678710634955e+01
-6.830969258955823875e+01
-6.804085891393306440e+01
-6.775284607461664166e+01
-6.744565438599471463e+01
-6.712002699747809231e+01
-6.677447855340253113e+01
-6.641123787322884198e+01
-6.602956243631778932e+01
-6.562945255705514569e+01
-6.521165138485172008e+01
-6.477690206911829307e+01
-6.432446208921562913e+01
-6.385581742957952400e+01
-6.337022556957077057e+01
-6.286917249362512194e+01
-6.235191568110337812e+01
-6.181919828141633388e+01
-6.127176344397474139e+01
-6.070961148316442291e+01
-6.013348554839611637e+01
-5.954262982632340595e+01
-5.893846383784584475e+01
-5.832016530608075300e+01
-5.768899189221548340e+01
-5.704501272139736301e+01
-5.638844548577871052e+01
-5.571965644451688604e+01
-5.503901185676919283e+01
-5.434680369819047030e+01
-5.364339822793805013e+01
-5.292916170516927821e+01
-5.220431182203646614e+01
-5.146943768820445797e+01
-5.072468271232307302e+01
-4.997048743705215657e+01
-4.920729240505153967e+01
-4.843531530847354816e+01
-4.765492240647552791e+01
-4.686662852521978095e+01
-4.607057707335617636e+01
-4.526728287704700904e+01
-4.445703791194714682e+01
-4.364020843721388587e+01
-4.281716071200457918e+01
-4.198826099547657265e+01
-4.115402411379215408e+01
-4.031481632610869781e+01
-3.947115245858851296e+01
-3.862332448688644604e+01
-3.777184723716481329e+01
-3.691716125208346000e+01
-3.605955850729720424e+01
-3.519947954546589131e+01
-3.433729062574684576e+01
-3.347335800729739930e+01
-3.260797366577238421e+01
-3.174165242733413805e+01
-3.087468626763748247e+01
-3.000744144583976336e+01
-2.914035850460080113e+01
-2.827387798658043039e+01
-2.740836615093597572e+01
-2.654418925682479014e+01
-2.568178784690668337e+01
-2.482152818033899777e+01
-2.396385079978156085e+01
-2.310904768088920491e+01
-2.225748508281927229e+01
-2.140960354823157985e+01
-2.056569505278096344e+01
-1.972612621959287438e+01
-1.889133941116774196e+01
-1.806162878696909857e+01
-1.723736278996298310e+01
-1.641890986311543799e+01
-1.560671273289501038e+01
-1.480099127526272973e+01
-1.400226250018963547e+01
-1.321082056713928132e+01
-1.242695963557519256e+01
-1.165104814846342052e+01
-1.088330598176499997e+01
-1.012410157844597158e+01
-9.373803381472377794e+00
-8.632631266805253389e+00
-7.900953677410642584e+00
-7.178990489249589046e+00
-6.467110145288126333e+00
-5.765532521487299888e+00
-5.074551777310646550e+00
-4.394536355724206089e+00
-3.725631849186520572e+00
-3.068206700663630659e+00
-2.422517927867825716e+00
-1.788748265008895721e+00
-1.167154729799131596e+00
-5.579497698493223190e-01
3.861702547848992056e-02
6.223257802232666780e-01
1.192941761723467886e+00
1.750259950718551893e+00
2.294097612998728941e+00
2.824241558118184781e+00
3.340504594856977594e+00
3.842684675294667507e+00
4.330587179861066005e+00
4.804028631511354952e+00
5.262878294487498110e+00
5.706998004681201664e+00
6.136271883034926766e+00
6.550576622140883210e+00
6.949781486241030315e+00
7.333778024628079706e+00
7.702435501543988927e+00
8.055675179682468823e+00
8.393425750087478932e+00
8.715608475452729209e+00
9.022166903522677472e+00
9.312940585138287375e+00
9.588006778348514558e+00
9.847133974135548584e+00
1.009041554876698044e+01
1.031763611144362436e+01
1.052880312187380163e+01
1.072377547276082765e+01
1.090256062381302193e+01
1.106509175123619926e+01
1.121122774773367858e+01
1.134105035651627702e+01
1.145441847028731530e+01
1.155148811576010814e+01
1.163219246914047034e+01
1.169646470663422555e+01
1.174431228794968796e+01
1.177581695629767466e+01
1.179091188788400402e+01
1.178967882591949490e+01
1.177212523011246326e+01
1.173818427666872743e+01
1.168808627580410153e+01
1.162161583671941045e+01
1.153900326963046474e+01
1.144033031774808684e+01
1.132560444078059092e+01
1.119513023244629757e+01
1.104891515245352096e+01
1.088704094401307998e+01
1.070981220084329522e+01
1.051723638265248084e+01
1.030946951615395335e+01
1.008659334455853340e+01
9.848912461584539813e+00
9.596360043437783816e+00
9.329240683836591330e+00
9.047561842489271200e+00
8.751553829611646407e+00
8.441372671917035220e+00
8.117248679621251739e+00
7.779337879437616898e+00
7.427870581581943910e+00
7.063077096270054867e+00
6.685187733717766534e+00
6.294358520638393628e+00
5.890745483745256195e+00
5.474712643558672376e+00
5.046438311842707414e+00
4.606160227163430321e+00
4.154108699736658750e+00
3.690514039778209465e+00
3.215636270904899785e+00
2.729754095218671406e+00
2.233131788558954778e+00
1.726022591849300847e+00
1.208664889312764945e+00
6.813267785733990722e-01
1.442466438542556739e-01
-4.023274737662855260e-01
-9.581421847976679951e-01
-1.522949151027502390e+00
-2.096496171501271100e+00
-2.678539810717751823e+00
-3.268828313423440601e+00
-3.867115867045034960e+00
-4.473134373958481014e+00
-5.086615736539726207e+00
-5.707254715413467849e+00
-6.334775784605402471e+00
-6.968881133090476965e+00
-7.609272949843638223e+00
-8.255697993941332413e+00
-8.907784170856007933e+00
-9.565367379867112163e+00
-1.022798638624408873e+01
-1.089547708926638947e+01
-1.156745253770595561e+01
-1.224367434733973781e+01
-1.292382985044218380e+01
-1.360753209578523659e+01
-1.429461698264834979e+01
-1.498469755980346285e+01
-1.567753544302752644e+01
-1.637274368109249068e+01
-1.707008388977529023e+01
-1.776916911784789121e+01
-1.846976098108722297e+01
-1.917154681176774034e+01
-1.987421394216389103e+01
-2.057737542104761630e+01
-2.128071858069337097e+01
-2.198400503687809504e+01
-2.268684783837374042e+01
-2.338900860095725065e+01
-2.409002608989807470e+01
-2.478981048797816200e+01
-2.548790056046695440e+01
-2.618405792314139902e+01
-2.687796990827594001e+01
-2.756932384814503223e+01
-2.825788135852562633e+01
-2.894325548818965643e+01
-2.962528297953769041e+01
-3.030350681344475561e+01
-3.097784223141948701e+01
-3.164783305745802267e+01
-3.231332024956651594e+01
-3.297392191524358651e+01
-3.362940472899290256e+01
-3.427953536531807543e+01
-3.492400621522025261e+01
-3.556243538619808220e+01
-3.619473811976020272e+01
-3.682053252340524807e+01
-3.743951098813437284e+01
-3.805158875545619424e+01
-3.865630964936686098e+01
-3.925358891137502582e+01
-3.984319321598431429e+01
-4.042481495419587390e+01
-4.099822080051333728e+01
-4.156325171294285781e+01
-4.211960008248556164e+01
-4.266710686714758793e+01
-4.320553874143258355e+01
-4.373466237984419536e+01
-4.425424445688605601e+01
-4.476412593056429756e+01
-4.526414775888506625e+01
-4.575400233284950957e+01
-4.623353061046375245e+01
-4.670264783323645474e+01
-4.716112067567123489e+01
-4.760879009577425336e+01
-4.804549705155162087e+01
-4.847100821750701982e+01
-4.888516455164654673e+01
-4.928795557898136792e+01
-4.967914797401512317e+01
-5.005865697825645100e+01
-5.042624926620897696e+01
-5.078191436288383898e+01
-5.112549322628721171e+01
-5.145675253092269941e+01
-5.177575608530396067e+01
-5.208227056393463528e+01
-5.237621120832334043e+01
-5.265749325997874308e+01
-5.292603196040948177e+01
-5.318166826762167432e+01
-5.342431742312398057e+01
-5.365411751893253722e+01
-5.387097529499067150e+01
-5.407476348498047969e+01
-5.426549488802373133e+01
-5.444310801973971081e+01
-5.460746711224522443e+01
-5.475858496466204883e+01
-5.489640009260943998e+01
-5.502077672820421128e+01
-5.513180195407063167e+01
-5.522926571882297964e+01
-5.531318082158306026e+01
-5.538356006147262178e+01
-5.544026767060845629e+01
-5.548339073161488244e+01
-5.551294204361364848e+01
-5.552886012222403878e+01
-5.553115776656785130e+01
-5.551984777576687691e+01
-5.549494294894285673e+01
-5.545653036872010944e+01
-5.540462283422040457e+01
-5.533923314456552589e+01
-5.526044838237974943e+01
-5.516835563028739386e+01
-5.506296768741020031e+01
-5.494429735286997385e+01
-5.481250599279348279e+01
-5.466760640630252510e+01
-5.450968567602137682e+01
-5.433868231756930811e+01
-5.415483198057562930e+01
-5.395807318065960345e+01
-5.374849300044552081e+01
-5.352625280606015679e+01
-5.329151396363029392e+01
-5.304451212278522831e+01
-5.278526008264673663e+01
-5.251406777634660017e+01
-5.223102228650910206e+01
-5.193628497926101062e+01
-5.163009150423163618e+01
-5.131245466054274829e+01
-5.098361009782362885e+01
-5.064364489869856811e+01
-5.029279471279683378e+01
-4.993107233924022381e+01
-4.955878771116051951e+01
-4.917595362767949752e+01
-4.878295430543143141e+01
-4.837995111054312503e+01
-4.796717053503179784e+01
-4.754465387346145633e+01
-4.711273039679409180e+01
-4.667150652548411927e+01
-4.622108867998602477e+01
-4.576165756425676534e+01
-4.529346816575582579e+01
-4.481655262143512886e+01
-4.433116591875415935e+01
-4.383748876166986008e+01
-4.333562757063671000e+01
-4.282591161661665780e+01
-4.230837303656166171e+01
-4.178348966843870471e+01
-4.125129364919971664e+01
-4.071211424980668170e+01
-4.016613217421654980e+01
-3.961367669339129094e+01
-3.905477994428285626e+01
-3.848984548135570805e+01
-3.791905400856681041e+01
-3.734251194637062099e+01
-3.676054856572910268e+01
-3.617327028709672021e+01
-3.558100638143542938e+01
-3.498401183620468657e+01
-3.438239307185895655e+01
-3.377640507585770280e+01
-3.316645140266539471e+01
-3.255256418923396922e+01
-3.193514699002790991e+01
-3.131430622550166731e+01
-3.069037116661720077e+01
-3.006352251733147440e+01
-2.943408954860645110e+01
-2.880225296439909144e+01
-2.816834203567134765e+01
-2.753246318287768446e+01
-2.689501996048257126e+01
-2.625611878894046214e+01
-2.561608893921331642e+01
-2.497511111525809113e+01
-2.433344030453425688e+01
-2.369140577800377301e+01
-2.304911395612109715e+01
-2.240681982634568215e+01
-2.176492694314200804e+01
-2.112346744346202243e+01
-2.048291916527268697e+01
-1.984338852902845929e+01
-1.920520294712373044e+01
-1.856860811418005497e+01
-1.793384786625140492e+01
-1.730116603939177722e+01
-1.667073218615263386e+01
-1.604271585908546172e+01
-1.541743517774674110e+01
-1.479505969468795357e+01
-1.417575896246057177e+01
-1.355985110062108134e+01
-1.294743137821845735e+01
-1.233881791480918189e+01
-1.173418026294473471e+01
-1.113368797517659736e+01
-1.053751060405624607e+01
-9.946040552642660515e+00
-9.359298806482323485e+00
-8.777603485131708183e+00
-8.201124141142299706e+00
-7.629956043563076662e+00
-7.064417311950517586e+00
-6.504603215353601975e+00
-5.950757589826309868e+00
-5.403049987920121033e+00
-4.861724245689014623e+00
-4.326801348679469861e+00
-3.798599416447967503e+00
-3.277213718043486157e+00
-2.762798949317006425e+00
-2.255561804571255102e+00
-1.755649551306964762e+00
-1.263216885375114229e+00
-7.783887892256821095e-01
-3.013199587096491716e-01
1.678497670225056193e-01
6.289954055208031303e-01
1.081954832584013371e+00
1.526610494112407013e+00
1.962829979305754202e+00
2.390500933909500691e+00
2.809509517999040806e+00
3.219740405979722109e+00
3.621069358236588265e+00
4.013389220360259912e+00
4.396589866601258834e+00
4.770576027910603756e+00
5.135289576990565763e+00
5.490642673142416719e+00
5.836562332367924988e+00
6.172968142318612017e+00
6.499773900454428599e+00
6.816892528519801431e+00
7.124216301367090054e+00
7.421682063950150621e+00
7.709196947821840062e+00
7.986675512885269335e+00
8.254032319043540511e+00
8.511167069499267157e+00
8.758105749409304863e+00
8.994644065072760597e+00
9.220874856798742414e+00
9.436742397891357825e+00
9.642265245157213727e+00
9.837313388397920022e+00
1.002197966792258477e+01
1.019613407353281254e+01
1.035979516203521378e+01
1.051298149023639539e+01
1.065571161494296426e+01
1.078785552595652852e+01
1.090950606358619979e+01
1.102068178463857784e+01
1.112125267891527791e+01
1.121131158672540273e+01
1.129087706487556098e+01
1.135996767017236309e+01
1.141867624292491357e+01
1.146694705643732171e+01
1.150494723452119672e+01
1.153254676697814496e+01
1.154983849411727093e+01
1.155691525624768801e+01
1.155379561017600132e+01
1.154057239621131714e+01
1.151726417116024415e+01
1.148388949182939101e+01
1.144054119852786400e+01
1.138731213156477295e+01
1.132429513124922238e+01
1.125165732139282504e+01
1.116934297529968312e+01
1.107759350028390699e+01
1.097642745315210533e+01
1.086601195771588557e+01
1.074643985428435222e+01
1.061780398316661689e+01
1.048019718467178407e+01
1.033378658261146654e+01
1.017866501729476525e+01
1.001492532903079180e+01
9.842727315319274695e+00
9.662127184909916622e+00
9.473322387245541876e+00
9.276287521261476599e+00
9.071220036400546860e+00
8.858168815100574633e+00
8.637331306804384212e+00
8.408756393949802899e+00
8.172641525979654986e+00
7.928961301829260400e+00
7.678061737946450194e+00
7.419917433266546958e+00
7.154725837232370544e+00
6.882610115784253857e+00
6.603767718365017636e+00
6.318247527412484743e+00
6.026246992369481248e+00
5.727814995673832676e+00
5.423223270270863594e+00
5.112594982100897134e+00
4.796008727002758931e+00
4.473639669368524530e+00
4.145662973590267697e+00
3.812268660760561811e+00
3.473624466921234166e+00
3.129927841515106834e+00
2.781339092233756638e+00
2.428063096870257009e+00
2.070260163116183438e+00
1.708105455363609027e+00
1.341766709654359735e+00
9.714116620302600813e-01
5.972006201828850003e-01
2.193087485043077323e-01
-1.620962169636449568e-01
-5.468613968796502967e-01
-9.347893418008826893e-01
-1.325701173160142687e+00
-1.719420240895305652e+00
-2.115760980923946377e+00
-2.514543771843841480e+00
-2.915576364057339553e+00
-3.318691021522617746e+00
-3.723690294796849987e+00
-4.130391591137713370e+00
-4.538604889452630076e+00
-4.948147596999278974e+00
-5.358829692685082691e+00
-5.770461155417470067e+00
-6.182859392454111536e+00
-6.595851758363811435e+00
-7.009275683558872316e+00
-7.422963689062223480e+00
-7.836755724247043808e+00
-8.250521451887511404e+00
-8.664056251255304986e+00
-9.077155501622106826e+00
-9.489785434315342272e+00
-9.901615146652437360e+00
-1.031261086996083165e+01
-1.072244170155794230e+01
-1.113107387277120530e+01
-1.153825076442054787e+01
-1.194379004082840012e+01
-1.234758364981968803e+01
-1.274952353921934289e+01
-1.314935308984729367e+01
-1.354696424952846634e+01
-1.394224896608779396e+01
-1.433495062034520373e+01
-1.472510972713062216e+01
-1.511239538376148595e+01
-1.549677382156521332e+01
-1.587798842136174038e+01
-1.625600541447849423e+01
-1.663064246523790501e+01
-1.700171723796239931e+01
-1.736904739697440903e+01
-1.773267345710386067e+01
-1.809226451566818383e+01
-1.844786108749730502e+01
-1.879920655341116031e+01
-1.914626714473717328e+01
-1.948886052579776873e+01
-1.982695292792038444e+01
-2.016028773192494938e+01
-2.048890545264138296e+01
-2.081254947088961771e+01
-2.113118601799709140e+01
-2.144478132529122050e+01
-2.175307877359194464e+01
-2.205604459422668739e+01
-2.235364501852287233e+01
-2.264569771080293847e+01
-2.293209461889181000e+01
-2.321287625761941698e+01
-2.348786029130818775e+01
-2.375693866778305008e+01
-2.402007761837143818e+01
-2.427716909089826913e+01
-2.452817583643039612e+01
-2.477304668499230544e+01
-2.501165270284538167e+01
-2.524386495625102711e+01
-2.546970307847564641e+01
-2.568911241928313061e+01
-2.590188976143237554e+01
-2.610805473818977873e+01
-2.630755269931924900e+01
-2.650032899458466673e+01
-2.668632897374994073e+01
-2.686542370307645911e+01
-2.703770709933312588e+01
-2.720305022878133983e+01
-2.736132415768248904e+01
-2.751262280280547756e+01
-2.765689151391420708e+01
-2.779400135727006571e+01
-2.792397196613944743e+01
-2.804674869028626816e+01
-2.816235116297690766e+01
-2.827072473397526409e+01
-2.837196332005024857e+01
-2.846593798746324566e+01
-2.855274265298315939e+01
-2.863239694987637662e+01
-2.870484622790680618e+01
-2.877011012034083492e+01
-2.882820826044487106e+01
-2.887908599798280918e+01
-2.892283724972354264e+01
-2.895948164893347254e+01
-2.898889026187398699e+01
-2.901123128881648938e+01
-2.902645007952488498e+01
-2.903456626726556422e+01
-2.903574805230991629e+01
-2.902994078442185000e+01
-2.901716409686775577e+01
-2.899751190641653409e+01
-2.897100384633458958e+01
-2.893765954988830558e+01
-2.889764721734908193e+01
-2.885083791497832451e+01
-2.879739984304742606e+01
-2.873735263482277702e+01
-2.867079020707327786e+01
-2.859765790956284093e+01
-2.851819822606534771e+01
-2.843235650634469280e+01
-2.834029551576972494e+01
-2.824200771309406122e+01
-2.813770297267626219e+01
-2.802736831836738318e+01
-2.791106505752098599e+01
-2.778892878099313180e+01
-2.766087222913238008e+01
-2.752710527629729853e+01
-2.738761494633893534e+01
-2.724246254661085587e+01
-2.709178366796912840e+01
-2.693563961776730409e+01
-2.677409170335894473e+01
-2.660712694859510918e+01
-2.643502951133686096e+01
-2.625778641543525538e+01
-2.607545896824386134e+01
-2.588825704412123940e+01
-2.569609338341593485e+01
-2.549925214398902540e+01
-2.529772034969156280e+01
-2.509163359137960825e+01
-2.488120174341172230e+01
-2.466633754613646801e+01
-2.444732515741490175e+01
-2.422415160109808241e+01
-2.399695246804207827e+01
-2.376586334910293985e+01
-2.353101983513673545e+01
-2.329240894999451683e+01
-2.305024056803485877e+01
-2.280457599661130175e+01
-2.255555082657992472e+01
-2.230322636529427882e+01
-2.204781248711292818e+01
-2.178944478289192688e+01
-2.152818455998483671e+01
-2.126431597625272829e+01
-2.099782605554665338e+01
-2.072892467222516899e+01
-2.045767313364184048e+01
-2.018435559765772780e+01
-1.990888480462138688e+01
-1.963147062889138539e+01
-1.935224866132378452e+01
-1.907135449277463124e+01
-1.878877514709499863e+01
-1.850486906564844247e+01
-1.821954898878352580e+01
-1.793309907436130501e+01
-1.764557809171395419e+01
-1.735718322509308464e+01
-1.706796055372392118e+01
-1.677803044033417379e+01
-1.648758753115408382e+01
-1.619660362190636960e+01
-1.590534764232374343e+01
-1.561386567163143901e+01
-1.532227807255717345e+01
-1.503063092432616799e+01
-1.473911887316865332e+01
-1.444778799830984539e+01
-1.415690722948246894e+01
-1.386644836240924761e+01
-1.357653175981790206e+01
-1.328742635144115525e+01
-1.299910393300173439e+01
-1.271175915072985774e+01
-1.242543808385075010e+01
-1.214033537859463330e+01
-1.185657139768922619e+01
-1.157411793685726131e+01
-1.129316964232895337e+01
-1.101384687683202834e+01
-1.073619571959170571e+01
-1.046041081683821261e+01
-1.018646396429426915e+01
-9.914549808190098901e+00
-9.644714427750928465e+00
-9.377152469206972540e+00
-9.111835728280960112e+00
-8.849033134705608816e+00
-8.588642200701148255e+00
-8.330857572497798458e+00
-8.075799612823278295e+00
-7.823440117400315863e+00
-7.574048015961629687e+00
-7.327520820727444928e+00
-7.084127461430484551e+00
-6.843765450290971053e+00
-6.606629433539127128e+00
-6.372765490400174926e+00
-6.142293983601837759e+00
-5.915260992369337778e+00
-5.691712595927899798e+00
-5.471694873502743306e+00
-5.255402471324094549e+00
-5.042881468617173013e+00
-4.834029377602203859e+00
-4.629115128011910052e+00
-4.428104970803500962e+00
-4.231084116526901084e+00
-4.038139659316769325e+00
-3.849328979906764037e+00
-3.664702030680298872e+00
-3.484323620721281767e+00
-3.308243702413124154e+00
-3.136519656489486163e+00
-2.969216292034277949e+00
-2.806383561430909612e+00
-2.648063988712542560e+00
-2.494292669562087283e+00
-2.345119556362951663e+00
-2.200587173148298881e+00
-2.060730615601037652e+00
-1.925584979404078245e+00
-1.795200216940832316e+00
-1.669596567193709413e+00
-1.548801697495370000e+00
-1.432843275178473874e+00
-1.321748967575681943e+00
-1.215539013669404200e+00
-1.114248509142551136e+00
-1.017897692977533186e+00
-9.264845191060109286e-01
-8.400292265103946887e-01
-7.585223407720945721e-01
-6.819692441730205168e-01
-6.103827473453332653e-01
-5.437682325709434217e-01
-4.821162254312609807e-01
-4.254246798579463529e-01
-3.736915497826599486e-01
-3.268999324365619019e-01
-2.850477817513129009e-01
-2.481181949580730239e-01
-2.161091259885029037e-01
-1.890036720737625631e-01
-1.667849304450123582e-01
-1.494211416329128406e-01
-1.368879745183744778e-01
-1.291536696320570443e-01
-1.261938958548712297e-01
-1.279843220677276128e-01
-1.344857604510360793e-01
-1.456738798857073192e-01
-1.615094925521516900e-01
-1.819459822805291893e-01
-2.069515896015004242e-01
-2.364796983452256696e-01
-2.705098219915645363e-01
-3.090071390151735153e-01
-3.519406724896582683e-01
-3.992720171383745686e-01
-4.509479109841781908e-01
-5.069448054509249069e-01
-5.672168669117202411e-01
-6.317182617396701616e-01
-7.004105846581302197e-01
-7.732480020402062726e-01
-8.501772519087538171e-01
-9.311450722866290164e-01
-1.016113057897187311e+00
-1.105027946763284419e+00
-1.197836476907775838e+00
-1.294485386353517953e+00
-1.394921413123365816e+00
-1.499069010189425732e+00
-1.606874915574553420e+00
-1.718271010601103876e+00
-1.833189176591433212e+00
-1.951568723218147339e+00
-2.073341531803602145e+00
-2.198439483670152850e+00
-2.326779603439655730e+00
-2.458293772434466007e+00
-2.592906443626689317e+00
-2.730542069988432186e+00
-2.871125104491799807e+00
-3.014580000108897817e+00
-3.160831209811832743e+00
-3.309795758222458417e+00
-3.461390669962632671e+00
-3.615547826354709837e+00
-3.772191680370796441e+00
-3.931224399932248925e+00
-4.092585294711670763e+00
-4.256169104280169257e+00
-4.421885424909349993e+00
-4.589643852870818996e+00
-4.759353984436181406e+00
-4.930910559176542307e+00
-5.104230601713759086e+00
-5.279223708319436881e+00
-5.455784618564679889e+00
-5.633830357071346384e+00
-5.813277948461289313e+00
-5.994036989006118255e+00
-6.176017074977434795e+00
-6.359120374296597156e+00
-6.543266145980615178e+00
-6.728367729926628904e+00
-6.914318415376177640e+00
-7.101137773525054264e+00
-7.288585383310302923e+00
-7.476680815927713830e+00
-7.665369359070582256e+00
-7.854447733427198486e+00
-8.043935510193355398e+00
-8.233777977062347375e+00
-8.423771854722465591e+00
-8.613862430867003539e+00
-8.804069276691752322e+00
-8.994189112885003112e+00
-9.184241510642554118e+00
-9.374097474155192344e+00
-9.563628007613710125e+00
-9.752852682213905666e+00
-9.941568218644066590e+00
-1.012979418809998755e+01
-1.031740159477245911e+01
-1.050433572635477475e+01
-1.069046758703772859e+01
-1.087574246451461057e+01
-1.106010564647871597e+01
-1.124350242062333649e+01
-1.142572950763676332e+01
-1.160688076221728871e+01
-1.178675290505320916e+01
-1.196529122383781463e+01
-1.214244100626439504e+01
-1.231814754002624390e+01
-1.249235611281665648e+01
-1.266493772882642688e+01
-1.283583767574884327e+01
-1.300500124127719737e+01
-1.317229942960228861e+01
-1.333775181191990278e+01
-1.350122939242083220e+01
-1.366275174230087508e+01
-1.382218986575082020e+01
-1.397941476696146168e+01
-1.413452030063109000e+01
-1.428730318744799810e+01
-1.443778299860797887e+01
-1.458583073830182464e+01
-1.473146597772533184e+01
-1.487455972106929103e+01
-1.501505725602698860e+01
-1.515297815379422630e+01
-1.528819251239474397e+01
-1.542064108868661876e+01
-1.555033801686337114e+01
-1.567722314761602043e+01
-1.580116204813310432e+01
-1.592224313611063735e+01
-1.604040626223964949e+01
-1.615544271020616307e+01
-1.626751518120870443e+01
-1.637641495893329946e+01
-1.648223046107597156e+01
-1.658482725482524245e+01
-1.668421947437463970e+01
-1.678034697041519507e+01
-1.687314959363792255e+01
-1.696264147823634971e+01
-1.704876247490150831e+01
-1.713152671782691527e+01
-1.721087405770359524e+01
-1.728681862872507935e+01
-1.735922599807988931e+01
-1.742825886696654791e+01
-1.749370851907108104e+01
-1.755558908858701983e+01
-1.761398899321037703e+01
-1.766877380012968857e+01
-1.771995764353847491e+01
-1.776755465763026010e+01
-1.781150469309606876e+01
-1.785182188412942850e+01
-1.788852036492386333e+01
-1.792161426967289728e+01
-1.795111773257005439e+01
-1.797697060430636284e+01
-1.799918701907533958e+01
-1.801778111107052283e+01
-1.803276701448542241e+01
-1.804415886351357656e+01
-1.805189650884599928e+01
-1.805606836817872463e+01
-1.805661429220276659e+01
-1.805354841511166342e+01
-1.804695915460142785e+01
-1.803671207786058872e+01
-1.802296988608767592e+01
-1.800567242997371054e+01
-1.798483384371222016e+01
-1.796054254499922109e+01
-1.793273838452574864e+01
-1.790150977998782267e+01
-1.786679390183394744e+01
-1.782874005005004392e+01
-1.778727199387201807e+01
-1.774238778603827171e+01
-1.769415976278970248e+01
-1.764258597686472285e+01
-1.758773876450422335e+01
-1.752954189494411352e+01
-1.746806770442529100e+01
-1.740331424568616470e+01
-1.733527957146513288e+01
-1.726403601800309318e+01
-1.718958163803845451e+01
-1.711198876781211808e+01
-1.703125546006248570e+01
-1.694745405103045499e+01
-1.686065687695693782e+01
-1.677086199058032534e+01
-1.667814172814153295e+01
-1.658256842588145119e+01
-1.648406585303598604e+01
-1.638278062934854162e+01
-1.627878509106001914e+01
-1.617200300740631747e+01
-1.606250671462834489e+01
-1.595044283246949846e+01
-1.583573513016568413e+01
-1.571845594395779955e+01
-1.559867761008675480e+01
-1.547647246479344929e+01
-1.535183856081627951e+01
-1.522492251789864959e+01
-1.509572238877897199e+01
-1.496431050969813192e+01
-1.483068493339454541e+01
-1.469499227961161125e+01
-1.455715631758522655e+01
-1.441739795056130014e+01
-1.427564094777573267e+01
-1.413203192897192473e+01
-1.398656894688828167e+01
-1.383932433776569582e+01
-1.369037043784508079e+01
-1.353977958336733600e+01
-1.338762411057336443e+01
-1.323390207220156256e+01
-1.307883437149784100e+01
-1.292241906120059625e+01
-1.276472847755072948e+01
-1.260576067328664784e+01
-1.244566036347251803e+01
-1.228441607745057595e+01
-1.212208872338633014e+01
-1.195881349294777429e+01
-1.179450272729542171e+01
-1.162936590159976724e+01
-1.146331535702131887e+01
-1.129656056873058212e+01
-1.112908816139055901e+01
-1.096088475966424625e+01
-1.079215983872216000e+01
-1.062282573972479049e+01
-1.045309193784265034e+01
-1.028294505773873979e+01
-1.011237172407606266e+01
-9.941581412025119135e+00
-9.770486462746420742e+00
-9.599296351410460559e+00
-9.427923419177751896e+00
-9.256502857716288446e+00
-9.085095575191584061e+00
-8.913762479769133051e+00
-8.742564479614443940e+00
-8.571488199390520535e+00
-8.400668830765361861e+00
-8.230092998401973503e+00
-8.059895893968361591e+00
-7.890138425630025765e+00
-7.720807218049971610e+00
-7.552037462896204367e+00
-7.383815784831721629e+00
-7.216277375524530413e+00
-7.049483143140134800e+00
-6.883419712341538599e+00
-6.718222274796745275e+00
-6.553877455168754196e+00
-6.390446161623072108e+00
-6.227989302325203091e+00
-6.066567785440647675e+00
-5.906242519134913493e+00
-5.747000128070999025e+00
-5.588975803916913065e+00
-5.432230454838153477e+00
-5.276676421995229127e+00
-5.122523180558638423e+00
-4.969757355191388726e+00
-4.818395283957482178e+00
-4.668527588423421193e+00
-4.520185463353707966e+00
-4.373407531863099607e+00
-4.228240112925169214e+00
-4.084730595547778620e+00
-3.942919207897108702e+00
-3.802861034839844390e+00
-3.664588876191917866e+00
-3.528135531769262645e+00
-3.393556086438559216e+00
-3.260883340015741538e+00
-3.130164949017243181e+00
-3.001426284908746300e+00
-2.874715004206683577e+00
-2.750071335077237666e+00
-2.627505792285592001e+00
-2.507073460698427958e+00
-2.388784855080930303e+00
-2.272680203599280357e+00
-2.158784877719161610e+00
-2.047139105606755827e+00
-1.937760830377496912e+00
-1.830667995146816773e+00
-1.725893399730648925e+00
-1.623454987244425496e+00
-1.523378129153829530e+00
-1.425688196924544293e+00
-1.330403133672001692e+00
-1.237540882511635187e+00
-1.147126814909127157e+00
-1.059171445629660369e+00
-9.736852894384178114e-01
-8.907011461513318906e-01
-8.102295305335854847e-01
-7.322883857006117214e-01
-6.568733697170935359e-01
-5.840024256984629458e-01
-5.136860684099029406e-01
-4.459199559160965665e-01
-3.807146029822266464e-01
-3.180730960232258653e-01
-2.580059498042766575e-01
-2.005162507403120409e-01
-1.455996568960148396e-01
-9.325182633606751703e-02
-4.348327382565338878e-02
3.715542415719913852e-03
4.833782179799513828e-02
9.038716342146409233e-02
1.298693948914939611e-01
1.667933151535521685e-01
2.011669803180806682e-01
2.329977036604970464e-01
2.622917630198605687e-01
2.890490659847249066e-01
3.132684847072855217e-01
3.349548340199383634e-01
3.541158258116766100e-01
3.707590234044886301e-01
3.848914701358452373e-01
3.965205807607294353e-01
4.056533986166121486e-01
4.122988984120291578e-01
4.164680605100835598e-01
4.181760994335212422e-01
4.174345155299629684e-01
4.142577804871292457e-01
4.086588803226913202e-01
4.006508010543195497e-01
3.902502428748096941e-01
3.774805914921828265e-01
3.623696896246093035e-01
3.449438943202102204e-01
3.252295626271059503e-01
3.032552800984927299e-01
2.790459181124410604e-01
2.526300622221464565e-01
2.240333266407051327e-01
1.932835540862875290e-01
1.604071016070145184e-01
1.254310690860318267e-01
8.838181357146028538e-02
4.928717778147054251e-02
8.174781583725913847e-03
-3.492040108736289838e-02
-7.996228204484756574e-02
-1.269145502512723511e-01
-1.757414146536991351e-01
-2.264055242456369244e-01
-2.788718308091726605e-01
-3.331043204408604130e-01
-3.890647507321796095e-01
-4.467156221096343360e-01
-5.060216635048041534e-01
-5.669431468391177287e-01
-6.294440582091298531e-01
-6.934876408763694933e-01
-7.590341667622658717e-01
-8.260387079430735469e-01
-8.944578221650965055e-01
-9.642369246492636936e-01
-1.035341487162179996e+00
-1.107718410594824121e+00
-1.181330996225478547e+00
-1.256126435028885657e+00
-1.332083175067590997e+00
-1.409157379353390249e+00
-1.487312639248328905e+00
-1.566527402814952064e+00
-1.646757833065055854e+00
-1.727967521360685543e+00
-1.810120059063886622e+00
-1.893179037536704357e+00
-1.977100619790934433e+00
-2.061848397188621895e+00
-2.147371104391313956e+00
-2.233639761111304356e+00
-2.320610530360389223e+00
-2.408232146800113327e+00
-2.496475630142773738e+00
-2.585289715049914339e+00
-2.674637992883582172e+00
-2.764484055005821617e+00
-2.854784064428427914e+00
-2.945486755812947610e+00
-3.036563148871676443e+00
-3.127961978266158294e+00
-3.219654263708689790e+00
-3.311588739860817032e+00
-3.403728998084584401e+00
-3.496038629742037163e+00
-3.588466369494722308e+00
-3.680975808704683772e+00
-3.773523110383718571e+00
-3.866071865893870196e+00
-3.958578238246935666e+00
-4.050998390454711107e+00
-4.143288485528990428e+00
-4.235404686481570202e+00
-4.327318013024744836e+00
-4.418977199820060875e+00
-4.510345838229564031e+00
-4.601394947965547821e+00
-4.692073263689560569e+00
-4.782351805113896681e+00
-4.872179306900100926e+00
-4.961534217110718181e+00
-5.050365270407295881e+00
-5.138650914852379792e+00
-5.226339885107512906e+00
-5.313395772534743600e+00
-5.399797025196614975e+00
-5.485492377754673576e+00
-5.570452984213149605e+00
-5.654643107393761525e+00
-5.738027144410164482e+00
-5.820584349076511010e+00
-5.902271690156204897e+00
-5.983068421463401343e+00
-6.062931511761503245e+00
-6.141840214864662251e+00
-6.219758927886534394e+00
-6.296659476291024404e+00
-6.372513685542034345e+00
-6.447300809453716752e+00
-6.520985245139727660e+00
-6.593538818063970908e+00
-6.664933353690348561e+00
-6.735185247584266399e+00
-6.804177185006625272e+00
-6.871955274923833734e+00
-6.938454201048537939e+00
-7.003757214098399686e+00
-7.067724714283569298e+00
-7.130365668819198532e+00
-7.191689044920443585e+00
-7.251629526299958606e+00
-7.310196080172893573e+00
-7.367397673754408238e+00
-7.423168990757153196e+00
-7.477518998396281980e+00
-7.530456663886948121e+00
-7.581916670941805769e+00
-7.631833703273508185e+00
-7.680291011599709172e+00
-7.727297563135565817e+00
-7.772713758091226666e+00
-7.816622847184349077e+00
-7.858959514127585422e+00
-7.899807009638589506e+00
-7.939025733927516093e+00
-7.976698937712015436e+00
-8.012761304704746124e+00
-8.047296085623360185e+00
-8.080237964180511767e+00
-8.111521624088849691e+00
-8.141304599568536915e+00
-8.169373007327216385e+00
-8.195884381585052836e+00
-8.220773406054691534e+00
-8.244123331453790726e+00
-8.265794557992501623e+00
-8.285796052885981311e+00
-8.304284249620060621e+00
-8.321039761230789367e+00
-8.336287801034899303e+00
-8.349807881334118775e+00
-8.361750931942678378e+00
-8.372045032167308776e+00
-8.380692544817238243e+00
-8.387695832701702159e+00
-8.393057258629921691e+00
-8.396853468913633378e+00
-8.399012542859564334e+00
-8.399462559774447001e+00
-8.398354449472506644e+00
-8.395690574762980418e+00
-8.391324731450092500e+00
-8.385407849348073483e+00
-8.377868007763655811e+00
-8.368707569506067756e+00
-8.358003180887042305e+00
-8.345757204715802402e+00
-8.331897720299084042e+00
-8.316501373948614884e+00
-8.299570528473626752e+00
-8.281107546683347920e+00
-8.261189074889509598e+00
-8.239743192398840677e+00
-8.216772262020571205e+00
-8.192427213568930000e+00
-8.166636126350649505e+00
-8.139401363174957993e+00
-8.110799570353586674e+00
-8.080758827193264437e+00
-8.049355780005724270e+00
-8.016592791600190893e+00
-7.982472224785896131e+00
-7.947070725874572084e+00
-7.910390657675448800e+00
-7.872360099495253394e+00
-7.833129981148216459e+00
-7.792702665443568932e+00
-7.751006231688041481e+00
-7.708117326193363539e+00
-7.664112595271264539e+00
-7.618994401730974531e+00
-7.572690824879224181e+00
-7.525352794530241418e+00
-7.476908389990758685e+00
-7.427434257572505416e+00
-7.376932760084710772e+00
-7.325480543839104186e+00
-7.273004630291088901e+00
-7.219650659998240627e+00
-7.165340365159315716e+00
-7.110218328480561567e+00
-7.054131998658229818e+00
-6.997225958398569645e+00
-6.939570506905335279e+00
-6.881087376377275966e+00
-6.821846866018143274e+00
-6.761770708026686449e+00
-6.701077768611656715e+00
-6.639615496469307487e+00
-6.577528474305886164e+00
-6.514738434320146432e+00
-6.451389959218337466e+00
-6.387404781199209403e+00
-6.322853199466515584e+00
-6.257731229721505528e+00
-6.192183454670431964e+00
-6.126057323009542088e+00
-6.059497417445089518e+00
-5.992499753678325547e+00
-5.925134630912997302e+00
-5.857398064850359631e+00
-5.789286071191662053e+00
-5.720868949140655246e+00
-5.652142714398590506e+00
-5.583147952768219291e+00
-5.513925250052291283e+00
-5.444500335353056109e+00
-5.374891509422519142e+00
-5.305124501362926459e+00
-5.235232468626782598e+00
-5.165233711966084051e+00
-5.095161388833336247e+00
-5.025041228330787924e+00
-4.954913816261190540e+00
-4.884804881726794612e+00
-4.814740153829851543e+00
-4.744745361672611850e+00
-4.674861091057826989e+00
-4.605113071087745702e+00
-4.535519602514370696e+00
-4.466106414439953376e+00
-4.396906664316993840e+00
-4.327946081247742605e+00
-4.259242965984200602e+00
-4.190830475978868819e+00
-4.122726911983749076e+00
-4.054965431451340585e+00
-3.987571096104802315e+00
-3.920558869800659263e+00
-3.853965334067098958e+00
-3.787797357031301715e+00
-3.722084091871204148e+00
-3.656839835064239264e+00
-3.592093739788341011e+00
-3.527852674170693703e+00
-3.464138363038981261e+00
-3.400979959571136746e+00
-3.338384331894344026e+00
-3.276373204836288355e+00
-3.214968303224653656e+00
-3.154183923536872491e+00
-3.094041790600630115e+00
-3.034556200893359090e+00
-2.975748879242744671e+00
-2.917641550476470336e+00
-2.860241082721719508e+00
-2.803569200806177442e+00
-2.747632772857027117e+00
-2.692460952052202039e+00
-2.638053178168636492e+00
-2.584431176034015287e+00
-2.531609242125771431e+00
-2.479594244571088790e+00
-2.428400479847402149e+00
-2.378042244432145402e+00
-2.328533834802751112e+00
-2.279874690736154452e+00
-2.232093965410289371e+00
-2.185191098602088822e+00
-2.139180386788987587e+00
-2.094068698098169978e+00
-2.049862900656819420e+00
-2.006577290942369363e+00
-1.964218737082004784e+00
-1.922786678852657971e+00
-1.882295412731764594e+00
-1.842751806846507856e+00
-1.804162729324071845e+00
-1.766527619941390626e+00
-1.729853346825646954e+00
-1.694146778104027140e+00
-1.659414781903713276e+00
-1.625649369651389620e+00
-1.592872266174740314e+00
-1.561068054550198925e+00
-1.530251031255200234e+00
-1.500413207716427166e+00
-1.471563483144973095e+00
-1.443704024387066243e+00
-1.416861314423592866e+00
-1.391046979534939831e+00
-1.366257789300994396e+00
-1.342512798352392345e+00
-1.319816204619271627e+00
-1.298187062732268249e+00
-1.277629570621519939e+00
-1.258147926217162427e+00
-1.239753755799583024e+00
-1.222458685649168375e+00
-1.206259485345805293e+00
-1.191167781169881090e+00
-1.177187771051532161e+00
-1.164323652920894459e+00
-1.152579624708106154e+00
-1.141959884343303200e+00
-1.132468629756623324e+00
-1.124110058878202034e+00
-1.116880941287927032e+00
-1.110785474915935156e+00
-1.105827857692362359e+00
-1.102004859197096120e+00
-1.099328105710523529e+00
-1.097786938462280482e+00
-1.097378127032254680e+00
-1.098105869350582298e+00
-1.099959506646900342e+00
-1.102950665201595681e+00
-1.107053829543804824e+00
-1.112288054304164886e+00
-1.118642680712312654e+00
-1.126107049997884690e+00
-1.134685360091018280e+00
-1.144366952221349543e+00
-1.155148595968765957e+00
-1.167034489263403696e+00
-1.180006544984649741e+00
-1.194061532712391349e+00
-1.209196222026514889e+00
-1.225399954156657145e+00
-1.242669498682704932e+00
-1.260986768484045228e+00
-1.280348533140564626e+00
-1.300751562232150160e+00
-1.322177768638188589e+00
-1.344623921938566502e+00
-1.368079363362920686e+00
-1.392533434140888149e+00
