# tt
1.025290211236448386e+03
9.532237238358310378e+02
8.839309351984533123e+02
8.279087563667932272e+02
7.846303874634663771e+02
7.522994528176545828e+02
7.287787206996318901e+02
7.122454237151691814e+02
7.013420210213012069e+02
6.949895244241433829e+02
6.932911277418149893e+02
6.936969265632883435e+02
6.963599718694026706e+02
7.001687258794029276e+02
7.062311951238966685e+02
7.141786044204643531e+02
7.228235099074029222e+02
7.329656103474372912e+02
7.430340386246781463e+02
7.536789709951028726e+02
7.648742224956862401e+02
7.762355553192744537e+02
7.880859049621034274e+02
8.005104835128423701e+02
8.129691908984635802e+02
8.258674491147160097e+02
8.390395870220040706e+02
8.523956547318319963e+02
8.661148967593225052e+02
8.795725248722280867e+02
8.935567098186622843e+02
9.075340083038066723e+02
9.214892421892305947e+02
9.360385617119876542e+02
9.503083178790716374e+02
9.647900995195044516e+02
9.795558838749183224e+02
9.945310206128631307e+02
1.009672914747180016e+03
1.024924875301681368e+03
1.040285252593813993e+03
1.055753157651495030e+03
1.071364843253892559e+03
1.087171418880674310e+03
1.103128384435758562e+03
1.119217360783816503e+03
1.135413499416770037e+03
1.151706808527041630e+03
1.168154151459303193e+03
1.184816196325019746e+03
1.201642548348580249e+03
1.218564332470416048e+03
1.235564672082709421e+03
1.252641547278142298e+03
1.269908837313176946e+03
1.287468603683396623e+03
1.305278814789415264e+03
1.323252868930347404e+03
1.341371019557556792e+03
1.359639625611558586e+03
1.378058042735723802e+03
1.396636875362074079e+03
1.415371871222132086e+03
1.434281063098168943e+03
1.453397260415145638e+03
1.472708382265277805e+03
1.492187410982469601e+03
1.511799900550374332e+03
1.531526261653146548e+03
1.551351642100036543e+03
1.571384135104178540e+03
1.591729142653553708e+03
1.612388069832642032e+03
1.633354893375675147e+03
1.654579176406760325e+03
1.675936824513010606e+03
1.697415325026666096e+03
1.719061592081966864e+03
1.740900254762402483e+03
1.762957768042312864e+03
1.785245605408683105e+03
1.807739924488097131e+03
1.830439167957889822e+03
1.853334350145145436e+03
1.876421081185161484e+03
1.899668784344591813e+03
1.923058907048550509e+03
1.946602610123155273e+03
1.970303626044271368e+03
1.994172571690622590e+03
2.018210459801113529e+03
2.042432615867757477e+03
2.066832080331816542e+03
2.091424178685302650e+03
2.116201951369479502e+03
2.141165867175859148e+03
2.166323823246204029e+03
2.191654003321276832e+03
2.217171732893090393e+03
2.242870052402907277e+03
2.268749430642239531e+03
2.294795479702099783e+03
2.321008668374000536e+03
2.347382037099205263e+03
2.373908626318975166e+03
2.400581476474574174e+03
2.427386199657014004e+03
2.454330693008057551e+03
2.481400568618716989e+03
2.508588952681338014e+03
2.535896742742845163e+03
2.563317493750995709e+03
2.590844760653547382e+03
2.618472098398257913e+03
2.646200490283134513e+03
2.674023491255934914e+03
2.701927227914166451e+03
2.729912683555836338e+03
2.757973413128702305e+03
2.786102971580522080e+03
2.814287485508802547e+03
2.842527938211551827e+03
2.870817884636526742e+03
2.899143451381235991e+03
2.927505621743684515e+03
2.955890522321382832e+03
2.984291708062086855e+03
3.012710162263804705e+03
3.041132011524042355e+03
3.069543588727526185e+03
3.097954336958596286e+03
3.126344192187814315e+03
3.154715375436487193e+03
3.183055251025424695e+03
3.211366039975936019e+03
3.239635106608830029e+03
3.267857243595166437e+03
3.296019815255753201e+03
3.324132470962150364e+03
3.352175146684916854e+03
3.380142635095111473e+03
3.408037157214042054e+03
3.435838649012270253e+03
3.463549331511103446e+03
3.491141712330851533e+03
3.518610584142572407e+03
3.545943311267076297e+03
3.573127258025171614e+03
3.600149788737668587e+03
3.626990683487027582e+03
3.653658812204321748e+03
3.680140603881778588e+03
3.706437344212123662e+03
3.732542890537832136e+03
3.758465956901880418e+03
3.784185543946245616e+03
3.809710365713902320e+03
3.835026851197076667e+03
3.860128857738246097e+03
3.884995385979384082e+03
3.909620293262969881e+03
3.933997436931476841e+03
3.958105817626882981e+03
3.981946721041912951e+03
4.005506576168792435e+03
4.028779240349999782e+03
4.051758570928008339e+03
4.074438425245296003e+03
4.096812660644337484e+03
4.118867706117359376e+03
4.140612275707338995e+03
4.162025370056248903e+03
4.183100846506568814e+03
4.203839990751023834e+03
4.224229324805672150e+03
4.244263171132160096e+03
4.263928516865716119e+03
4.283227205842068543e+03
4.302153653546696660e+03
4.320694847114828008e+03
4.338852630382192729e+03
4.356621418834268297e+03
4.373988199606284070e+03
4.390954816533969279e+03
4.407508256752552370e+03
4.423650364097759848e+03
4.439375554055073735e+03
4.454670813759719749e+03
4.469537987047428942e+03
4.483971489403678788e+03
4.497958307963698644e+03
4.511492858212965075e+03
4.524584412337459980e+03
4.537219957472409988e+03
4.549401337453544329e+03
4.561130396116591328e+03
4.572408977297280217e+03
4.583216639780589503e+03
4.593570084102747387e+03
4.603455966732338311e+03
4.612867049821617002e+03
4.621780908155690668e+03
4.630204829920669908e+03
4.638108961551414723e+03
4.645500591234033891e+03
4.652364722103886379e+03
4.658693785646582000e+03
4.664517355098978442e+03
4.669820433596437397e+03
4.674610309325066737e+03
4.678901698821225182e+03
4.682694461920774302e+03
4.685995886809821059e+03
4.688805833324226114e+03
4.691109304599348434e+03
4.692906160471047770e+03
4.694196260775182054e+03
4.694972036997362011e+03
4.695225920623196544e+03
4.694965199838794433e+03
4.694174877779515555e+03
4.692862242631467780e+03
4.691034582580762617e+03
4.688691757463258909e+03
4.685826198764564651e+03
4.682445194670789533e+03
4.678548605017793307e+03
4.674143717991685662e+03
4.669222965078075504e+03
4.663793634463072522e+03
4.657863014332785497e+03
4.651423536172823333e+03
4.644475059819044873e+03
4.637032301807812473e+03
4.629080265274480553e+03
4.620641095105664135e+03
4.611707222786967577e+03
4.602285936504502388e+03
4.592377096094128319e+03
4.581980561391704214e+03
4.571111048933586972e+03
4.559768418555639983e+03
4.547952530093720270e+03
4.535678100084187463e+03
4.522952416713150342e+03
4.509767911466220539e+03
4.496146729230003984e+03
4.482081301490112310e+03
4.467586344782903325e+03
4.452654032505072792e+03
4.437290362398155594e+03
4.421493645764524445e+03
4.405277050607049205e+03
4.388624031527601801e+03
4.371547756529053004e+03
4.354053965264024555e+03
4.336155825735386316e+03
4.317859077595760937e+03
4.299184317198268218e+03
4.280129855845280872e+03
4.260716289889918698e+03
4.240949358984804348e+03
4.220834802782557745e+03
4.200370932585551600e+03
4.179563488046404018e+03
4.158425637167990317e+03
4.136955691252678662e+03
4.115151961602841766e+03
4.093020187871100006e+03
4.070580966410575002e+03
4.047825180173387707e+03
4.024780853862909225e+03
4.001438870431260511e+03
3.977812397881313700e+03
3.953922032566189046e+03
3.929766085788257897e+03
3.905350297200142450e+03
3.880687834804713020e+03
3.855791866604840834e+03
3.830660703902897239e+03
3.805307514701753462e+03
3.779745467004280727e+03
3.753972872112849018e+03
3.728002898030331835e+03
3.701841284409348191e+03
3.675508627603020614e+03
3.649003238913719542e+03
3.622330857994067628e+03
3.595512081197183761e+03
3.568552648175690592e+03
3.541450870231959470e+03
3.514219915368861166e+03
3.486872951589266904e+03
3.459408290195548034e+03
3.431839099190575325e+03
3.404163689876719218e+03
3.376402658607103149e+03
3.348561745034346586e+03
3.320646688811071726e+03
3.292670648747438008e+03
3.264646746882769548e+03
3.236580667713425555e+03
3.208485524086019268e+03
3.180374428847161198e+03
3.152245638142963344e+03
3.124119693170287519e+03
3.096002278425493841e+03
3.067899078404945612e+03
3.039808349254753466e+03
3.011758060522029155e+03
2.983739040002632919e+03
2.955771828893429301e+03
2.927862111690777510e+03
2.900008144540788635e+03
2.872230468640326762e+03
2.844534768485751101e+03
2.816934156923674436e+03
2.789426890100206947e+03
2.762018652511711934e+03
2.734737413705299332e+03
2.707566573126582171e+03
2.680534100322670838e+03
2.653630823089427395e+03
2.626877282623713199e+03
2.600271735071639796e+03
2.573827293279819060e+03
2.547549641744612018e+03
2.521444464962380607e+03
2.495524875779736249e+03
2.469789130342790486e+03
2.444250341498154285e+03
2.418906765391939643e+03
2.393771514870758892e+03
2.368857702781222997e+03
2.344163585269442592e+03
2.319694846831780524e+03
2.295457171964597364e+03
2.271463673514505444e+03
2.247720035977865791e+03
2.224224515500789948e+03
2.200982796579639398e+03
2.178000563710776078e+03
2.155276073040311530e+03
2.132815009064606784e+03
2.110623056280023775e+03
2.088698470832674502e+03
2.067046937218919084e+03
2.045681568285370759e+03
2.024600620178139707e+03
2.003817444781027916e+03
1.983338921776345387e+03
1.963164741533342976e+03
1.943302022771519660e+03
1.923765312560626626e+03
1.904546872919663429e+03
1.885653822568130408e+03
1.867093280225527224e+03
1.848864936261104731e+03
1.830968481044112650e+03
1.813411033294051094e+03
1.796192283380170466e+03
1.779326778372220133e+03
1.762799351938951304e+03
1.746631979500363286e+03
1.730816923075456543e+03
1.715361301383731416e+03
1.700264804794437396e+03
1.685527123676825568e+03
1.671162805100644846e+03
1.657156682734646211e+03
1.643523303648579486e+03
1.630254929861444907e+03
1.617358680092743043e+03
1.604826816361472765e+03
1.592666457387135551e+03
1.580884721889230377e+03
1.569466443536508223e+03
1.558426169398718912e+03
1.547763589845112392e+03
1.537470966894689354e+03
1.527555419266949229e+03
1.518016637331142647e+03
1.508846883106269388e+03
1.500045846961580082e+03
1.491620647616574161e+03
1.483570975440502252e+03
1.475881664102114428e+03
1.468559832320910346e+03
1.461605170466140635e+03
1.455017368907055470e+03
1.448781261312404467e+03
1.442911394751938360e+03
1.437392602894406764e+03
1.432224576109060536e+03
1.427407004765148940e+03
1.422932150881672442e+03
1.418807133178131380e+03
1.415024213673525082e+03
1.411583082737104860e+03
1.408483656855052459e+03
1.405719328631030294e+03
1.403291145135883426e+03
1.401200153440455551e+03
1.399432543915092310e+03
1.397989363630637854e+03
1.396871659657937016e+03
1.396073050717584238e+03
1.395579727179924475e+03
1.395407592816301985e+03
1.395527981296561848e+03
1.395956796392048318e+03
1.396687656823356519e+03
1.397714181311080665e+03
1.399022560225565485e+03
1.400628697338156371e+03
1.402511354668946751e+03
1.404679007639031852e+03
1.407117846618756630e+03
1.409836347029215403e+03
1.412820699240752901e+03
1.416064521973963792e+03
1.419576290649942621e+03
1.423342195639033889e+03
1.427355855661832948e+03
1.431618317789183948e+03
1.436108344041180999e+03
1.440841838189169721e+03
1.445790133902994512e+03
1.450954278253499979e+03
1.456335318311530273e+03
1.461919444447430806e+03
1.467715132082296122e+03
1.473701143236220105e+03
1.479885953330298435e+03
1.486263181085124870e+03
1.492826445221294762e+03
1.499569364459402550e+03
1.506492985870292841e+03
1.513583499824310138e+03
1.520834525042049336e+03
1.528232251893854936e+03
1.535777727450571547e+03
1.543457142082544124e+03
1.551264114510366880e+03
1.559192263454634940e+03
1.567235207635942970e+03
1.575401422475385061e+03
1.583677098343305943e+03
1.592055853960300965e+03
1.600538760913534588e+03
1.609126988855455238e+03
1.617799446904080696e+03
1.626557329228179469e+03
1.635386973296020187e+03
1.644282144926121191e+03
1.653236609937000367e+03
1.662236705796926344e+03
1.671268769974167526e+03
1.680348853337992068e+03
1.689448436656168269e+03
1.698590999148214905e+03
1.707748021581900275e+03
1.716942983176742018e+03
1.726147364700509115e+03
1.735377217022469949e+03
1.744618877610892469e+03
1.753858683934045530e+03
1.763097830160696731e+03
1.772322653759115155e+03
1.781519492197568752e+03
1.790689539644825800e+03
1.799819133569155383e+03
1.808909468139324872e+03
1.817954309173853062e+03
1.826954850841508460e+03
1.835897430610558558e+03
1.844790671000023394e+03
1.853635766178669883e+03
1.862411625264516488e+03
1.871134299126831820e+03
1.879775268533384178e+03
1.888343156003192462e+03
1.896824299004524164e+03
1.905205035005648142e+03
1.913493986525582613e+03
1.921677491032596208e+03
1.929749314345206358e+03
1.937718078982431962e+03
1.945570122412541878e+03
1.953306638804304157e+03
1.960928822326486852e+03
1.968437867147858242e+03
1.975827539086936667e+03
1.983091603962241379e+03
1.990231255942539519e+03
1.997232832496100173e+03
2.004097527791691391e+03
2.010819107647831288e+03
2.017391337883038887e+03
2.023807829225892192e+03
2.030069000395459852e+03
2.036167686670620924e+03
2.042104151680503492e+03
2.047886087404486716e+03
2.053498900771199715e+03
2.058950283760020284e+03
2.064233071649828617e+03
2.069340099719502632e+03
2.074286488298670065e+03
2.079050215965711232e+03
2.083646403050254321e+03
2.088060456480927314e+03
2.092292639886860343e+03
2.096343216897181719e+03
2.100212451141019301e+03
2.103893177897252826e+03
2.107378232444760670e+03
2.110675306762921537e+03
2.113769807780364317e+03
2.116669427476467717e+03
2.119367001130110566e+03
2.121855364020171237e+03
2.124149636476278829e+03
2.126235225427061778e+03
2.128127251202149637e+03
2.129818549080420325e+03
2.131309382691002156e+03
2.132600015663025715e+03
2.133698139975867889e+03
2.134589162558158023e+03
2.135288203739525215e+03
2.135788098798847841e+03
2.136081683015004273e+03
2.136184076717624976e+03
2.136080686835336564e+03
2.135786633697768593e+03
2.135294752583800346e+03
2.134612735472809618e+03
2.133725989293425755e+03
2.132657062725527794e+03
2.131398791047994109e+03
2.129944009539702620e+03
2.128307838530283789e+03
2.126490541648865019e+03
2.124484954174325594e+03
2.122298768086044220e+03
2.119932247013149208e+03
2.117385654584769782e+03
2.114659254430034707e+03
2.111768005319258464e+03
2.108696506384499571e+03
2.105458908599501228e+03
2.102061934587758969e+03
2.098497450272265723e+03
2.094764749926266177e+03
2.090885412873754376e+03
2.086843876687474221e+03
2.082646863990919428e+03
2.078293669057335137e+03
2.073798442860465002e+03
2.069145622973053378e+03
2.064349360368843918e+03
2.059416377671330793e+03
2.054331112453258356e+03
2.049107715688371172e+03
2.043752910000162046e+03
2.038258561311626181e+03
2.032631392246257519e+03
2.026870697077300065e+03
2.020983198428247761e+03
2.014975618922595231e+03
2.008847252833585571e+03
2.002597394434463922e+03
1.996247623049224103e+03
1.989782376250610923e+03
1.983223233362616611e+03
1.976562060308236823e+03
1.969805579710965276e+03
1.962960514194296366e+03
1.956033586381723808e+03
1.949024090546491834e+03
1.941931320961844676e+03
1.934769428601525988e+03
1.927537707738780909e+03
1.920235452646852536e+03
1.912869385949235038e+03
1.905453658619673433e+03
1.897972708230910939e+03
1.890448114106942512e+03
1.882879170521011247e+03
1.875265171746361602e+03
1.867612840406488203e+03
1.859921470774634827e+03
1.852205213824545353e+03
1.844463363829464697e+03
1.836695215062636180e+03
1.828907490147553744e+03
1.821106911707712470e+03
1.813292774016355679e+03
1.805479215162521541e+03
1.797650608295425172e+03
1.789835883781074926e+03
1.782019401883979526e+03
1.774207807919397055e+03
1.766415175552836672e+03
1.758633293399056811e+03
1.750876235123566175e+03
1.743150646041623304e+03
1.735440886417736692e+03
1.727775886617915376e+03
1.720140006906667395e+03
1.712539892599251516e+03
1.704997045711427063e+03
1.697488398157451911e+03
1.690042880303334641e+03
1.682652280763833915e+03
1.675323244854208724e+03
1.668054989539467670e+03
1.660854160134868835e+03
1.653734830305921378e+03
1.646688788667383733e+03
1.639715252184264273e+03
1.632828294522072156e+03
1.626027132645815300e+03
1.619318411870753152e+03
1.612693920811643466e+03
1.606175161484245564e+03
1.599746494153067488e+03
1.593421992483618396e+03
1.587200873440906435e+03
1.581082353989940430e+03
1.575080507796229085e+03
1.569187123474530608e+03
1.563408846340104446e+03
1.557752321708208456e+03
1.552216766543851463e+03
1.546801397812042069e+03
1.541512860828039038e+03
1.536350372556850743e+03
1.531320578313735950e+03
1.526415266713453320e+03
1.521655939771761496e+03
1.517019529402919261e+03
1.512527537622684576e+03
1.508179181396066269e+03
1.503966249337823683e+03
1.499895386763214447e+03
1.495965810637247841e+03
1.492191594625432572e+03
1.488557219115478119e+03
1.485069930038651364e+03
1.481737093449420854e+03
1.478558647052003380e+03
1.475541956900868172e+03
1.472672103999732599e+03
1.469963882753315374e+03
1.467417230865834199e+03
1.465032086041506545e+03
1.462808385984551251e+03
1.460746068399185788e+03
1.458852499339878705e+03
1.457120188160597763e+03
1.455556500915811284e+03
1.454161375309736968e+03
1.452927320696343259e+03
1.451861703130097794e+03
1.450971888665468441e+03
1.450242958306173932e+03
1.449689706456932072e+03
1.449304642471710622e+03
1.449087704054727510e+03
1.449038828910201346e+03
1.449157954742350057e+03
1.449452447605641282e+03
1.449914816854043465e+03
1.450545000191774761e+03
1.451335506972802477e+03
1.452301131601845327e+03
1.453434383432871073e+03
1.454727771819848613e+03
1.456181234466994283e+03
1.457802137428777769e+03
1.459590418409416316e+03
1.461531158412627747e+03
1.463631723492881065e+03
1.465892051354393061e+03
1.468312079701383027e+03
1.470891746238067981e+03
1.473623560318416366e+03
1.476507459646646566e+03
1.479543381926976281e+03
1.482731264863623437e+03
1.486063617810556480e+03
1.489547806822243047e+03
1.493161484552151705e+03
1.496926873755249972e+03
1.500821627085005957e+03
1.504860538946138149e+03
1.509028690342363916e+03
1.513326140545308135e+03
1.517746006745969908e+03
1.522296384403254933e+03
1.526977940625818292e+03
1.531769057471566157e+03
1.536692687099903651e+03
1.541727211568736493e+03
1.546873297986720900e+03
1.552139041812760979e+03
1.557510253455013526e+03
1.562987600022133847e+03
1.568579176973027415e+03
1.574263366365599722e+03
1.580048263658756014e+03
1.585934535961152505e+03
1.591907993680944628e+03
1.597969303926787234e+03
1.604119133807336993e+03
1.610350722080999049e+03
1.616664735856428479e+03
1.623054413892031334e+03
1.629520423296462923e+03
1.636063431178379233e+03
1.642676676296185633e+03
1.649360825758536748e+03
1.656109118323839994e+03
1.662922221100749766e+03
1.669800801197921601e+03
1.676723240673261216e+03
1.683705063335924251e+03
1.690739507944316301e+03
1.697812384906593252e+03
1.704931789681659666e+03
1.712090961027922049e+03
1.719275709353535831e+03
1.726501558467656196e+03
1.733746890428188635e+03
1.741019800694039759e+03
1.748313528023613799e+03
1.755621311175317260e+03
1.762936388907555511e+03
1.770259428328983176e+03
1.777591096548257156e+03
1.784917203973532423e+03
1.792238417713464287e+03
1.799547976526459024e+03
1.806846547521171942e+03
1.814127369456007727e+03
1.821391109439623278e+03
1.828631006230423282e+03
1.835840302306832655e+03
1.843012255027351785e+03
1.850154982171000711e+03
1.857261744816298688e+03
1.864325804041765878e+03
1.871340420925921535e+03
1.878321141598035638e+03
1.885253798786377729e+03
1.892139081919717228e+03
1.898970252076573615e+03
1.905747998685716993e+03
1.912465582825667070e+03
1.919123693925193038e+03
1.925708164712565349e+03
1.932219684616552740e+03
1.938658943065925314e+03
1.945011772788952612e+03
1.951286291564654903e+03
1.957460903771050880e+03
1.963551155537410750e+03
1.969542879592004056e+03
1.975429337013350960e+03
1.981218645580469911e+03
1.986896638021631588e+03
1.992464003765605639e+03
1.997928860591410967e+03
2.003284469577567734e+03
2.008531520152845587e+03
2.013670701746014174e+03
2.018695275435593203e+03
2.023613359000602259e+03
2.028410785169311112e+03
2.033095671720739347e+03
2.037653851383156507e+03
2.042086013585332466e+03
2.046377991055536540e+03
2.050537901572788542e+03
2.054559006215607951e+03
2.058427137712265448e+03
2.062157842192028966e+03
2.065736952383169410e+03
2.069172586064706593e+03
2.072458004315159087e+03
2.075593896563297221e+03
2.078573523887641386e+03
2.081405004067209575e+03
2.084089026530772571e+03
2.086618852356850311e+03
2.089002599324460789e+03
2.091233528512125758e+03
2.093312230525538780e+03
2.095246329028343098e+03
2.097021063810358555e+03
2.098643959712152991e+03
2.100100256523545795e+03
2.101382622384604929e+03
2.102491153785649658e+03
2.103425947216998338e+03
2.104179670818719842e+03
2.104752421081132979e+03
2.105144294494556107e+03
2.105370244249808820e+03
2.105422938486958628e+03
2.105309902046575189e+03
2.105038659769226342e+03
2.104609308145231807e+03
2.104014515314659548e+03
2.103254377767828373e+03
2.102321563644807156e+03
2.101208741085664315e+03
2.099908578230468720e+03
2.098421171569539183e+03
2.096739189242944576e+03
2.094870156091253648e+03
2.092821596955034238e+03
2.090593608324605611e+03
2.088193715040537427e+03
2.085622013593146221e+03
2.082893457173252955e+03
2.080008142271174620e+03
2.076966165377230482e+03
2.073760194631489867e+03
2.070382898174020738e+03
2.066841800845392754e+03
2.063122142435423029e+03
2.059216591084181800e+03
2.055132671632236907e+03
2.050877908920157097e+03
2.046437542737761987e+03
2.041841382976368777e+03
2.037082097776047021e+03
2.032167211977365241e+03
2.027096822070642929e+03
2.021893309596947574e+03
2.016534485995848399e+03
2.011035304458164319e+03
2.005381004773714267e+03
1.999579111783066082e+03
1.993622293626288865e+03
1.987503218443451260e+03
1.981236733758933269e+03
1.974814979380607383e+03
1.968244846150407739e+03
1.961525796560018762e+03
1.954679578151873329e+03
1.947690796717155763e+03
1.940581199798299849e+03
1.933350249886989786e+03
1.925997409474909318e+03
1.918522141053742871e+03
1.910931335465422762e+03
1.903217026851384389e+03
1.895393534403811600e+03
1.887452892264137517e+03
1.879394562924046795e+03
1.871232865575722144e+03
1.862952406010349023e+03
1.854560075069859977e+03
1.846062763596189825e+03
1.837452505730771691e+03
1.828736192315540166e+03
1.819920714192429159e+03
1.810998105502872022e+03
1.801982685439052830e+03
1.792873916492655326e+03
1.783678689505614329e+03
1.774396466969612675e+03
1.765048996427084376e+03
1.755620883669213981e+03
1.746126447888184657e+03
1.736557723225430436e+03
1.726929028873135621e+03
1.717232398972733790e+03
1.707467296015908687e+03
1.697640610844595358e+03
1.687751805950475955e+03
1.677800343825235132e+03
1.667800543661057418e+03
1.657737011249125771e+03
1.647631494131874661e+03
1.637476026450737663e+03
1.627277499047648917e+03
1.617035374414291937e+03
1.606763971742851027e+03
1.596447896824509598e+03
1.586108897201701893e+03
1.575739007015862171e+03
1.565345117108924114e+03
1.554934118322820950e+03
1.544505473149237105e+03
1.534058627345654941e+03
1.523607816433249127e+03
1.513152402498494212e+03
1.502691747627862696e+03
1.492232642258078613e+03
1.481774448475615827e+03
1.471331385067447400e+03
1.460895385769796803e+03
1.450473241019388297e+03
1.440064312902694610e+03
1.429675391856439774e+03
1.419313268317347593e+03
1.408977304371891250e+03
1.398666862106544613e+03
1.388381303607780865e+03
1.378134847662573293e+03
1.367919428007146280e+03
1.357734406727972782e+03
1.347594002612026770e+03
1.337497577745781655e+03
1.327437065865460681e+03
1.317426685758037820e+03
1.307473227860236648e+03
1.297561197558030244e+03
1.287712241988642973e+03
1.277918294888297396e+03
1.268186146693718001e+03
1.258522587841627683e+03
1.248926980418500307e+03
1.239398686510809739e+03
1.229937068205028709e+03
1.220556344288131640e+03
1.211248448496341553e+03
1.202020171266382249e+03
1.192870874684727369e+03
1.183799920837850095e+03
1.174814100162474233e+03
1.165912774745073420e+03
1.157102735022371007e+03
1.148375914730590921e+03
1.139746532656706449e+03
1.131206522536941065e+03
1.122762674808018573e+03
1.114414351556412385e+03
1.106168343218846076e+03
1.098016583531543120e+03
1.089973291281477486e+03
1.082030400204872194e+03
1.074187272388201109e+03
1.066458126618437745e+03
1.058834967527629715e+03
1.051317511681372025e+03
1.043912974891332851e+03
1.036613716268681401e+03
1.029434379975336242e+03
1.022367325122466127e+03
1.015419767521739686e+03
1.008584066284325786e+03
1.001867437221893397e+03
9.952770961461109209e+02
9.888054021681473387e+02
9.824595710996713933e+02
9.762393904021018898e+02
9.701446475368574056e+02
9.641751299653568594e+02
9.583306251490188288e+02
9.526183488995120570e+02
9.470306603280055242e+02
9.415747752461678601e+02
9.362504811154178697e+02
9.310501370469241920e+02
9.259809588523556840e+02
9.210427339931310371e+02
9.162426782809191081e+02
9.115657224766385980e+02
9.070190823919583636e+02
9.026099738385470346e+02
8.983307559275731364e+02
8.941812161204558151e+02
8.901685702288639277e+02
8.862851773639657722e+02
8.825308249871802673e+02
8.789053005599263315e+02
8.754158198938724809e+02
8.720547421001878092e+02
8.688218546402907805e+02
8.657243733258502516e+02
8.627546572680350891e+02
8.599124939282636433e+02
8.571976707679550600e+02
8.546099752485281442e+02
8.521566231816514119e+02
8.498225453282436774e+02
8.476223858502237363e+02
8.455410755085101755e+02
8.435858301147721932e+02
8.417564371304280257e+02
8.400526840168965919e+02
8.384669298853469854e+02
8.370063905474476087e+02
8.356560845565240925e+02
8.344310950365288591e+02
8.333168795028215072e+02
8.323211805215108825e+02
8.314294556079569247e+02
8.306568756785186451e+02
8.299888982485551878e+02
8.294332658841761940e+02
8.289902928012410257e+02
8.286454365151084858e+02
8.284138679421386087e+02
8.282810445976901974e+02
8.282472806976227275e+02
8.283277471582955513e+02
8.285004731448181019e+02
8.287806295735493904e+02
8.291685306603490062e+02
8.296496339205762069e+02
8.302316819203402929e+02
8.309149888755006259e+02
8.316924406516666295e+02
8.325643514646973244e+02
8.335161788299523096e+02
8.345630936637909372e+02
8.356831251313222992e+02
8.368914441489057481e+02
8.381735082319007688e+02
8.395296315961667233e+02
8.409749851580626228e+02
8.424875980826980140e+02
8.440826412864322492e+02
8.457455722846246999e+02
8.474915619936343774e+02
8.493060679288211077e+02
8.511968326562937364e+02
8.531493136914117486e+02
8.551563968997845677e+02
8.572332531977714325e+02
8.593653401007317143e+02
8.615455434742746093e+02
8.637816058845096450e+02
8.660664131970460176e+02
8.683928512774931505e+02
8.707760910422100551e+02
8.732015900065565575e+02
8.756696623863915647e+02
8.781806223975746661e+02
8.807347842559648825e+02
8.833250338271716373e+02
8.859516853270547472e+02
8.886076495557118733e+02
8.912933654014481135e+02
8.940092966870570308e+02
8.967559072353327565e+02
8.995188041685684084e+02
9.023058796598080562e+02
9.051101691815954382e+02
9.079321365567242310e+02
9.107648172577382866e+02
9.136161034576812199e+02
9.164790306290967692e+02
9.193540625947787248e+02
9.222342348272708250e+02
9.251200111493668601e+02
9.280044270336104546e+02
9.308953746530455646e+02
9.337784611299656490e+02
9.366690069876643747e+02
9.395451909981859444e+02
9.424223336848235704e+02
9.452860421698715072e+02
9.481442086263728015e+02
9.509824401766220490e+02
9.538086289936622961e+02
9.566158105500377360e+02
9.594118770187917562e+02
9.621824355222182703e+02
9.649353782333612344e+02
9.676563122745139935e+02
9.703605581689703286e+02
9.730337230390242667e+02
9.756762707074692571e+02
9.782886649970992039e+02
9.808713697307076700e+02
9.834174203808386210e+02
9.859272807702858472e+02
9.884014147218427979e+02
9.908328577080530977e+02
9.932220735517109915e+02
9.955695260756100424e+02
9.978756791025439270e+02
1.000133568105056156e+03
1.002343656905940634e+03
1.004506409327991491e+03
1.006622289194001837e+03
1.008684331976515523e+03
1.010700429848576960e+03
1.012663618282729090e+03
1.014566932751515765e+03
1.016425693778231221e+03
1.018218036450583440e+03
1.019959062870190564e+03
1.021634118053335101e+03
1.023258260417299539e+03
1.024816834978366614e+03
1.026310043453318485e+03
1.027745515909188498e+03
1.029108597362258706e+03
1.030414346229811372e+03
1.031648107528129685e+03
1.032817511324246198e+03
1.033915330984693583e+03
1.034949196576503937e+03
1.035911881466209934e+03
1.036803587370594641e+03
1.037624516006439990e+03
1.038374869090529046e+03
1.039054848339644195e+03
1.039657227120318112e+03
1.040182207149333408e+03
1.040637418493722862e+03
1.041015634520018239e+03
1.041317056945002832e+03
1.041549315835709422e+03
1.041697756208419833e+03
1.041762579779917360e+03
1.041758844967484265e+03
1.041679325137652995e+03
1.041516793656956452e+03
1.041286308942677124e+03
1.040973216011097293e+03
1.040585144929249964e+03
1.040122297413917522e+03
1.039577446831632642e+03
1.038958223249427647e+03
1.038264828384085604e+03
1.037490035602138732e+03
1.036641474970619811e+03
1.035719348206311224e+03
1.034709000325495481e+03
1.033632918095705691e+03
1.032476446533223680e+03
1.031247215705082681e+03
1.029937998977814914e+03
1.028556426418453157e+03
1.027102699743780022e+03
1.025577020670577895e+03
1.023972162565379335e+03
1.022295755495217350e+03
1.020548001176873981e+03
1.018729038792100596e+03
1.016838757382521521e+03
1.014884411804979436e+03
1.012850971865567317e+03
1.010753120771378349e+03
1.008583256678754651e+03
1.006348634444539698e+03
1.004049080575326116e+03
1.001684421577706871e+03
9.992544839582743634e+02
9.967590942236222418e+02
9.942055072305923886e+02
9.915861211355284013e+02
9.889081907952730717e+02
9.861715427164187986e+02
9.833685750553084972e+02
9.805065426687853005e+02
9.775852720634422894e+02
9.746120180961215738e+02
9.715791789231665234e+02
9.684940094014199303e+02
9.653563360374743070e+02
9.621659853379230753e+02
9.589227838093585206e+02
9.556265579583739509e+02
9.522845626418117035e+02
9.488966243662652005e+02
9.454551412880766748e+02
9.419747966143395388e+02
9.384479885013964804e+02
9.348745434558398983e+02
9.312617163345133804e+02
9.276093336440090980e+02
9.239172218909205867e+02
9.201852075818402454e+02
9.164131172233608140e+02
9.126082056723251981e+02
9.087702994353264785e+02
9.048992250189572815e+02
9.009873805795607495e+02
8.970568776744793240e+02
8.930926861098060954e+02
8.891020607423840829e+02
8.850922564290557375e+02
8.810556713261642017e+02
8.769921319403021016e+02
8.729088931283122292e+02
8.688132097470377175e+02
8.646974799528213680e+02
8.605615302522559205e+02
8.564125917000501431e+02
8.522503717921277939e+02
8.480745542222776976e+02
8.438922510345392993e+02
8.396957175724521676e+02
8.354920658800555202e+02
8.312809796511384093e+02
8.270695709297405074e+02
8.228575234096512077e+02
8.186370924344092828e+02
8.144153900480548600e+02
8.101995282946268162e+02
8.059817625176643787e+02
8.017692047612072201e+02
7.975689670692942173e+02
7.933658764352151138e+02
7.891744732532592934e+02
7.849944412172156945e+02
7.808254640208739374e+02
7.766597970077732498e+02
7.725194089224530671e+02
7.683816984079525128e+02
7.642686342088111360e+02
7.601650433183184532e+02
7.560854661307632796e+02
7.520221579896851836e+02
7.479822309391234967e+02
7.439653686728677258e+02
7.399786832349568613e+02
7.360144299689305853e+02
7.320722925685779501e+02
7.281593830779385144e+02
7.242828135410514960e+02
7.204274109512062978e+02
7.166077157026920759e+02
7.128159831390483987e+02
7.090593253043144841e+02
7.053374258922793842e+02
7.016499685967330606e+02
6.979966371114643380e+02
6.943845434805126615e+02
6.908133713976674244e+02
6.872753762064680814e+02
6.837776699509537366e+02
6.803199363249138969e+02
6.769092873723876664e+02
6.735379784369147274e+02
6.702131215625340701e+02
6.669269720927851495e+02
6.636940704219574627e+02
6.604992709542721059e+02
6.573498227884285825e+02
6.542530024340579757e+02
6.512012297002917194e+02
6.482017810967611240e+02
6.452545047828476754e+02
6.423592489179321774e+02
6.395158616613964568e+02
6.367167628223716065e+02
6.339840856109890410e+02
6.312953931358799764e+02
6.286653902569256616e+02
6.260939251335073550e+02
6.235734175747567178e+02
6.211111440903046059e+02
6.186995244892825667e+02
6.163532636315719628e+02
6.140647813263040007e+02
6.118339257328599388e+02
6.096605450106212629e+02
6.075444873189691180e+02
6.054930291675349281e+02
6.034985903654498998e+02
6.015602762370702976e+02
5.996853632920275459e+02
5.978714711846280352e+02
5.961184480742529104e+02
5.944261421202835436e+02
5.927944014821011933e+02
5.912238171541122256e+02
5.897142372956978988e+02
5.882655100662395853e+02
5.868774836251185434e+02
5.855500061317160316e+02
5.842836685804385297e+02
5.830775762956421886e+02
5.819323202717333743e+02
5.808470058330684651e+02
5.798214811390286059e+02
5.788570800190450427e+02
5.779521649624495012e+02
5.771065841286227851e+02
5.763201856769466076e+02
5.755935606018269937e+02
5.749243285575703339e+02
5.743138233736079883e+02
5.737604075392713412e+02
5.732646720489665313e+02
5.728249793920249431e+02
5.724411777278279487e+02
5.721131605727603073e+02
5.718402600361956729e+02
5.716218535845117685e+02
5.714573186840855215e+02
5.713482613063697499e+02
5.712918304126665134e+02
5.712888891394031816e+02
5.713388149529572502e+02
5.714409853197059874e+02
5.715940348710016679e+02
5.717988267432717748e+02
5.720539955678685828e+02
5.723589188111695876e+02
5.727129739395520573e+02
5.731155384193931468e+02
5.735659897170705790e+02
5.740637052989615086e+02
5.746080626314432038e+02
5.751984391808930468e+02
5.758334695786636530e+02
5.765132741261571709e+02
5.772372302897507552e+02
5.780032298657722549e+02
5.788113931556235912e+02
5.796603547906573795e+02
5.805494922372507745e+02
5.814781829617813855e+02
5.824450615956012598e+02
5.834487627700630128e+02
5.844894067865687930e+02
5.855656282764711023e+02
5.866753190360972212e+02
5.878193422018746332e+02
5.889955895701306190e+02
5.902026957722173393e+02
5.914407811095373972e+02
5.927077373784180736e+02
5.940036848802617442e+02
5.953265154113956896e+02
5.966748636031722981e+02
5.980488497569940591e+02
5.994463656691880260e+02
6.008667888061318081e+02
6.023080109641529134e+02
6.037701524446531494e+02
6.052511050439603650e+02
6.067502462284516014e+02
6.082654677944544801e+02
6.097968900433712633e+02
6.113424047715292318e+02
6.129014098805022286e+02
6.144726421776243797e+02
6.160570874105014809e+02
6.176460744714142947e+02
6.192502459632934233e+02
6.208624164484696166e+02
6.224828288395234495e+02
6.241117260490357239e+02
6.257419226393369627e+02
6.273736615230079678e+02
6.290071856126295415e+02
6.306501661710320832e+02
6.322879894102965181e+02
6.339283265932535869e+02
6.355714206324836368e+02
6.372026577400675933e+02
6.388371375290861351e+02
6.404676745618698988e+02
6.420870834007496342e+02
6.437104636588060202e+02
6.453157731978695892e+02
6.469181116310211337e+02
6.485102935205914036e+02
6.500925617791610875e+02
6.516577309690607080e+02
6.532134723531210057e+02
6.547600288439227825e+02
6.562902150037966749e+02
6.578042737453233713e+02
6.592950196308335080e+02
6.607775522734077640e+02
6.622372578851269509e+02
6.636743793785715297e+02
6.650891596663225300e+02
6.664892700112102375e+02
6.678675249755655159e+02
6.692167391217192289e+02
6.705445837125018897e+02
6.718438733102440210e+02
6.731222791777765906e+02
6.743726158774300075e+02
6.755951263217854148e+02
6.767974817736728710e+02
6.779650684451735287e+02
6.790981292488679628e+02
6.802043354475869137e+02
6.812839299539108424e+02
6.823222989799206744e+02
6.833345421386969747e+02
6.843060456423204414e+02
6.852518916716471722e+02
6.861573792776343907e+02
6.870300751297648958e+02
6.878701175472712066e+02
6.886702164991360178e+02
6.894305103045921896e+02
6.901511372828722415e+02
6.908396641034589720e+02
6.914813723850849101e+02
6.920912571474827928e+02
6.926546000093851490e+02
6.931789676402750047e+02
6.936570700091347135e+02
6.940964737854470741e+02
6.944898889381948948e+02
6.948448821368607469e+02
6.951541633504270976e+02
6.954252992483768594e+02
6.956509997996927268e+02
6.958314033236071054e+02
6.959666481393529693e+02
6.960568725661628378e+02
6.961096432735196231e+02
6.961102418801557405e+02
6.960662350555537614e+02
6.959777611189467734e+02
6.958375300393170164e+02
6.956531084861475165e+02
6.954246347786707929e+02
6.951522472361193650e+02
6.948286558274762683e+02
6.944614272222237332e+02
6.940432713893450227e+02
6.935817549983222534e+02
6.930695880181383473e+02
6.925143371182759893e+02
6.919087122677178741e+02
6.912528517856965209e+02
6.905543223416946148e+02
6.898132622549450161e+02
6.890223814944304195e+02
6.881818183793832304e+02
6.872917112290363093e+02
6.863596267128724548e+02
6.853782747998740206e+02
6.843477938092739805e+02
6.832757504105547923e+02
6.821548545726992643e+02
6.809852446149401430e+02
6.797744872067597726e+02
6.785226867235435293e+02
6.772223834150350967e+02
6.758735119373811813e+02
6.744834352969780866e+02
6.730520881499720645e+02
6.715794051525095938e+02
6.700653209607369263e+02
6.685023418805507163e+02
6.668978309183470401e+02
6.652517227302723768e+02
6.635639519724730917e+02
6.618344533010955502e+02
6.600631613722862312e+02
6.582500108421915002e+02
6.563949363669574950e+02
6.545053009529808605e+02
6.525736109061579100e+02
6.506072292328849471e+02
6.485986622390582852e+02
6.465478445808245169e+02
6.444695676148298844e+02
6.423489092967207625e+02
6.401858042826434030e+02
6.379950439292445026e+02
6.357617061921700952e+02
6.335005824280667639e+02
6.312041789428308221e+02
6.288724303926086350e+02
6.265126997837966201e+02
6.241174934222910906e+02
6.216941743144885777e+02
6.192352487662851672e+02
6.167480797840775040e+02
6.142400303742617780e+02
6.116961784924844778e+02
6.091313154953920730e+02
6.065305193386307110e+02
6.039085813788468613e+02
6.012654362721867756e+02
5.985898761494222526e+02
5.958929781920742244e+02
5.931731913862391821e+02
5.904311932230884850e+02
5.876669183587686121e+02
5.848817871194759164e+02
5.820764769963817571e+02
5.792524083156824872e+02
5.764095157335243584e+02
5.735492195761039511e+02
5.706721973345926244e+02
5.677791073719102997e+02
5.648720172080222710e+02
5.619500038945423057e+02
5.590143729881589252e+02
5.560664300455614466e+02
5.531059949533880626e+02
5.501336304333029830e+02
5.471506420419949563e+02
5.441575925011278514e+02
5.411550445323650820e+02
5.381435608573708578e+02
5.351259327028838015e+02
5.321012371205179079e+02
5.290715225019868058e+02
5.260380944039791302e+02
5.230007727131339834e+02
5.199608629861401141e+02
5.169196707796861574e+02
5.138770159804111017e+02
5.108342041450037527e+02
5.077917979951276948e+02
5.047503602524468533e+02
5.017104536386252107e+02
4.986733837103512315e+02
4.956397131892890116e+02
4.926107476321271861e+02
4.895863069255045730e+02
4.865676966261100915e+02
4.835562222906323200e+02
4.805517038057102468e+02
4.775554467280326776e+02
4.745672709442383734e+02
4.715892248460410201e+02
4.686211283200795492e+02
4.656635440880177725e+02
4.627177777065443820e+02
4.597829062272734291e+02
4.568617208769433091e+02
4.539540415421932380e+02
4.510604309446867433e+02
4.481814518060876935e+02
4.453191525181099450e+02
4.424726101323672651e+02
4.396438730405733963e+02
4.368320182943423333e+02
4.340390942853877050e+02
4.312656637353732663e+02
4.285108036959130118e+02
4.257765625587205705e+02
4.230627602104348171e+02
4.203699680693796950e+02
4.176987923405193328e+02
4.150505907605032689e+02
4.124244925609058896e+02
4.098218554783763352e+02
4.072432944145392639e+02
4.046894242710188792e+02
4.021608599494396117e+02
3.996582163514257786e+02
3.971813655435767600e+02
3.947309224275170436e+02
3.923082447398958834e+02
3.899124617122877225e+02
3.875456739163669226e+02
3.852070105837078131e+02
3.828978294509597617e+02
3.806172597496972685e+02
3.783666592165695874e+02
3.761466427532010925e+02
3.739563395911661132e+02
3.717978503021392385e+02
3.696695612826696902e+02
3.675728302694067793e+02
3.655082721639749366e+02
3.634757590329737127e+02
3.614751629430021467e+02
3.595078416307098905e+02
3.575736671626961538e+02
3.556732544405854242e+02
3.538057326959520310e+02
3.519724596654452853e+02
3.501733074156646808e+02
3.484081480132094271e+02
3.466768535246790748e+02
3.449792960166729472e+02
3.433168332258402984e+02
3.416885943837556852e+02
3.400944515570183739e+02
3.385350196472527387e+02
3.370101707210581594e+02
3.355197768450340732e+02
3.340644529208047402e+02
3.326433281799446036e+02
3.312570175240780372e+02
3.299053930198044782e+02
3.285875838986981989e+02
3.273049478974085673e+02
3.260566142475100264e+02
3.248417121805769057e+02
3.236623422682835667e+02
3.225161718396346942e+02
3.214039346336558083e+02
3.203256453218277215e+02
3.192813185756311896e+02
3.182709690665470248e+02
3.172938686310311027e+02
3.163507747755891728e+02
3.154409593366771105e+02
3.145644369857755578e+02
3.137212223943654408e+02
3.129113302339276288e+02
3.121347751759427069e+02
3.113908290568666644e+02
3.106795065481803135e+02
3.100008223213643532e+02
3.093547910478995959e+02
3.087406845642419171e+02
3.081585175418720723e+02
3.076075618172458235e+02
3.070878320618440966e+02
3.065993429471475338e+02
3.061413663096120672e+02
3.057139168207185094e+02
3.053162663169226221e+02
3.049484294697051610e+02
3.046104209505468816e+02
3.043007697608787794e+02
3.040202334072064900e+02
3.037680837259859459e+02
3.035435925536728519e+02
3.033467745617480773e+02
3.031769015866673271e+02
3.030332454648864768e+02
3.029165637029113896e+02
3.028253853021727764e+02
3.027589820991264560e+02
3.027181116002782346e+02
3.027013028070589371e+02
3.027085703909493191e+02
3.027391861884052560e+02
3.027924220358825664e+02
3.028682926048618356e+02
3.029660697317992231e+02
3.030857680881752572e+02
3.032259166754208195e+02
3.033865301650167794e+02
3.035668803934187849e+02
3.037662391970828253e+02
3.039846212474895424e+02
3.042205555460698747e+02
3.044740733457115311e+02
3.047452722249306589e+02
3.050320378385752065e+02
3.053359700166182620e+02
3.056549544139077739e+02
3.059883623553419056e+02
3.063370508358686948e+02
3.066996483453610836e+02
3.070762690437422293e+02
3.074655414208851312e+02
3.078675796367127759e+02
3.082810121810983333e+02
3.087066960489897269e+02
3.091432597302600698e+02
3.095900745498072979e+02
3.100465118325296316e+02
3.105126857383500010e+02
3.109879675921665125e+02
3.114709858838521086e+02
3.119618547733298897e+02
3.124599455854979624e+02
3.129646296452542629e+02
3.134752782774968978e+02
3.139920056421489107e+02
3.145134402290833009e+02
3.150396961982231687e+02
3.155701448744665640e+02
3.161049004177364736e+02
3.166418484828809596e+02
3.171811032298230657e+02
3.177235216535108862e+02
3.182662465737674324e+02
3.188101349855406283e+02
3.193545582137287511e+02
3.198988875832297367e+02
3.204424944189415214e+02
3.209847500457622687e+02
3.215257686236149652e+02
3.220649214773977178e+02
3.226008370969835255e+02
3.231336296422955456e+02
3.236634132732566513e+02
3.241880736447149047e+02
3.247092105866434508e+02
3.252239669188652442e+02
3.257339424713534868e+02
3.262377657339809502e+02
3.267340651966208611e+02
3.272236978542213137e+02
3.277060350316802442e+02
3.281804454660064607e+02
3.286462875426515211e+02
3.291036598942027922e+02
3.295519183182227039e+02
3.299911614472984525e+02
3.304200022439675308e+02
3.308385393408171922e+02
3.312461285354098095e+02
3.316436112953576867e+02
3.320288577481730954e+02
3.324027093614685668e+02
3.327637790977813097e+02
3.331121655896986908e+02
3.334479674698080203e+02
3.337705405356717279e+02
3.340799834198770668e+02
3.343749090849614163e+02
3.346554161635120863e+02
3.349223461231415513e+02
3.351735690913619123e+02
3.354106693708106945e+02
3.356322599240251634e+02
3.358376965485676919e+02
3.360285635470755778e+02
3.362027310470612633e+02
3.363602976811119447e+02
3.365021049168400964e+02
3.366267657167829839e+02
3.367343787135279740e+02
3.368250425396624337e+02
3.368981129927485654e+02
3.369536887053739065e+02
3.369911254751006027e+02
3.370105219345161913e+02
3.370112338811828749e+02
3.369948456177380649e+02
3.369599701067190836e+02
3.369067059807131841e+02
3.368351518723077902e+02
3.367454064140903256e+02
3.366375682386480435e+02
3.365109931435432031e+02
3.363657797613632852e+02
3.362012838896705489e+02
3.360190898311023489e+02
3.358170677131711273e+02
3.355960590034890174e+02
3.353569051696685506e+02
3.350974763392219415e+02
3.348200996498115956e+02
3.345233728756528535e+02
3.342080615427478847e+02
3.338741731537519399e+02
3.335209723762952194e+02
3.331484667130328603e+02
3.327574065016451641e+02
3.323470564097623310e+02
3.319174239400394981e+02
3.314685165951319163e+02
3.310010847127198872e+02
3.305143929604334403e+02
3.300084488409278265e+02
3.294840026918834042e+02
3.289403191809302029e+02
3.283788914807735750e+02
3.277989842590436069e+02
3.272006050183955495e+02
3.265845040965095905e+02
3.259506889960409808e+02
3.252991672196450281e+02
3.246299462699766991e+02
3.239430336496913014e+02
3.232391796964691366e+02
3.225176490779402911e+02
3.217799349668100604e+02
3.210245591956835938e+02
3.202530149372661299e+02
3.194653096942128627e+02
3.186607081341539924e+02
3.178407034297947575e+02
3.170045602487653582e+02
3.161530289287459254e+02
3.152861169723918238e+02
3.144045747173831273e+02
3.135076668313501500e+02
3.125968864869979598e+02
3.116722411869818075e+02
3.107329955989319501e+02
3.097806428955536830e+02
3.088151905795019729e+02
3.078359033184072473e+02
3.068442742849746878e+02
3.058403109818593180e+02
3.048232780766915084e+02
3.037946687421764977e+02
3.027537476459443724e+02
3.017020079607003709e+02
3.006387143540748070e+02
2.995653599987727489e+02
2.984812095624244535e+02
2.973877436816396767e+02
2.962849071785960859e+02
2.951726323393757525e+02
2.940515942850860824e+02
2.929224681368340839e+02
2.917851861807019986e+02
2.906396807027720115e+02
2.894866268241513581e+02
2.883259568309221663e+02
2.871583458441915582e+02
2.859837261500418890e+02
2.848027728695802239e+02
2.836154182888888613e+02
2.824223375290749232e+02
2.812242057112454745e+02
2.800209551214828707e+02
2.788132608808942905e+02
2.776010552755618050e+02
2.763850134265927068e+02
2.751650676200691805e+02
2.739418929770983482e+02
2.727161646187874453e+02
2.714870719961936061e+02
2.702552902304241229e+02
2.690222372776111115e+02
2.677871025888117629e+02
2.665505612851332558e+02
2.653132884876827688e+02
2.640759593175675377e+02
2.628377632258447534e+02
2.616008610036714686e+02
2.603644421021051016e+02
2.591291816422526608e+02
2.578950119101963878e+02
2.566626080270434045e+02
2.554326451139010601e+02
2.542043126218264035e+02
2.529790285069516926e+02
2.517559822203340616e+02
2.505365917181056830e+02
2.493207892863488269e+02
2.481085072111456213e+02
2.469011634486283242e+02
2.456979474498540128e+02
2.444995343359299227e+02
2.433065992279632326e+02
2.421198172470612349e+02
2.409376350092559562e+02
2.397622133057047051e+02
2.385927415874645874e+02
2.374298949529035383e+02
2.362743484094326334e+02
2.351252912716735182e+02
2.339841413593229333e+02
2.328508308220276319e+02
2.317260346444593608e+02
2.306089421412397371e+02
2.295009711320656152e+02
2.284013109315586121e+02
2.273121221944405477e+02
2.262311085652831650e+02
2.251604306988080850e+02
2.241000207446620891e+02
2.230498108524919303e+02
2.220097331719443332e+02
2.209797198526659940e+02
2.199611887143536535e+02
2.189540719066540362e+02
2.179575587441888729e+02
2.169730670466549327e+02
2.160005289636988834e+02
2.150391338099424843e+02
2.140902994050824475e+02
2.131532150637405039e+02
2.122292986056133941e+02
2.113177393453228490e+02
2.104192122675405301e+02
2.095336495219132757e+02
2.086609832580877821e+02
2.078011456257106886e+02
2.069555544444788211e+02
2.061233990290138820e+02
2.053046115289625675e+02
2.044991240939716306e+02
2.037076117087128466e+02
2.029307493578578772e+02
2.021669835210034307e+02
2.014177320178463049e+02
2.006821841630081735e+02
1.999610149411608404e+02
1.992541565019509449e+02
1.985622838300502053e+02
1.978845862400804947e+02
1.972209958816883670e+02
1.965721877395456261e+02
1.959380939632990248e+02
1.953186467025952879e+02
1.947137781070810831e+02
1.941234203264032203e+02
1.935482483452333327e+02
1.929867181874771518e+02
1.924402953943759655e+02
1.919082265464051034e+02
1.913912438940897687e+02
1.908885940179053193e+02
1.904010091683769019e+02
1.899277359259799027e+02
1.894687637062145598e+02
1.890255675946310703e+02
1.885966513366797699e+02
1.881820043478609819e+02
1.877823588786998528e+02
1.873969615096717405e+02
1.870258016562768546e+02
1.866696115690405406e+02
1.863276378284379859e+02
1.859998698499694854e+02
1.856862970491353906e+02
1.853876516764608198e+02
1.851024374773961654e+02
1.848313867024666592e+02
1.845744887671725394e+02
1.843309902519891352e+02
1.841023662424666441e+02
1.838863776490304076e+02
1.836837567222056862e+02
1.834952357125176832e+02
1.833193183654167058e+02
1.831567369314280711e+02
1.830074808260519603e+02
1.828707966297637029e+02
1.827459309230385998e+02
1.826343587914268483e+02
1.825345839803786703e+02
1.824473387404195535e+02
1.823718696520245146e+02
1.823081661306939338e+02
1.822562175919281628e+02
1.822152706162023037e+02
1.821853146190167649e+02
1.821663390158717561e+02
1.821583332222675153e+02
1.821612866537043658e+02
1.821737030556325863e+02
1.821963146785773802e+02
1.822291109380390708e+02
1.822713384144928739e+02
1.823229865234391696e+02
1.823833018453531452e+02
1.824522737957350103e+02
1.825306439159387537e+02
1.826169624055574445e+02
1.827112744250628396e+02
1.828136251349266388e+02
1.829240596956206559e+02
1.830418804325915403e+02
1.831671325063110203e+02
1.832998610772508528e+02
1.834393684708578576e+02
1.835856998476035926e+02
1.837389003679599853e+02
1.838975295223486057e+02
1.840631181412912554e+02
1.842342257152097034e+02
1.844101545695506275e+02
1.845924355348357437e+02
1.847796281014868498e+02
1.849710345949506802e+02
1.851681858457488943e+02
1.853688985092782673e+02
1.855739605810355215e+02
1.857834172214924422e+02
1.859958279210706280e+02
1.862119806752670002e+02
1.864319206445531734e+02
1.866542073193509168e+02
1.868788858601319021e+02
1.871060014273679428e+02
1.873348563465057168e+02
1.875662386130420032e+02
1.877987077173984858e+02
1.880330516550719437e+02
1.882685727515090548e+02
1.885045733321566388e+02
1.887418413925113896e+02
1.889789364229949626e+02
1.892166464191041939e+02
1.894542737062857327e+02
1.896911206099863705e+02
1.899279751257028863e+02
1.901641395788819011e+02
1.903989162949702347e+02
1.906316075994145081e+02
1.908637443227366361e+02
1.910931431203331954e+02
1.913213348227259871e+02
1.915468789203367237e+02
1.917690777386121113e+02
1.919894621080739512e+02
1.922058486841189335e+02
1.924197693809408065e+02
1.926297891073210735e+02
1.928359595257633998e+02
1.930383322987713370e+02
1.932369590888484083e+02
1.934311487234732567e+02
1.936202100301244400e+02
1.938049375063305888e+02
1.939846399795701188e+02
1.941593691123466954e+02
1.943284337321389614e+02
1.944918855014503549e+02
1.946490332477595473e+02
1.948006714685951124e+02
1.949461089914355227e+02
1.950846546437595066e+02
1.952178457581205464e+02
1.953435054919471838e+02
1.954631711777930434e+02
1.955754088081117175e+02
1.956810128804317515e+02
1.957800350572566970e+02
1.958710413310401464e+02
1.959548261993107303e+02
1.960314413245719720e+02
1.960994526992774070e+02
1.961596548209556090e+02
1.962120993521103003e+02
1.962560951202198964e+02
1.962916937877880059e+02
1.963196898523432026e+02
1.963386493063390787e+02
1.963486238122792713e+02
1.963504078676922404e+02
1.963433103000565723e+02
1.963273827718759321e+02
1.963019341106287925e+02
1.962677588138438125e+02
1.962241657089995499e+02
1.961712064585995279e+02
1.961081898901223326e+02
1.960359105010965948e+02
1.959544199540258091e+02
1.958630270763885619e+02
1.957625263657135406e+02
1.956522266494791609e+02
1.955314367551640942e+02
1.954016940153219366e+02
1.952623072574311038e+02
1.951133281439953748e+02
1.949540593778026221e+02
1.947852648329285046e+02
1.946062165887081505e+02
1.944169295595016251e+02
1.942174186596690504e+02
1.940084416385954569e+02
1.937885277405908937e+02
1.935591775500655274e+02
1.933189203113294070e+02
1.930692566087926423e+02
1.928087156867652823e+02
1.925387981296573230e+02
1.922580331817790693e+02
1.919671785925153813e+02
1.916669921112514317e+02
1.913560029822973547e+02
1.910349689550381811e+02
1.907046477788589698e+02
1.903635686980698267e+02
1.900132322970808332e+02
1.896529106552270605e+02
1.892818758518436084e+02
1.889016284713405867e+02
1.885114405930530381e+02
1.881120699663661071e+02
1.877020458355897290e+02
1.872828687851341556e+02
1.868538108943343445e+02
1.864156299125754686e+02
1.859683407542175360e+02
1.855119583336206404e+02
1.850464975651449890e+02
1.845719733631504766e+02
1.840884006419973389e+02
1.835972799860955149e+02
1.830963978047302589e+02
1.825872546823114533e+02
1.820706083682243559e+02
1.815449881067789306e+02
1.810111516473603501e+02
1.804691139043286796e+02
1.799188897920439274e+02
1.793612370598912378e+02
1.787961706222307043e+02
1.782229625583973984e+02
1.776431134528013729e+02
1.770558953847777275e+02
1.764613232686865558e+02
1.758601548539129169e+02
1.752516622197919389e+02
1.746365960905945656e+02
1.740149362551104275e+02
1.733866554770150685e+02
1.727517265199840040e+02
1.721108649827177715e+02
1.714633007938669209e+02
1.708104923871569554e+02
1.701509268562134309e+02
1.694868054697868729e+02
1.688166153215027805e+02
1.681418148450867136e+02
1.674616339691892222e+02
1.667767882925107301e+02
1.660865077437019295e+02
1.653922507564882096e+02
1.646932472595202057e+02
1.639902128514983701e+02
1.632823774610732812e+02
1.625711995219704704e+02
1.618551661278154370e+02
1.611364785473587347e+02
1.604136238742258627e+02
1.596873177071173870e+02
1.589590184797588392e+02
1.582264704507507247e+02
1.574918748888435687e+02
1.567544617226879495e+02
1.560149465509843481e+02
1.552733021374083364e+02
1.545287584106104077e+02
1.537827738043160650e+02
1.530345782471759151e+02
1.522848873378904386e+02
1.515336738401352079e+02
1.507816533526107605e+02
1.500287986389925265e+02
1.492743396279311128e+02
1.485197347531520506e+02
1.477649567783308839e+02
1.470099784671430712e+02
1.462547725832642413e+02
1.455000547253948184e+02
1.447450548221854660e+02
1.439912313073615735e+02
1.432378141095737192e+02
1.424847759924975037e+02
1.417328325548334078e+02
1.409819565602569469e+02
1.402328636074686301e+02
1.394847836251190358e+02
1.387384303544401973e+02
1.379937672717651935e+02
1.372514988309836497e+02
1.365108438159351465e+02
1.357732495155343031e+02
1.350371918785957064e+02
1.343041181940340039e+02
1.335739900807137701e+02
1.328460263224746143e+02
1.321216742082310986e+02
1.314001525218229176e+02
1.306821657171396112e+02
1.299676754130457823e+02
1.292566432284060625e+02
1.285490307820850830e+02
1.278455425279723698e+02
1.271461400849325685e+02
1.264507850718303388e+02
1.257594391075301843e+02
1.250728066459217729e+02
1.243901064708446995e+02
1.237127858712135691e+02
1.230400636308679765e+02
1.223726442036975328e+02
1.217104892085668553e+02
1.210535602643405326e+02
1.204018189898831537e+02
1.197552270040593498e+02
1.191144887607587322e+02
1.184795658788458894e+02
1.178496771421604166e+02
1.172262698396169469e+02
1.166085627550550612e+02
1.159972603423643847e+02
1.153915813853845123e+02
1.147922303380050266e+02
1.141999116541155672e+02
1.136131012825307209e+02
1.130332465121650927e+02
1.124603089618832996e+02
1.118935074155249509e+02
1.113335463269796293e+02
1.107803873151119376e+02
1.102332491637614993e+02
1.096935791618428908e+02
1.091613389282207578e+02
1.086357472467346952e+02
1.081167657362492776e+02
1.076050988506541586e+02
1.071007082088138844e+02
1.066035588772207063e+02
1.061136297128771560e+02
1.056309030204134132e+02
1.051561039394846233e+02
1.046884719396959866e+02
1.042279893256775978e+02
1.037753812370846731e+02
1.033298871435223418e+02
1.028922321846457919e+02
1.024623986650851464e+02
1.020396260544456055e+02
1.016246394923823431e+02
1.012174212835254536e+02
1.008179537325051314e+02
1.004254763089265481e+02
1.000414569874698572e+02
9.966513523774024463e+01
9.929649336436783358e+01
9.893477083695775320e+01
9.858143563019024214e+01
9.823572721367042959e+01
9.789762789202848126e+01
9.756786280491954244e+01
9.724492858692377695e+01
9.693029321272135235e+01
9.662245331689243244e+01
9.632287687411717059e+01
9.603080335400075285e+01
9.574547222614828001e+01
9.546835146523997651e+01
9.519868054088095732e+01
9.493644175770143079e+01
9.468087458530649769e+01
9.443344699837638245e+01
9.419265563149120624e+01
9.395996845933110819e+01
9.373388211647632318e+01
9.351512174258192545e+01
9.330292680725314369e+01
9.309876528517013128e+01
9.290039097588798711e+01
9.270927185408694982e+01
9.252539022439712824e+01
9.234798555642370843e+01
9.217704015479684188e+01
9.201253632414670847e+01
9.185445636910343126e+01
9.170278259429719014e+01
9.155749730435816502e+01
9.141858280391649316e+01
9.128602653481227946e+01
9.115909365270047715e+01
9.103779728547091565e+01
9.092289339603851772e+01
9.081290944224308248e+01
9.070934422202455494e+01
9.061146802824775648e+01
9.051929398880258759e+01
9.043209239655391229e+01
9.035061921441658228e+01
9.027488757028049804e+01
9.020416775701050938e+01
9.013773006747149452e+01
9.007707329960331322e+01
9.002146774627085790e+01
8.997092653536398643e+01
8.992471995974757704e+01
8.988286114731148757e+01
8.984610606097059815e+01
8.981372499358978700e+01
8.978573107305891199e+01
8.976213742726784517e+01
8.974295718410645861e+01
8.972746063643964476e+01
8.971566091215724725e+01
8.970831397417414621e+01
8.970394728033021181e+01
8.970331679354032417e+01
8.970643564169435535e+01
8.971331695268214901e+01
8.972323101936859757e+01
8.973619096964357311e+01
8.975146709637195386e+01
8.977055819749357113e+01
8.979199173084836616e+01
8.981652365935113380e+01
8.984342427586679491e+01
8.987270670828520736e+01
8.990438408449624319e+01
8.993846953238976027e+01
8.997423334483063684e+01
9.001243148473376721e+01
9.005233424496398698e+01
9.009395475341119663e+01
9.013730613796525404e+01
9.018165869149099478e+01
9.022776837690335583e+01
9.027490548706718698e+01
9.032382598489733994e+01
9.037305732823368487e+01
9.042335758709964466e+01
9.047475042492781938e+01
9.052577594220929313e+01
9.057868841456019027e+01
9.063128510744667210e+01
9.068433462643479004e+01
9.073786274206571534e+01
9.079115238985555436e+01
9.084422934034542152e+01
9.089786219910145348e+01
9.095133390163974241e+01
9.100392738347643729e+01
9.105641125017761794e+01
9.110881127228444143e+01
9.116041038531302831e+01
9.121123435980445038e+01
9.126130896629990730e+01
9.131065997534044243e+01
9.135857032244220477e+01
9.140580861317131678e+01
9.145165778304391324e+01
9.149614360260110857e+01
9.154003467740898259e+01
9.158187110795867625e+01
9.162242149981635464e+01
9.166096878849808149e+01
9.169828157956999348e+01
9.173364280854822539e+01
9.176782108099885704e+01
9.179935649741304360e+01
9.182901766335689331e+01
9.185683034937154900e+01
9.188282032599809668e+01
9.190627052875265690e+01
9.192720672817638672e+01
9.194565469481035791e+01
9.196238303422073557e+01
9.197593184689860379e+01
9.198706973841008505e+01
9.199582247929633638e+01
9.200147300507344994e+01
9.200478992130753397e+01
9.200505616351470906e+01
9.200229750223610381e+01
9.199653970801284686e+01
9.198855138641107487e+01
9.197687263792185774e+01
9.196227206811134636e+01
9.194403261249567549e+01
9.192292287664091077e+01
9.189896689490815618e+01
9.187143892191313910e+01
9.184035431111651349e+01
9.180572841597901856e+01
9.176831942498625949e+01
9.172665702154895939e+01
9.168224222917778832e+01
9.163360473128339834e+01
9.158224555137648792e+01
9.152669437286775178e+01
9.146770938424282349e+01
9.140456310393742001e+01
9.133801372043718914e+01
9.126733375217783362e+01
9.119328138764502967e+01
9.111587198029940282e+01
9.103363521355170462e+01
9.094807211091256249e+01
9.085919802584267302e+01
9.076554264175271669e+01
9.066860698215334935e+01
9.056766356548025954e+01
9.046347058021913767e+01
9.035455770978065004e+01
9.024242597767546670e+01
9.012634790233927617e+01
9.000559600220773859e+01
8.988167130079155243e+01
8.975384631652639200e+01
8.962287923789793354e+01
8.948729974831684331e+01
8.934786603626878332e+01
8.920459345521447858e+01
8.905749735861455463e+01
8.890733593495473031e+01
8.875263886764567189e+01
8.859416434517302719e+01
8.843267055602251503e+01
8.826743001862978133e+01
8.809771525143051463e+01
8.792502727793541339e+01
8.774938145160510317e+01
8.756930745585030706e+01
8.738630631418169514e+01
8.719965054503492752e+01
8.701009833689569462e+01
8.681692220819967076e+01
8.662013751240750992e+01
8.642050243800494513e+01
8.621728950342759390e+01
8.601051059139345512e+01
8.580164937169958250e+01
8.558847186827536291e+01
8.537320111520010357e+01
8.515434597142824202e+01
8.493264380098906940e+01
8.470808913288699671e+01
8.447993366110134161e+01
8.424965758468648858e+01
8.401576976259678986e+01
8.377975039388661571e+01
8.354010833751030418e+01
8.329832379252225394e+01
8.305364845290179687e+01
8.280607684765327292e+01
8.255634634080608691e+01
8.230370862633955653e+01
8.204890106828308660e+01
8.179117536061600902e+01
8.153201170239269402e+01
8.126991895256749387e+01
8.100563447516977078e+01
8.073989563422888693e+01
8.047121128869920881e+01
8.020106163763507823e+01
7.992869837501585550e+01
7.965411602984595163e+01
7.937805196615464354e+01
7.910050071294635643e+01
7.882071396420040799e+01
7.853942908394620304e+01
7.825664060118806731e+01
7.797234304493036916e+01
7.768727377920248500e+01
7.739994166295873868e+01
7.711182689525352885e+01
7.682218117006618741e+01
7.653174185142609076e+01
7.623976063331259923e+01
7.594697487975506078e+01
7.565337911975785801e+01
7.535896788232530241e+01
7.506299286143681115e+01
7.476693425614672606e+01
7.447078659545938706e+01
7.417305873832916063e+01
7.387597371883542507e+01
7.357804039593253265e+01
7.327925329862483750e+01
7.298109262596672409e+01
7.268206607889959514e+01
7.238364806641332905e+01
7.208434049938482246e+01
7.178561662879100425e+01
7.148672120053377910e+01
7.118838463056509624e+01
7.089059449981186845e+01
7.059259555417600041e+01
7.029437537458441909e+01
6.999740721201408178e+01
6.970093581236685054e+01
6.940420592154470114e+01
6.910943362554952785e+01
6.881437800023324769e+01
6.852051229657278952e+01
6.822708126047008648e+01
6.793481530787704514e+01
6.764370201972057828e+01
6.735372897692764127e+01
6.706414092540013883e+01
6.677641111611498559e+01
6.648978429497408627e+01
6.620424804290439624e+01
6.591978994083281407e+01
6.563714040471128897e+01
6.535554418044172564e+01
6.507573168397603069e+01
6.479769049624113109e+01
6.452140819816398221e+01
6.424612953564646034e+01
6.397332775966552276e+01
6.370224761612305997e+01
6.343287668594602025e+01
6.316520255006130924e+01
6.289995562442085486e+01
6.263712348995156276e+01
6.237595089255538738e+01
6.211716824818422111e+01
6.186002030274000418e+01
6.160523747217465029e+01
6.135355017244005893e+01
6.110346031441319781e+01
6.085569831404596641e+01
6.061062316977776732e+01
6.036792532852555127e+01
6.012781522172371496e+01
5.989020614679669308e+01
5.965523425167640426e+01
5.942281283378728318e+01
5.919307804106124848e+01
