# ee
2.238938808014676735e-02
3.826977939927668493e-02
4.515447645853166297e-02
4.221491053693833539e-02
3.300395826487401152e-02
2.223670999141291738e-02
1.341161877472550785e-02
7.915022460748908500e-03
5.384144090527672594e-03
4.613169960424632482e-03
4.438233826945850967e-03
4.193819248635839887e-03
3.754084543280109681e-03
3.300353058108812260e-03
3.057997557453328089e-03
3.070160113059313810e-03
3.309457539804285496e-03
3.662712958487818454e-03
4.012804157408902776e-03
4.359692351993953163e-03
4.747748495883031238e-03
5.239596841387819670e-03
5.893473045458835248e-03
6.713716546570636622e-03
7.691442058134502144e-03
8.804346424762047804e-03
1.002243217449150410e-02
1.135611621215229169e-02
1.282043867159629938e-02
1.440317121751872806e-02
1.610538128848247597e-02
1.791060287094456416e-02
1.983881977459637028e-02
2.187598742907528870e-02
2.402240881327462677e-02
2.630585873976941033e-02
2.873796920182014256e-02
3.132457676284731291e-02
3.407160150318577774e-02
3.698419835577506504e-02
4.006415736267921607e-02
4.331232953211306552e-02
4.672830519550121714e-02
5.031002276295686720e-02
5.405441577882079407e-02
5.796126683927026874e-02
6.202704967919690088e-02
6.624780331735773131e-02
7.062608751452836842e-02
7.516517665806352055e-02
7.986859534482644574e-02
8.473797450145183208e-02
8.977537977070905451e-02
9.498374622763666730e-02
1.003622535394300685e-01
1.059107095227573431e-01
1.116303831800583013e-01
1.175229782299075099e-01
1.235858512295336387e-01
1.298157122018583076e-01
1.362066850325749368e-01
1.427526817892042221e-01
1.494471798231325477e-01
1.562849606341497610e-01
1.632580788536060201e-01
1.703633314199361204e-01
1.775969619838078384e-01
1.849565183442926086e-01
1.924399830165965664e-01
2.000463314529137282e-01
2.077728595436402204e-01
2.156156825354873796e-01
2.235674379460897976e-01
2.316203285769476428e-01
2.397654742512596304e-01
2.479966183371723476e-01
2.563068559406656566e-01
2.646897168838540093e-01
2.731387309888517745e-01
2.816470645888870528e-01
2.902072994939115524e-01
2.988107845927213124e-01
3.074493034902470723e-01
3.161142050752850374e-01
3.247983939367926620e-01
3.334940420062203481e-01
3.421940074829105116e-01
3.508911485662056795e-01
3.595757151586408962e-01
3.682401786688900835e-01
3.768758980590872776e-01
3.854742802168324434e-01
3.940280361781291485e-01
4.025281381144431014e-01
4.109664276295084129e-01
4.193343116109253810e-01
4.276227622301592701e-01
4.358236210909447461e-01
4.439300339454197442e-01
4.519334076811845624e-01
4.598208020244932692e-01
4.675923181856373456e-01
4.752306687295254073e-01
4.827316077051028165e-01
4.900865419999698713e-01
4.972912256630721006e-01
5.043327184206639613e-01
5.112067743216909266e-01
5.179004530924071759e-01
5.244096023154891650e-01
5.307304437085352822e-01
5.368505982001828825e-01
5.427620338804153288e-01
5.484654131619073336e-01
5.539527041346421488e-01
5.592115277272571294e-01
5.642425463524272100e-01
5.690377281001356424e-01
5.735933882217110202e-01
5.779014948071370394e-01
5.819583631077424046e-01
5.857603083748562645e-01
5.892992986984617598e-01
5.925759964912334921e-01
5.955823698431550461e-01
5.983190811669009124e-01
6.007780985524544537e-01
6.029600844124901604e-01
6.048570068369915065e-01
6.064697181905198686e-01
6.077998306451825039e-01
6.088404520022825395e-01
6.096020787085050241e-01
6.100734714038072992e-01
6.102607793735291830e-01
6.101614575803189222e-01
6.097816553095164460e-01
6.091188275237703342e-01
6.081747763470746193e-01
6.069599982261149052e-01
6.054676009621938748e-01
6.037037338406514575e-01
6.016745461468274714e-01
5.993774928433704963e-01
5.968230703769660250e-01
5.940174280329538758e-01
5.909623679353285253e-01
5.876640393694296804e-01
5.841285916205970485e-01
5.803621805949472634e-01
5.763709886817012240e-01
5.721655520522025418e-01
5.677564068777947170e-01
5.631453950071293457e-01
5.583473997728957139e-01
5.533642630237455284e-01
5.482152152537139722e-01
5.429020983114527521e-01
5.374397955296510432e-01
5.318388430796521238e-01
5.261097771327994943e-01
5.202718281831280045e-01
5.143268380792894723e-01
5.082896901539731838e-01
5.021752677398680920e-01
4.959984541696634275e-01
4.897741327760484209e-01
4.835171868917120253e-01
4.772381526879977409e-01
4.709562606589403622e-01
4.646863941372292306e-01
4.584434364555532437e-01
4.522422709466016322e-01
4.461064752657550314e-01
4.400466153255840340e-01
4.340864174876048476e-01
4.282409435318697555e-01
4.225252552384305416e-01
4.169631087100308386e-01
4.115739128880683828e-01
4.063770767139409101e-01
4.013876619677005375e-01
3.966294247520906757e-01
3.921261211698548466e-01
3.878928130010451669e-01
3.839493439031939070e-01
3.803212088435828919e-01
3.770286861958790925e-01
3.740937931982876163e-01
3.715372429406100796e-01
3.693814873771861795e-01
3.676481090300867116e-01
3.663599945697859073e-01
3.655400306667582200e-01
3.652111039914778812e-01
3.653969706466885792e-01
3.661205173028647120e-01
3.674046306304804554e-01
3.692721973000102631e-01
3.717467014938608538e-01
3.748474967001489966e-01
3.785940992027891916e-01
3.830055905695615714e-01
3.881014870843804698e-01
3.939004355988913741e-01
4.004223871131434853e-01
4.076864231949166029e-01
4.157111906958561587e-01
4.245166406160113537e-01
4.341222892392966326e-01
4.445463487012228376e-01
4.558087700018390032e-01
4.679290694250598515e-01
4.809224160934539860e-01
4.948131081684163379e-01
5.096163147725156772e-01
5.253472050283209960e-01
5.420296423810923025e-01
5.596787959533984225e-01
5.783098348678080702e-01
5.979466225695817538e-01
6.185999810199426241e-01
6.402894265028045151e-01
6.630257809793913548e-01
6.868329078949629851e-01
7.117259763720880095e-01
7.377158083719896897e-01
7.648219201785827481e-01
7.930594809144356772e-01
8.224349653794257309e-01
8.529678898574676316e-01
8.846734234711299827e-01
9.175623881816361571e-01
9.516499531115545363e-01
9.869512873834538347e-01
1.023468518635866076e+00
1.061216815991359530e+00
1.100202654249812007e+00
1.140445549695137561e+00
1.181951977127213782e+00
1.224728411345917367e+00
1.268785674312472134e+00
1.314130240826754781e+00
1.360772932849988903e+00
1.408711530859359629e+00
1.457961203977436115e+00
1.508528427004095285e+00
1.560410980416523374e+00
1.613624033337288877e+00
1.668155931294001304e+00
1.724013793113459370e+00
1.781190955511539498e+00
1.839689449526810128e+00
1.899498264713801454e+00
1.960619432111082583e+00
2.023046288434529050e+00
2.086767823238672381e+00
2.151786067562079907e+00
2.218090010959284264e+00
2.285672990146159655e+00
2.354528341838584282e+00
2.424649402752434568e+00
2.496025162442240486e+00
2.568640263301188220e+00
2.642483694883807743e+00
2.717540099583283908e+00
2.793798466954148463e+00
2.871247786550932712e+00
2.949868353605475058e+00
3.029649157672305471e+00
3.110574841144610581e+00
3.192617004931537217e+00
3.275768985748962692e+00
3.360006731667381175e+00
3.445314885079975298e+00
3.531673741218587015e+00
3.619063595315054283e+00
3.707456048278524818e+00
3.796827048179493236e+00
3.887161237411143500e+00
3.978425869721277319e+00
4.070601240341736649e+00
4.163663297343012104e+00
4.257583641634252736e+00
4.352338221285951825e+00
4.447889942884566850e+00
4.544219101661935767e+00
4.641292951365860731e+00
4.739083092905489458e+00
4.837569821512661683e+00
4.936668224999031906e+00
5.036415111693931301e+00
5.136760346699781543e+00
5.237610323505541565e+00
5.339001850440546981e+00
5.440841320993760277e+00
5.543122071881056101e+00
5.645793968204856128e+00
5.748806875067575817e+00
5.852198476451151876e+00
5.955836072494089528e+00
6.059761725441324742e+00
6.163930554310878662e+00
6.268297678120770655e+00
6.372861687502481942e+00
6.477534229860576254e+00
6.582313895826527705e+00
6.687155804418360994e+00
6.791971603040639849e+00
6.896803353938298464e+00
7.001562704515900570e+00
7.106248245404924724e+00
7.210771624009935543e+00
7.315087959348953284e+00
7.419239313666913915e+00
7.523093862754921979e+00
7.626650197244458695e+00
7.729863436153541656e+00
7.832732170113652970e+00
7.935168046529354591e+00
8.037126184418667663e+00
8.138561702799611552e+00
8.239429720690207404e+00
8.339728828721938214e+00
8.439414145912820686e+00
8.538397319667417662e+00
8.636633469003752950e+00
8.734121184553302442e+00
8.830772113720630756e+00
8.926584847137219114e+00
9.021514503821084219e+00
9.115472731176788912e+00
9.208458119835817968e+00
9.300382317202728899e+00
9.391243913909001151e+00
9.480998028972658531e+00
9.569599781411719519e+00
9.657004290244204370e+00
9.743210146101594304e+00
9.828085524774992976e+00
9.911629016895881605e+00
9.993795741482276895e+00
1.007449734593874524e+01
1.015373242089676786e+01
1.023141261376090050e+01
1.030753651516262792e+01
1.038197230089305556e+01
1.045480550481057236e+01
1.052594777431974826e+01
1.059539977393514931e+01
1.066312699209027492e+01
1.072909699110170223e+01
1.079332080489947643e+01
1.085572252418672790e+01
1.091631318289350006e+01
1.097506034333637182e+01
1.103193156783193807e+01
1.108685094708331498e+01
1.113982951502055485e+01
1.119083483396024015e+01
1.123983446621895510e+01
1.128679597411328572e+01
1.133173039157327722e+01
1.137460528091551026e+01
1.141538820445657088e+01
1.145409019612650603e+01
1.149063534662844077e+01
1.152512163311933335e+01
1.155738620307539577e+01
1.158757050526704369e+01
1.161551168717049087e+01
1.164130772594269558e+01
1.166492618390024028e+01
1.168633462335971451e+01
1.170550060663770076e+01
1.172243516766423710e+01
1.173710586875592199e+01
1.174948027222932900e+01
1.175956941201450512e+01
1.176738432204149198e+01
1.177280562139996078e+01
1.177597475886033074e+01
1.177681582512572156e+01
1.177533985412618023e+01
1.177160135140521113e+01
1.176556787927939318e+01
1.175729394329223076e+01
1.174674710576030812e+01
1.173393840061366689e+01
1.171887886178235050e+01
1.170153605158294319e+01
1.168196447555894935e+01
1.166013169602695321e+01
1.163600527530353546e+01
1.160968319054565967e+01
1.158108953245644912e+01
1.155027880657940642e+01
1.151721857523111581e+01
1.148200681556853731e+01
1.144456798534825026e+01
1.140495842538099680e+01
1.136323484353097690e+01
1.131936700443547039e+01
1.127336814434522161e+01
1.122533844273788439e+01
1.117524766425073857e+01
1.112306557352106928e+01
1.106893582163998424e+01
1.101282817324477215e+01
1.095475586458617023e+01
1.089477560352837138e+01
1.083290062632212170e+01
1.076918764083161584e+01
1.070369335492105023e+01
1.063638753322771180e+01
1.056737035522924906e+01
1.049665505717640812e+01
1.042425487531992090e+01
1.035018304591053528e+01
1.027453974842590512e+01
1.019729474750330667e+01
1.011846127939348605e+01
1.003813952357409356e+01
9.956342716295871753e+00
9.873127565423013507e+00
9.788594250433181543e+00
9.702799479190570509e+00
9.615756487945917641e+00
9.527521984563419366e+00
9.438239620134194041e+00
9.347879159295517937e+00
9.256497309911591032e+00
9.164194251460068941e+00
9.070939748578231487e+00
8.976833980743737840e+00
8.881890184207323458e+00
8.786208538446645733e+00
8.689802279712441901e+00
8.592728115868911942e+00
8.495086226393709694e+00
8.396889847537577722e+00
8.298239158778168090e+00
8.199190867979677222e+00
8.099758211392844132e+00
8.000084840108785400e+00
7.900183990378240040e+00
7.800155841678861002e+00
7.700057101874845600e+00
7.599901007216936399e+00
7.499828488812613436e+00
7.399839182994473852e+00
7.300016949338399286e+00
7.200402175806813077e+00
7.101035250362138562e+00
7.001956560966800858e+00
6.903206495583223301e+00
6.804868913787284868e+00
6.706984203541413336e+00
6.609592752808030269e+00
6.512734949549559893e+00
6.416538124955340372e+00
6.321042666987796821e+00
6.226288963609353466e+00
6.132360874395890171e+00
6.039298787309831162e+00
5.947186561927058968e+00
5.856064586209994260e+00
5.765973248121064820e+00
5.676952935622693097e+00
5.589087508290758954e+00
5.502460825701146696e+00
5.417069804202820471e+00
5.332954831758203618e+00
5.250243239556636077e+00
5.168975415560542075e+00
5.089148276118887537e+00
5.010889152421012405e+00
4.934238432429337351e+00
4.859279975719747569e+00
4.785967227027748017e+00
4.714470989156139602e+00
4.644788178453883809e+00
4.577002654496865830e+00
4.511154805247509003e+00
4.447285018668234002e+00
4.385433682721467719e+00
4.325728128596548316e+00
4.268121801028984308e+00
4.212742031208115634e+00
4.159629207096364745e+00
4.108780245042698454e+00
4.060279004622998400e+00
4.014209345413145336e+00
3.970611655375563487e+00
3.929482850859219223e+00
3.890906791439994183e+00
3.854923865080312595e+00
3.821574459742596463e+00
3.790942435002728317e+00
3.763021500114945628e+00
3.737879479181490883e+00
3.715494045982961069e+00
3.695973289140326301e+00
3.679251410820726154e+00
3.665393028031674216e+00
3.654427980489916905e+00
3.646377413589509064e+00
3.641253778401814856e+00
3.639073873159544448e+00
3.639850148934060226e+00
3.643595056796726794e+00
3.650329742141598999e+00
3.660066656040041000e+00
3.672813902402070063e+00
3.688588279460395469e+00
3.707393543963690252e+00
3.729246494144664137e+00
3.754150886751988381e+00
3.782114825695681581e+00
3.813150762047107012e+00
3.847262452554937262e+00
3.884453653967844478e+00
3.924719428711808789e+00
3.968059186374157221e+00
4.014467989380870350e+00
4.063945247319275644e+00
4.116490369776697023e+00
4.172094072017772604e+00
4.230747069307133401e+00
4.292448771232110438e+00
4.357181198734643601e+00
4.424935067079369233e+00
4.495701091530922788e+00
4.569474334515284397e+00
4.646236816974395722e+00
4.725970559850204644e+00
4.808661931245994836e+00
4.894284257781022163e+00
4.982819560397228287e+00
5.074254207197904876e+00
5.168561524802298912e+00
5.265719186991013601e+00
5.365704867544643264e+00
5.468478851598403523e+00
5.574023160094238705e+00
5.682298078167360877e+00
5.793237807984912280e+00
5.906906966554404725e+00
6.023152812816064738e+00
6.142040589661540650e+00
6.263464157065197213e+00
6.387404944112453187e+00
6.513844379888729996e+00
6.642720421865980995e+00
6.774014499129630273e+00
6.907664569151633849e+00
7.043652061017411370e+00
7.181914932198922408e+00
7.322434611781586611e+00
7.465105585623904361e+00
7.609952754424751831e+00
7.756870604042631179e+00
7.905840563562961165e+00
8.056800590457701361e+00
8.209732113812270526e+00
8.364486147871714294e+00
8.521087593334902621e+00
8.679474407673803071e+00
8.839541076746915138e+00
9.001269029639654917e+00
9.164552752210529007e+00
9.329373673544951728e+00
9.495669751114885315e+00
9.663335470778829261e+00
9.832352261622206768e+00
1.000261460950351555e+01
1.017406047189471963e+01
1.034667127788123686e+01
1.052029804170810579e+01
1.069492219246075315e+01
1.087043821599767668e+01
1.104678406979083682e+01
1.122394118292565324e+01
1.140171709803371058e+01
1.158013671581388770e+01
1.175909452212468231e+01
1.193848500282460279e+01
1.211824611538560781e+01
1.229831581727965428e+01
1.247858859436524881e+01
1.265900240411434829e+01
1.283945173238546111e+01
1.301987453665054062e+01
1.320016530276809341e+01
1.338026198821007817e+01
1.356005907883499972e+01
1.373945106050135934e+01
1.391841936229457488e+01
1.409681499845968844e+01
1.427458064045594455e+01
1.445163434407824710e+01
1.462794235072222548e+01
1.480342743017007123e+01
1.497801235220395988e+01
1.515166335821953680e+01
1.532434668961243673e+01
1.549594164455138134e+01
1.566641446443201602e+01
1.583568791903651807e+01
1.600364130653360917e+01
1.617028433993239389e+01
1.633553978901504422e+01
1.649933042356375168e+01
1.666157901336069003e+01
1.682225179980150287e+01
1.698131502428183026e+01
1.713873492819730515e+01
1.729434733810319713e+01
1.744820543862206819e+01
1.760023199953608497e+01
1.775026284740052418e+01
1.789835116683794425e+01
1.804437625601705619e+01
1.818830435633350717e+01
1.833001476595602242e+01
1.846947372628023132e+01
1.860660400708833251e+01
1.874137184977595183e+01
1.887374349573873289e+01
1.900355477153193817e+01
1.913085886177812966e+01
1.925553506464601838e+01
1.937750614991780296e+01
1.949678183060256842e+01
1.961324140486904355e+01
1.972689458572632049e+01
1.983762067134312801e+01
1.994542937472855826e+01
2.005019999405134001e+01
2.015194224232057252e+01
2.025053541770496679e+01
2.034598923321363628e+01
2.043822645862875120e+01
2.052712639211903678e+01
2.061269874669359226e+01
2.069486629213460205e+01
2.077355179822424347e+01
2.084876497797161221e+01
2.092042860115889624e+01
2.098855619547700257e+01
2.105313307573067760e+01
2.111414837140648260e+01
2.117159121199097171e+01
2.122540725535725770e+01
2.127567257421880598e+01
2.132233282644872574e+01
2.136537714153357115e+01
2.140475117734645139e+01
2.144048753498737270e+01
2.147253187232945137e+01
2.150087331885924158e+01
2.152554447567676021e+01
2.154649100065511291e+01
2.156374549489431658e+01
2.157729708788092182e+01
2.158717838071495976e+01
2.159333503126952536e+01
2.159575616903117989e+01
2.159451786671340656e+01
2.158960925380275242e+01
2.158097598817232665e+01
2.156869414253560890e+01
2.155275284637914979e+01
2.153314122918951767e+01
2.150989189206672592e+01
2.148303743611079497e+01
2.145252351919481981e+01
2.141838274241882800e+01
2.138064770688283289e+01
2.133926407045993301e+01
2.129430790586361155e+01
2.124572487096696705e+01
2.119359103848347559e+01
2.113798248112661327e+01
2.107888832838293780e+01
2.101642812457938447e+01
2.095054752758905181e+01
2.088136608173887154e+01
2.080895985974232687e+01
2.073327451947251632e+01
2.065438613364291598e+01
2.057232730335353921e+01
2.048717410131786920e+01
2.039891565702245302e+01
2.030754109995386614e+01
2.021321344605249237e+01
2.011587835319143025e+01
2.001561189408416297e+01
1.991249014144415597e+01
1.980654382723616891e+01
1.969779620688385791e+01
1.958635560990255087e+01
1.947219995096718037e+01
1.935543755959307077e+01
1.923608982206861029e+01
1.911426506790913038e+01
1.898989774017609733e+01
1.886318311161175743e+01
1.873409909689104325e+01
1.860271055391581640e+01
1.846908234058792786e+01
1.833323584319578714e+01
1.819527939125470795e+01
1.805523437105308560e+01
1.791312216887931896e+01
1.776900764263527321e+01
1.762295565022279931e+01
1.747507452115721449e+01
1.732538564172691764e+01
1.717404081306068520e+01
1.702106142144691248e+01
1.686659926801437592e+01
1.671071921066493005e+01
1.655348610730043291e+01
1.639496481582274257e+01
1.623526366574717983e+01
1.607440404336212936e+01
1.591253774979638358e+01
1.574964269972486619e+01
1.558587069427636074e+01
1.542124311973926964e+01
1.525591177724235514e+01
1.508985458146056935e+01
1.492326680513613901e+01
1.475621330617091864e+01
1.458871547085331422e+01
1.442092510031209152e+01
1.425290705244911216e+01
1.408476965677968984e+01
1.391662124281914359e+01
1.374852666846932969e+01
1.358059426324556007e+01
1.341293235666314665e+01
1.324564927823741023e+01
1.307880988587021065e+01
1.291252250907685806e+01
1.274685200575921051e+01
1.258190670543258527e+01
1.241779493761229247e+01
1.225457531980547365e+01
1.209232497955380836e+01
1.193107133239080397e+01
1.177088526546342528e+01
1.161188113753208917e+01
1.145408636413030301e+01
1.129761530401848368e+01
1.114245190111668116e+01
1.098875398579877327e+01
1.083654897359826386e+01
1.068590775166211415e+01
1.053685773552383331e+01
1.038946981233037903e+01
1.024377139761526045e+01
1.009987685013889802e+01
9.957813585434788450e+00
9.817565547422988814e+00
9.679290566477373403e+00
9.543059529744905234e+00
9.408899852759084581e+00
9.276882422666881567e+00
9.147121598228709516e+00
9.019644794978077584e+00
8.894522900061947013e+00
8.771826800627279042e+00
8.651627383821038464e+00
8.533952065176730883e+00
8.418871731841315764e+00
8.306413799348298710e+00
8.196692626458101927e+00
8.089692157090775382e+00
7.985483278393270545e+00
7.884136877512560204e+00
7.785680369982146409e+00
7.690141171335532988e+00
7.597590168719683845e+00
7.508054777668102808e+00
7.421605885327755558e+00
7.338314378845600672e+00
7.258207673755143752e+00
7.181400128816806117e+00
7.107962631177550783e+00
7.037966067984338991e+00
6.971437854770674569e+00
6.908492350296979723e+00
6.849113498483302642e+00
6.793328714863145379e+00
6.741165414970013536e+00
6.692651014337416271e+00
6.647812928498852969e+00
6.606631088679803199e+00
6.569069375327468485e+00
6.535261542648306943e+00
6.505123986781492285e+00
6.478790461933486178e+00
6.456220835856917084e+00
6.437461919531330068e+00
6.422560523936272858e+00
6.411519988437832218e+00
6.404343652402092246e+00
6.401034855195146811e+00
6.401509992956165185e+00
6.405815876664694208e+00
6.413912374073360567e+00
6.425759352934798940e+00
6.441403624228551728e+00
6.460805055707250055e+00
6.483966986736983351e+00
6.510849285070379189e+00
6.541542233300443598e+00
6.575962227566344076e+00
6.614156078847631015e+00
6.656083654896933766e+00
6.701748295080338202e+00
6.751109867150475452e+00
6.804171710473434054e+00
6.860850221188385056e+00
6.921148738661417887e+00
6.985027130645161897e+00
7.052488736505704736e+00
7.123449952382220118e+00
7.197914117640795695e+00
7.275884571647517340e+00
7.357321182155017958e+00
7.442183816915925121e+00
7.530475815296328257e+00
7.622157045048858492e+00
7.717187373926144289e+00
7.815483198067359361e+00
7.917004385225133056e+00
8.021667331538639090e+00
8.129431904760505034e+00
8.240214501029909044e+00
8.353931516486017728e+00
8.470586290494921400e+00
8.590138690809252964e+00
8.712592056795097406e+00
8.837862784591624887e+00
8.965954213564931052e+00
9.096826211467636369e+00
9.230485023237751108e+00
9.366774629647117933e+00
9.505672331879862824e+00
9.647068487893204036e+00
9.790896927257813687e+00
9.937091479544363892e+00
1.008549903109661905e+01
1.023614035471215722e+01
1.038890580834819843e+01
1.054381616480233497e+01
1.070080525364523361e+01
1.085980690444757180e+01
1.102088536162039034e+01
1.118393098312090750e+01
1.134892107013325457e+01
1.151578945222810724e+01
1.168446995897613405e+01
1.185485294833455150e+01
1.202687224987403170e+01
1.220050516477870772e+01
1.237559857939233332e+01
1.255208632328558771e+01
1.272985875441568204e+01
1.290889317396675118e+01
1.308907993989600449e+01
1.327030941016066024e+01
1.345247194271793489e+01
1.363550136713849881e+01
1.381933151299302942e+01
1.400385273823873966e+01
1.418899887244630342e+01
1.437474721679984846e+01
1.456094465764313384e+01
1.474761196777375183e+01
1.493463950514891003e+01
1.512191762772583203e+01
1.530942363668864736e+01
1.549704788999456362e+01
1.568463727398735053e+01
1.587216908985112518e+01
1.605953369554311649e+01
1.624662144902053384e+01
1.643336617985404757e+01
1.661957130277395933e+01
1.680525759057785962e+01
1.699022845799605008e+01
1.717441773459920284e+01
1.735771577834452728e+01
1.753996947557578778e+01
1.772115612747711211e+01
1.790108630391751987e+01
1.807977308177467179e+01
1.825714974983806016e+01
1.843314959689715593e+01
1.860770591174143362e+01
1.878083892638727903e+01
1.895239498639725895e+01
1.912235085217429997e+01
1.929072675573480211e+01
1.945741251425476648e+01
1.962234141652368891e+01
1.978549022294448534e+01
1.994683569392010014e+01
2.010626764662654509e+01
2.026376284146675033e+01
2.041929803884365313e+01
2.057271958431980963e+01
2.072404770991161982e+01
2.087317223279509193e+01
2.102006991337315611e+01
2.116463056882183480e+01
2.130683095954407236e+01
2.144664784594278117e+01
2.158401451680744643e+01
2.171882078931408699e+01
2.185108689547908867e+01
2.198070265247847388e+01
2.210768829232863197e+01
2.223193363220557117e+01
2.235337196089877665e+01
2.247198003881118922e+01
2.258769115473226563e+01
2.270048206906494670e+01
2.281019912737179922e+01
2.291686256166920188e+01
2.302036218913318066e+01
2.312071824178011425e+01
2.321786400839949849e+01
2.331173277778079012e+01
2.340221436710001157e+01
2.348937247998702205e+01
2.357309693361781910e+01
2.365332101678189147e+01
2.373006496149562494e+01
2.380326205654849758e+01
2.387288906234344310e+01
2.393883579605647327e+01
2.400116596131744373e+01
2.405981284691581834e+01
2.411470974164108227e+01
2.416579392696548823e+01
2.421310559831931641e+01
2.425660200058872817e+01
2.429628385027331916e+01
2.433210839225923650e+01
2.436407634304609715e+01
2.439218841913350388e+01
2.441648880863452220e+01
2.443693475643529922e+01
2.445361392226235253e+01
2.446644007938838428e+01
2.447550088753990494e+01
2.448079706321653859e+01
2.448228585130441814e+01
2.448005491153007185e+01
2.447401801716619119e+01
2.446421935632584166e+01
2.445065964550862603e+01
2.443333960121416126e+01
2.441221646832858383e+01
2.438742137819188116e+01
2.435886810407674119e+01
2.432660083409624008e+01
2.429070722797688475e+01
2.425110105899136670e+01
2.420791345847967690e+01
2.416105819971450686e+01
2.411066641403582977e+01
2.405673881794324842e+01
2.399923265632291347e+01
2.393832253212827510e+01
2.387392221863201414e+01
2.380616284717411446e+01
2.373500166264071964e+01
2.366048285314489874e+01
2.358265060679971725e+01
2.350154911171823713e+01
2.341713561278660904e+01
2.332954124134480978e+01
2.323867977066553436e+01
2.314463886047530750e+01
2.304750617050064676e+01
2.294723894562769928e+01
2.284396831719644894e+01
2.273773847331996123e+01
2.262859360211129456e+01
2.251653442007006234e+01
2.240164858692278571e+01
2.228402376239597871e+01
2.216366066298926540e+01
2.204059998251973340e+01
2.191486843762064396e+01
2.178648925062930530e+01
2.165548564388301145e+01
2.152188083971905641e+01
2.138578500370166680e+01
2.124730830139504789e+01
2.110656089836341565e+01
2.096365296017098601e+01
2.081873812399542700e+01
2.067183961217403976e+01
2.052311106188449585e+01
2.037253222385063722e+01
2.022012632040976499e+01
2.006582963067226189e+01
1.990970884858888468e+01
1.975165678165655692e+01
1.959169665221258327e+01
1.942989515420771340e+01
1.926623203836579634e+01
1.910094788509141495e+01
1.893406591672186678e+01
1.876573977043482699e+01
1.859607961179451152e+01
1.842523907797858485e+01
1.825328486293781083e+01
1.808028366062294268e+01
1.790630216498473359e+01
1.773140706997395455e+01
1.755562159792788535e+01
1.737905591441075615e+01
1.720173324175985385e+01
1.702372027392594234e+01
1.684508370485978190e+01
1.666597717173903348e+01
1.648646736851446093e+01
1.630666446075027665e+01
1.612667861401070368e+01
1.594661999385993489e+01
1.576651182263528916e+01
1.558650773751443097e+01
1.540654401760774661e+01
1.522673082847944492e+01
1.504709139246683058e+01
1.486760546029374552e+01
1.468842666913786132e+01
1.450949129810955540e+01
1.433095298438650644e+01
1.415300883675984345e+01
1.397576902079377703e+01
1.379937980762504068e+01
1.362387106099969358e+01
1.344943916507668469e+01
1.327615008917458717e+01
1.310402633099852210e+01
1.293309038825360169e+01
1.276340823025840976e+01
1.259500235471806562e+01
1.242789525933767791e+01
1.226215291343582869e+01
1.209779781471763727e+01
1.193489593250167857e+01
1.177342629287960918e+01
1.161349833678346499e+01
1.145513456191837243e+01
1.129835746598943302e+01
1.114323301831523416e+01
1.098982718821435078e+01
1.083816247339190042e+01
1.068830484316645801e+01
1.054027679524314109e+01
1.039418777055398380e+01
1.025006026680410365e+01
1.010796025331207737e+01
9.967953699396483458e+00
9.830063102762434113e+00
9.694310961115052194e+00
9.560806715386371835e+00
9.429572863281507011e+00
9.300631902505578807e+00
9.174093273990619579e+00
9.049936003828291220e+00
8.928226061337170449e+00
8.809029415835828658e+00
8.692368565029388705e+00
8.578266006622966344e+00
8.466744238321679106e+00
8.357912701057564675e+00
8.251793892535737029e+00
8.148366838847859839e+00
8.047740980925965459e+00
7.949938816475170533e+00
7.855026314814050004e+00
7.763025973647727618e+00
7.674003762294773878e+00
7.587982178460309868e+00
7.505027191462909641e+00
7.425117827394235093e+00
7.348363527186319466e+00
7.274743316930823767e+00
7.204232425118039629e+00
7.136921304673169431e+00
7.072809667693124247e+00
7.011897226274822259e+00
6.954140220901721570e+00
6.899581835284195996e+00
6.848221781519159279e+00
6.800059771703530487e+00
6.755138989547680772e+00
6.713415675535069127e+00
6.674933013376069368e+00
6.639603771940681298e+00
6.607514606552737924e+00
6.578665229309151208e+00
6.552968409079927170e+00
6.530510801188889936e+00
6.511205174506046411e+00
6.495094712741768639e+00
6.482179127992971246e+00
6.472371189129654034e+00
6.465757551475650899e+00
6.462250983900960755e+00
6.461851198502500004e+00
6.464601378990641578e+00
6.470414294235385277e+00
6.479289656333648395e+00
6.491227177382349112e+00
6.506226569478396726e+00
6.524244073105256447e+00
6.545235928746381937e+00
6.569201848498692264e+00
6.596141544459101169e+00
6.626011257111068531e+00
6.658767226938050676e+00
6.694365694423507485e+00
6.732806371664354472e+00
6.774045499144048854e+00
6.818039317346051398e+00
6.864744066753818430e+00
6.914159459464265467e+00
6.966198264347394087e+00
7.020860193500120694e+00
7.078101487405904280e+00
7.137878386548200282e+00
7.200147131410468582e+00
7.264863962476168169e+00
7.331985120228757147e+00
7.401466845151693619e+00
7.473221906114976498e+00
7.547206543602066553e+00
7.623423951813949273e+00
7.701804310140968113e+00
7.782324751690998355e+00
7.864962409571915281e+00
7.949607473664672241e+00
8.036324020304061122e+00
8.125002239371037049e+00
8.215662735586937160e+00
8.308195698832710363e+00
8.402621733829695572e+00
8.498874502072304438e+00
8.596887665054952166e+00
8.696638355885514926e+00
8.798103707671861784e+00
8.901173910294954084e+00
9.005869568476121856e+00
9.112080872096322892e+00
9.219784954263433363e+00
9.328958948085320557e+00
9.439449571829490182e+00
9.551320901830727905e+00
9.664463127969993295e+00
9.778809911741701555e+00
9.894338386253727080e+00
1.001098221300048152e+01
1.012863158186292623e+01
1.024726362594893558e+01
1.036685547836637689e+01
1.048729732899621858e+01
1.060852283933286699e+01
1.073046567087074088e+01
1.085310295671771463e+01
1.097632488675474605e+01
1.110010859408970774e+01
1.122430079699010008e+01
1.134892210017725489e+01
1.147386269353212462e+01
1.159905623854913514e+01
1.172443639672269633e+01
1.184993682954722338e+01
1.197544772690367587e+01
1.210094622189992464e+01
1.222636597603039021e+01
1.235155370756256943e+01
1.247648654960433667e+01
1.260109816365010538e+01
1.272532221119429430e+01
1.284900541050440204e+01
1.297216836630176218e+01
1.309465779685387155e+01
1.321645785519736727e+01
1.333749383085702789e+01
1.345769803328638758e+01
1.357713318677935810e+01
1.369564465756255522e+01
1.381329516992989781e+01
1.392993009010800343e+01
1.404565561400424301e+01
1.416031710784523590e+01
1.427393382431143642e+01
1.438643807285638232e+01
1.449780563454706517e+01
1.460801229045048366e+01
1.471703382163363116e+01
1.482475906593659154e+01
1.493120727603981379e+01
1.503631076139683387e+01
1.514004530307465046e+01
1.524234321052679952e+01
1.534318026482027797e+01
1.544248877540861642e+01
1.554028799497227809e+01
1.563646676135133262e+01
1.573104432722624146e+01
1.582395300205053346e+01
1.591516856689120907e+01
1.600462333120180958e+01
1.609233654766277866e+01
1.617824052572766291e+01
1.626231104646344505e+01
1.634448041932367346e+01
1.642476789698880069e+01
1.650301884568544608e+01
1.657929598970751783e+01
1.665353163850855012e+01
1.672570157315555051e+01
1.679569463148858688e+01
1.686357353780157808e+01
1.692922712993459555e+01
1.699263118895464331e+01
1.705380496754216679e+01
1.711268077515070729e+01
1.716919092123380253e+01
1.722335465847190150e+01
1.727506082470508986e+01
1.732437214422726868e+01
1.737117745487852716e+01
1.741549600933931430e+01
1.745721664544971219e+01
1.749635861589016628e+01
1.753294467625331166e+01
1.756688117894006140e+01
1.759820839410389937e+01
1.762696659189828452e+01
1.765310909924977523e+01
1.767663271469838904e+01
1.769753423678413995e+01
1.771589740727395323e+01
1.773158860986746177e+01
1.774473505794505357e+01
1.775524660681983846e+01
1.776312005503181268e+01
1.776839567273446008e+01
1.777111373008124673e+01
1.777118408238526115e+01
1.776864699979999074e+01
1.776354275247889092e+01
1.775586813896197924e+01
1.774561995778926971e+01
1.773283847911423550e+01
1.771747702986342432e+01
1.769957588019031647e+01
1.767913182863491173e+01
1.765618514535069394e+01
1.763077610049112565e+01
1.760285802098276164e+01
1.757251464859253787e+01
1.753969931024699491e+01
1.750440880448616099e+01
1.746677034469041345e+01
1.742665031455939229e+01
1.738417592747348550e+01
1.733934398197270355e+01
1.729210780498360123e+01
1.724255113827311447e+01
1.719067078038124308e+01
1.713655047307492296e+01
1.708014354328071249e+01
1.702153373276552983e+01
1.696076131168285173e+01
1.689782307857269217e+01
1.683280277520197643e+01
1.676574067172417060e+01
1.669659009506584013e+01
1.662543478699390320e+01
1.655231501766184010e+01
1.647722758560965062e+01
1.640025623260427068e+01
1.632135428557225865e+01
1.624064895789399188e+01
1.615809042558047182e+01
1.607383361904775754e+01
1.598781295972906413e+01
1.590004981228450909e+01
1.581065248460113537e+01
1.571959886972561904e+01
1.562691033231808291e+01
1.553265170865211076e+01
1.543680089177437331e+01
1.533942271795845436e+01
1.524053855186448203e+01
1.514016975815258093e+01
1.503833770148288096e+01
1.493510721812896236e+01
1.483054314436441423e+01
1.472462337323590198e+01
1.461749968424392598e+01
1.450910649882170134e+01
1.439959559646972131e+01
1.428894487023466020e+01
1.417721915639010177e+01
1.406448329120962804e+01
1.395075863935337068e+01
1.383611003709490461e+01
1.372051537748091121e+01
1.360408296839842635e+01
1.348683417450757105e+01
1.336879036046848412e+01
1.325005983416819788e+01
1.313066396026684579e+01
1.301066757503800808e+01
1.289009204314181467e+01
1.276900220085184579e+01
1.264750635605514439e+01
1.252558240179838478e+01
1.240333864596860103e+01
1.228079645322592839e+01
1.215806413145740095e+01
1.203511957370969476e+01
1.191211455948330666e+01
1.178898351021144286e+01
1.166592167700807181e+01
1.154286348130639617e+01
1.141996070260691454e+01
1.129719123395630120e+01
1.117466338324160269e+01
1.105239851512293647e+01
1.093046146587388634e+01
1.080896054338150414e+01
1.068796058391936654e+01
1.056747667205977592e+01
1.044758571525064816e+01
1.032827139762516033e+01
1.020969128977031382e+01
1.009174213259236907e+01
9.974538025064875413e+00
9.858106122934460203e+00
9.742386638720848424e+00
9.627493671397582276e+00
9.513454376711296234e+00
9.400252438795158483e+00
9.287915013395810604e+00
9.176512727873333830e+00
9.066029266360910555e+00
8.956535256218627339e+00
8.848057853193115108e+00
8.740624213031008338e+00
8.634218019865478766e+00
8.528953372670073918e+00
8.424857427191431825e+00
8.321870395949265031e+00
8.220149849530576702e+00
8.119636000455086489e+00
8.020399476082886281e+00
7.922467432160604339e+00
7.825910496048331666e+00
7.730668880265786136e+00
7.636856683786512612e+00
7.544457590743690822e+00
7.453542228497406441e+00
7.364050809567379119e+00
7.276097432927155495e+00
7.189665782709905528e+00
7.104783014662269025e+00
7.021519756144332547e+00
6.939903162902726130e+00
6.859960390684086029e+00
6.781718595235040503e+00
6.705204932302223142e+00
6.630490029245726724e+00
6.557557570198724761e+00
6.486478182521302926e+00
6.417235550346639172e+00
6.349856829421367088e+00
6.284412647105572347e+00
6.220843215918977265e+00
6.159262634835124928e+00
6.099654587987192400e+00
6.042046231121808830e+00
5.986464719985612248e+00
5.932934040185940283e+00
5.881465496772982249e+00
5.832023753044179415e+00
5.784660415523886101e+00
5.739383619123000990e+00
5.696201498752423653e+00
5.655035246096134394e+00
5.615979939291947609e+00
5.578956770023845380e+00
5.544017344816184689e+00
5.511126326966408584e+00
5.480335322998868719e+00
5.451608996211006364e+00
5.424955481513721089e+00
5.400339442204451501e+00
5.377812484807551918e+00
5.357339272620470716e+00
5.338927940554097695e+00
5.322586623519334204e+00
5.308279984813621510e+00
5.296016159347855634e+00
5.285803282032935257e+00
5.277562544552846013e+00
5.271389025045397858e+00
5.267203915194574648e+00
5.265015349911276843e+00
5.264787992492942159e+00
5.266529977850468391e+00
5.270205969281298586e+00
5.275824101696329649e+00
5.283392510006460263e+00
5.292875857509129922e+00
5.304238807501778119e+00
5.317446023281849676e+00
5.332549111373696249e+00
5.349469263461302582e+00
5.368171142842109056e+00
5.388706356040471768e+00
5.411039566353829322e+00
5.435091965466167352e+00
5.460871688288381876e+00
5.488343398117915051e+00
5.517471758252205483e+00
5.548264903602154519e+00
5.580687497465198987e+00
5.614704203138781935e+00
5.650279683920343743e+00
5.687378603107323904e+00
5.726009095610621102e+00
5.766092353114218305e+00
5.807639132674161431e+00
5.850583736700159854e+00
5.894950032973989451e+00
5.940718417663965134e+00
5.987825815324944401e+00
6.036296093738706681e+00
6.086109649073560668e+00
6.137159934270914441e+00
6.189514288725992408e+00
6.243153108607116586e+00
6.297969846855685283e+00
6.353988371253469936e+00
6.411189077968793448e+00
6.469508891556507990e+00
6.528971679798390326e+00
6.589514367249298843e+00
6.651073878464091038e+00
6.713717552837998426e+00
6.777295371698966342e+00
6.841874674442223636e+00
6.907348914009172169e+00
6.973741958181586931e+00
7.040947259900868005e+00
7.109032158562246018e+00
7.177846635493665417e+00
7.247458030090357717e+00
7.317759795293723890e+00
7.388688855658621435e+00
7.460312550580281865e+00
7.532480861386649629e+00
7.605261127472955351e+00
7.678503330167143481e+00
7.752231337250987231e+00
7.826382073279344986e+00
7.900935934420532547e+00
7.975786373615950886e+00
8.050957258647375880e+00
8.126385514069664140e+00
8.202008064437674051e+00
8.277805305919722301e+00
8.353670691457210751e+00
8.429628088831909949e+00
8.505614422598684499e+00
8.581523145698932709e+00
8.657378125914423350e+00
8.733116287800024580e+00
8.808631084297129377e+00
8.883946383187513618e+00
8.958955637412579165e+00
9.033639243140642705e+00
9.107939494793207302e+00
9.181820166258358284e+00
9.255293872904278629e+00
9.328286286872248922e+00
9.400853495143904226e+00
9.472877698247060607e+00
9.544414983163367339e+00
9.615434493647551761e+00
9.685861901840883803e+00
9.755709823111549994e+00
9.824947401214283005e+00
9.893587251517269365e+00
9.961555046161777227e+00
1.002881992890254104e+01
1.009543798672120296e+01
1.016133489175903293e+01
1.022647978777076183e+01
1.029084181851112056e+01
1.035443359934829211e+01
1.041718080242355349e+01
1.047909604310508946e+01
1.054019193676108301e+01
1.060035068391935553e+01
1.065958489994809177e+01
1.071786372860201908e+01
1.077519978524932398e+01
1.083156221364473737e+01
1.088687668592952917e+01
1.094115581747189125e+01
1.099436875202654740e+01
1.104648463334823383e+01
1.109751607680512642e+01
1.114734528292505189e+01
1.119602833868964709e+01
1.124353438785364467e+01
1.128978910255831458e+01
1.133476162655838593e+01
1.137850804683550443e+01
1.142091056391748438e+01
1.146202526478596972e+01
1.150177782158223039e+01
1.154018084967445823e+01
1.157716002120392318e+01
1.161277142315226918e+01
1.164689725604730697e+01
1.167955013525722840e+01
1.171074267615021824e+01
1.174044402248100916e+01
1.176857984639086929e+01
1.179516276324798696e+01
1.182016476783163661e+01
1.184356925901927937e+01
1.186540595832638090e+01
1.188566111565494943e+01
1.190427750929353046e+01
1.192132833237104528e+01
1.193679983478950746e+01
1.195063479483746249e+01
1.196290640564382990e+01
1.197355744549716228e+01
1.198261763591292350e+01
1.199007322679312182e+01
1.199595393965321932e+01
1.200024602439522248e+01
1.200293573092113952e+01
1.200400930913297870e+01
1.200353995215965952e+01
1.200147043828973281e+01
1.199778701742520681e+01
1.199256288269500104e+01
1.198569734077420890e+01
1.197730705640520910e+01
1.196733480787654713e+01
1.195576684509024012e+01
1.194267636117520048e+01
1.192804960603344355e+01
1.191187282956696514e+01
1.189421922490469719e+01
1.187503157033518519e+01
1.185433958737389482e+01
1.183217299753628815e+01
1.180856152233782908e+01
1.178344794006707197e+01
1.175690544385293634e+01
1.172887681198397125e+01
1.169943523758909620e+01
1.166856697057032122e+01
1.163625826082965276e+01
1.160258230149601566e+01
1.156752534247141107e+01
1.153111710527130640e+01
1.149334383979770990e+01
1.145423526756608368e+01
1.141382111009189160e+01
1.137208761727714190e+01
1.132910798225076121e+01
1.128486845491474888e+01
1.123939875678457412e+01
1.119272860937569902e+01
1.114484426259013006e+01
1.109581692398737651e+01
1.104562291562235465e+01
1.099423657398057763e+01
1.094176265038792195e+01
1.088813200971643447e+01
1.083340593167853605e+01
1.077755875275973629e+01
1.072060828105899510e+01
1.066257232467527594e+01
1.060351216332100499e+01
1.054348907670859781e+01
1.048243392971011012e+01
1.042040800203795214e+01
1.035747257340455540e+01
1.029364545190888158e+01
1.022890097403642962e+01
1.016325694788617184e+01
1.009677465317052558e+01
1.002942842637499510e+01
9.961323018825465780e+00
9.892345823780519964e+00
9.822645064179500451e+00
9.752195076507913285e+00
9.681013668864720145e+00
9.609162120962338349e+00
9.536701712513195872e+00
9.463563308389337791e+00
9.389851659916644167e+00
9.315584575194078454e+00
9.240736390707144920e+00
9.165411857781725402e+00
9.089585312903322389e+00
9.013318035784362081e+00
8.936627834523802605e+00
8.859489045607155333e+00
8.782006420360294996e+00
8.704241238495644239e+00
8.626124364885253470e+00
8.547760550854995643e+00
8.469211076117296955e+00
8.390493748771122640e+00
8.311626376915434378e+00
8.232670240262651262e+00
8.153686618525195939e+00
8.074649848188576229e+00
7.995577737351752035e+00
7.916618508954063493e+00
7.837703027867557459e+00
7.758892573804655690e+00
7.680204954864320754e+00
7.601740531752413155e+00
7.523495159467795901e+00
7.445460302389317775e+00
7.367627424895818677e+00
7.290074934593062217e+00
7.212794295859893623e+00
7.135820444688614650e+00
7.059101373844612226e+00
6.982715490933646407e+00
6.906697731948022501e+00
6.830996089653124770e+00
6.755688971654715047e+00
6.680767842331641226e+00
6.606267637676198845e+00
6.532179822067238462e+00
6.458495859883603529e+00
6.385337630344512405e+00
6.312609654601895492e+00
6.240346868648053658e+00
6.168627680088747844e+00
6.097400081689366758e+00
6.026742481055668677e+00
5.956646342566502383e+00
5.887146602214166080e+00
5.818278195990964186e+00
5.750076059889200231e+00
5.682575129901175970e+00
5.615723398792279220e+00
5.549599274168270036e+00
5.484237692021450172e+00
5.419586645117210111e+00
5.355724541061304578e+00
5.292642844232583244e+00
5.230333019009890450e+00
5.168873472998988028e+00
5.108255670578717655e+00
5.048471076127925450e+00
4.989598097252369691e+00
4.931584726717444411e+00
4.874552843742360864e+00
4.818450441092510417e+00
4.763312454760191272e+00
4.709130349124253989e+00
4.655982531790455958e+00
4.603860467137642409e+00
4.552712147931200271e+00
4.502659453390349675e+00
4.453650376280476664e+00
4.405719852593882102e+00
4.358946289936327823e+00
4.313231684753239925e+00
4.268685292731308145e+00
4.225326901623805753e+00
4.183045884343629339e+00
4.141992443484425301e+00
4.102055951959092006e+00
4.063256197520900947e+00
4.025656439536581921e+00
3.989189522532489374e+00
3.953918705875353101e+00
3.919776834091531548e+00
3.886783694934294431e+00
3.854959076156912801e+00
3.824279293899202958e+00
3.794764135914434178e+00
3.766433389955877953e+00
3.739263372163349697e+00
3.713230398676664379e+00
3.688354257249090828e+00
3.664611264020444015e+00
3.642064678357454177e+00
3.620647344786475763e+00
3.600422522674239456e+00
3.581323056547101036e+00
3.563368734158333329e+00
3.546535871647749527e+00
3.530887728382076318e+00
3.516313677274216065e+00
3.502920449304355088e+00
3.490640888998847835e+00
3.479451312497509274e+00
3.469371507553612233e+00
3.460421261920425984e+00
3.452533420124308527e+00
3.445727769918531358e+00
3.440024099056363749e+00
3.435398723677624222e+00
3.431827959922121973e+00
3.429331595543132050e+00
3.427885946680467200e+00
3.427467329473941060e+00
3.428095531676825125e+00
3.429703397815476507e+00
3.432354187256624556e+00
3.435980744526624608e+00
3.440602857378749047e+00
3.446153370339354538e+00
3.452695542775169102e+00
3.460162219212550294e+00
3.468529715791311308e+00
3.477819164030243382e+00
3.488013598896755774e+00
3.499097399123778818e+00
3.511054943444241072e+00
3.523914082204531173e+00
3.537615722524118045e+00
3.552187714749389436e+00
3.567570965999818267e+00
3.583819409589864335e+00
3.600878299800345683e+00
3.618740709686883772e+00
3.637399712305098287e+00
3.656839686387918675e+00
3.677045010668274827e+00
3.698008758201786428e+00
3.719715307721385145e+00
3.742144690798651308e+00
3.765289980489206823e+00
3.789131208364636016e+00
3.813652753157867892e+00
3.838838993601831007e+00
3.864665614106764124e+00
3.891116993405595803e+00
3.918177510231255489e+00
3.945827196155325733e+00
3.974050429910737314e+00
4.002822895907727663e+00
4.032124625717878885e+00
4.061935650912776197e+00
4.092236003064003036e+00
4.123001366581796390e+00
4.154216120199084372e+00
4.185855948326107523e+00
4.217892188211755489e+00
4.250309218588959048e+00
4.283078376706608736e+00
4.316175346974944205e+00
4.349580160965547115e+00
4.383264155927310668e+00
4.417203016270470961e+00
4.451376773566614098e+00
4.485748070741939486e+00
4.520296939368028788e+00
4.554990369532429639e+00
4.589812739968072819e+00
4.624726693601155958e+00
4.659707914841919596e+00
4.694723393777908704e+00
4.729753161980705833e+00
4.764759862376512167e+00
4.799722609148619590e+00
4.834629888411184240e+00
4.869469268890072478e+00
4.904232666472494451e+00
4.938907649884314743e+00
4.973486135012745279e+00
5.007955690583651531e+00
5.042303885322897194e+00
5.076522635117694193e+00
5.110599508693908000e+00
5.144522074777401421e+00
5.178273554932697031e+00
5.211850212208348765e+00
5.245235268168878306e+00
5.278416291540147576e+00
5.311380851048024709e+00
5.344116515418374291e+00
5.376610853377060018e+00
5.408847086488602685e+00
5.440812783478866876e+00
5.472473777266988471e+00
5.503869802514983256e+00
5.534949303496602191e+00
5.565673765969636477e+00
5.596048147305335618e+00
5.626120876488404754e+00
5.655766496049718484e+00
5.685033434973982835e+00
5.713926650632447313e+00
5.742407628782900453e+00
5.770437855183133458e+00
5.798022287204395830e+00
5.825122410604476997e+00
5.851786654368082097e+00
5.877933032639545807e+00
5.903566502790113191e+00
5.928692022191036415e+00
5.953271076600103129e+00
5.977308623388561060e+00
6.000766148314204074e+00
6.023648608748279010e+00
6.045874018835116992e+00
6.067534279172882350e+00
6.088547403905907984e+00
6.108874878791985985e+00
6.128565132815819716e+00
6.147579651735202155e+00
6.165879921307920952e+00
6.183470898905227386e+00
6.200314070284909107e+00
6.216416547633215828e+00
6.231750590782921151e+00
6.246377557608719044e+00
6.260184919531470271e+00
6.273277506039323548e+00
6.285586260166597938e+00
6.297172539787982970e+00
6.307967287937801260e+00
6.317988390877281368e+00
6.327253734867660739e+00
6.335781206170170599e+00
6.343501747819131786e+00
6.350476717689233830e+00
6.356724002041710619e+00
6.362131072297425582e+00
6.366802757944522995e+00
6.370713473630783774e+00
6.373837634003980845e+00
6.376193125325348099e+00
6.377797833856121201e+00
6.378626174244073965e+00
6.378696032750442946e+00
6.378025295636459369e+00
6.376544905936443186e+00
6.374316221525083925e+00
6.371313657050160728e+00
6.367598570386361345e+00
6.363101904568007505e+00
6.357841545856329546e+00
6.351878852126023212e+00
6.345101294797944824e+00
6.337613703360245765e+00
6.329390492460701623e+00
6.320449548360547176e+00
6.310721814094100601e+00
6.300268647536051425e+00
6.289107934947634426e+00
6.277214090976626082e+00
6.264605001884259394e+00
6.251298553931768254e+00
6.237269161766930914e+00
6.222534711650978601e+00
6.207113089845145204e+00
6.191022182610665503e+00
6.174279876208772500e+00
6.156860585287241783e+00
6.138782196107307243e+00
6.120019123316747134e+00
6.100632724790250094e+00
6.080597415175592602e+00
6.059930268141710208e+00
6.038601635374867271e+00
6.016711470809410933e+00
5.994142370312394164e+00
5.970994287818155222e+00
5.947236762420668121e+00
5.922882804827356296e+00
5.897945425745647618e+00
5.872437635882967299e+00
5.846328974333287576e+00
5.819632451804031881e+00
5.792404550616084613e+00
5.764614809863416234e+00
5.736276240253452841e+00
5.707401852493622307e+00
5.677961185677891542e+00
5.648054193740602358e+00
5.617606944162269578e+00
5.586719390877230573e+00
5.555317601365998392e+00
5.523458057949458322e+00
5.491110299721579935e+00
5.458374280616702379e+00
5.425219539728796114e+00
5.391615616151832491e+00
5.357618992206691466e+00
5.323242678600802691e+00
5.288499686041591374e+00
5.253359553623026201e+00
5.217878763665994235e+00
5.182070326877918021e+00
5.145990725579685510e+00
5.109566027251804421e+00
5.072852714215163594e+00
5.035863797177186463e+00
4.998612286845300012e+00
4.961154665540386866e+00
4.923460472356421036e+00
4.885586189614281594e+00
4.847501356407939888e+00
4.809262455058280317e+00
4.770882496272729867e+00
4.732374490758712859e+00
4.693751449223658057e+00
4.655026382374991556e+00
4.616212300920140343e+00
4.577365687179988818e+00
4.538456080248503888e+00
4.499539962446571728e+00
4.460586872868161024e+00
4.421650722434127267e+00
4.382731664851755582e+00
4.343870754041758708e+00
4.305065572311391975e+00
4.266270230354455073e+00
4.227525782091661632e+00
4.188873281443722618e+00
4.150310310717896023e+00
4.111834452221438951e+00
4.073399816648145766e+00
4.035090929532190174e+00
3.996905373180828835e+00
3.958797258287857002e+00
3.920807638773990966e+00
3.882934096946485614e+00
3.845217686726054129e+00
3.807612518806494428e+00
3.770203118721979774e+00
3.732900125552847559e+00
3.695831536446729793e+00
3.658951462097423057e+00
3.622257484812182238e+00
3.585747186898265326e+00
3.549461622276384176e+00
3.513398373253795892e+00
3.477598493751212771e+00
3.442016094462432285e+00
3.406648757694713314e+00
3.371624480595682982e+00
3.336810430632222602e+00
3.302334604951963737e+00
3.268151114248704303e+00
3.234257540829697852e+00
3.200738410229117203e+00
3.167547833140760272e+00
3.134683391871882829e+00
3.102229611956656807e+00
3.070140604088878344e+00
3.038457422189263291e+00
3.007134176951608673e+00
2.976255393910086866e+00
2.945775183758493565e+00
2.915734600417544176e+00
2.886174697807952327e+00
2.857049586623515047e+00
2.828356849171488108e+00
2.800181010986045216e+00
2.772519654374439924e+00
2.745326890030471034e+00
2.718643771874850845e+00
2.692509577594700332e+00
2.666913008329296009e+00
2.641840988984322180e+00
2.617280444465464040e+00
2.593305242905320718e+00
2.569815365982660804e+00
2.546884681830082098e+00
2.524500115353269347e+00
2.502648591457907301e+00
2.481360506663137233e+00
2.460579314261184258e+00
2.440335410771190983e+00
2.420615721098842599e+00
2.401450641763277716e+00
2.382827097670181526e+00
2.364775485338697081e+00
2.347239258061049494e+00
2.330248812356379151e+00
2.313834544743829991e+00
2.297939908515627572e+00
2.282638771804369249e+00
2.267848504934208087e+00
2.253629934553707859e+00
2.239961291245857744e+00
2.226838194239035840e+00
2.214264957084306928e+00
2.202237199010048219e+00
2.190754886405980262e+00
2.179813638500478046e+00
2.169417768844609018e+00
2.159567243828095506e+00
2.150253335517965603e+00
2.141484704626632318e+00
2.133256970382471529e+00
2.125570099175204675e+00
2.118415363071861179e+00
2.111788381300816475e+00
2.105693467413137565e+00
2.100121893475853874e+00
2.095073625878687285e+00
2.090539936688667222e+00
2.086520792295515125e+00
2.083016159088951547e+00
2.080021656297352806e+00
2.077532903149093446e+00
2.075545518872550232e+00
2.074055122696097708e+00
2.073066028170802877e+00
2.072565160202349155e+00
2.072552485180459314e+00
2.073015351709908138e+00
2.073951497514527009e+00
2.075363431178585127e+00
2.077240619802314558e+00
2.079581224808638940e+00
2.082379060459135456e+00
2.085636635338073752e+00
2.089343416545684562e+00
2.093493218343547291e+00
2.098088549315928475e+00
2.103118876563062400e+00
2.108582361507871372e+00
2.114468471250587900e+00
2.120779714375479852e+00
2.127501210821433730e+00
2.134631122011373616e+00
2.142163262206876251e+00
2.150087098508174144e+00
2.158396445176844924e+00
2.167089463635810898e+00
2.176151273823959009e+00
2.185575690002867333e+00
2.195352179272766602e+00
2.205478903056580453e+00
2.215945328454541396e+00
2.226736575405534602e+00
2.237850805332484150e+00
2.249273138174276543e+00
2.261001735353833642e+00
2.273017369648696828e+00
2.285318202481788852e+00
2.297893700953342666e+00
2.310728985002242997e+00
2.323822216051413925e+00
2.337149819717049937e+00
2.350709957422074670e+00
2.364487749105373293e+00
2.378468314705833198e+00
2.392645468485030680e+00
2.407004330381853130e+00
2.421534367496531281e+00
2.436220699767952080e+00
2.451048447135000252e+00
2.466007076697909195e+00
2.481086055556910086e+00
2.496266156489542531e+00
2.511536846596039929e+00
2.526887592976633456e+00
2.542294821247516712e+00
2.557752345670269101e+00
2.573247148990728039e+00
2.588764970859855907e+00
2.604310802380947809e+00
2.619880940334610386e+00
2.635467334340101164e+00
2.651061934016682109e+00
2.666669730467647437e+00
2.682278326150912218e+00
2.697884017847082649e+00
2.713483102336761377e+00
2.729071876400555485e+00
2.744642289657724277e+00
2.760190638888872172e+00
2.775708873713259806e+00
2.791188943750146034e+00
2.806627145780135280e+00
2.822019776583833739e+00
2.837354438619155594e+00
2.852627428666704823e+00
2.867830696345741170e+00
2.882960538436870390e+00
2.898004557398006220e+00
2.912963397171099089e+00
2.927820313052716727e+00
2.942571601823465333e+00
2.957213560263949326e+00
2.971733790832083333e+00
2.986124243147125323e+00
3.000376866828335487e+00
3.014483611494974458e+00
3.028436426766300205e+00
3.042231609422917593e+00
3.055852414761397462e+00
3.069299486723687131e+00
3.082556080606356108e+00
3.095614146028664582e+00
3.108469979771216529e+00
3.121115531453271252e+00
3.133534056371398702e+00
3.145726198467547974e+00
3.157675213038287687e+00
3.169377396864223151e+00
3.180816005241921651e+00
3.191991682113334949e+00
3.202887682775031220e+00
3.213491609684922867e+00
3.223804106784962098e+00
3.233808429371716198e+00
3.243496527064445356e+00
3.252860349482407543e+00
3.261888930623729976e+00
3.270581377808729151e+00
3.278933882736589478e+00
3.286946984267839600e+00
3.294625568424354611e+00
3.301957132582628240e+00
3.308950909925879369e+00
3.315603092153292408e+00
3.321914218125396889e+00
3.327876132380030327e+00
3.333493720939068261e+00
3.338767522663039333e+00
3.343693729251128399e+00
3.348268532402518094e+00
3.352492470977738392e+00
3.356366083837317937e+00
3.359885562680441140e+00
3.363055793528982651e+00
3.365868620920780874e+00
3.368333278039056022e+00
3.370441609421645612e+00
3.372202848251772522e+00
3.373608839067273379e+00
3.374664467890022390e+00
3.375365926419204410e+00
3.375713753515348081e+00
3.375712835200328943e+00
3.375355016011985843e+00
3.374645181972191654e+00
3.373579524780131678e+00
3.372158583296334999e+00
3.370382896381331150e+00
3.368257350056995225e+00
3.365778136022510303e+00
3.362945793138405914e+00
3.359765207426557598e+00
3.356232570586148878e+00
3.352352768639054403e+00
3.348121993284458586e+00
3.343549477705582085e+00
3.338622719278916851e+00
3.333355298349029106e+00
3.327739059453757253e+00
3.321778888614976388e+00
3.315475324693216042e+00
3.308828906549004856e+00
3.301844520204219258e+00
3.294522704519387890e+00
3.286868345516384959e+00
3.278881982055742217e+00
3.270568349955194964e+00
3.261927237054586204e+00
3.252962628150966928e+00
3.243674160880040347e+00
3.234065820038858341e+00
3.224141590424470571e+00
3.213896762511236460e+00
3.203335321096204780e+00
3.192461250976428300e+00
3.181278536948956237e+00
3.169791163810838697e+00
3.158003116359127116e+00
3.145909685068178252e+00
3.133527896219082454e+00
3.120853040286197366e+00
3.107889102066572207e+00
3.094644413518604864e+00
3.081122959439345887e+00
3.067328724625844050e+00
3.053270041036496796e+00
3.038946546307008223e+00
3.024366572395774444e+00
3.009538451261192016e+00
2.994461820538965480e+00
2.979140665026144941e+00
2.963587663842472075e+00
2.947798107462306305e+00
2.931784675005391083e+00
2.915551351268773406e+00
2.899102121049505598e+00
2.882445316305984218e+00
2.865589268996604488e+00
2.848537963918416516e+00
2.831308427352509760e+00
2.813900296934587431e+00
2.796330598945736323e+00
2.778598971021663200e+00
2.760722439443454412e+00
2.742696294685469383e+00
2.724541910190140914e+00
2.706254576431827985e+00
2.687846972530274048e+00
2.669331777605219891e+00
2.650708629292368279e+00
2.631985859550118434e+00
2.613180494659556707e+00
2.594300866579079212e+00
2.575350960105735165e+00
2.556343454359269796e+00
2.537286681298075663e+00
2.518192022338992864e+00
2.499056973764556489e+00
2.479886428477088067e+00
2.460685279378910462e+00
2.441445377888308954e+00
2.422175964068952414e+00
2.402877583661816807e+00
2.383550782407878987e+00
2.364200453209461816e+00
2.344831488968888600e+00
2.325444435427134859e+00
2.306052879809215916e+00
2.286661715017452412e+00
2.267267139631477857e+00
2.247882740876304020e+00
2.228504717331563523e+00
2.209146656222269911e+00
2.189804756128055363e+00
2.170488257112586528e+00
2.151202052078186266e+00
2.131942339604486314e+00
2.112718359755153763e+00
2.093539352593858371e+00
2.074401516700230985e+00
2.055322786460631157e+00
2.036303707616035741e+00
2.017344825907421146e+00
1.998464075721147593e+00
1.979657655636845925e+00
1.960934805718185014e+00
1.942296071706140825e+00
1.923755040825728013e+00
1.905312258817923654e+00
1.886972618585049277e+00
1.868741013029428633e+00
1.850626682214729035e+00
1.832638866204619799e+00
1.814773763578731103e+00
1.797053655884768730e+00
1.779474741702364637e+00
1.762050608256531925e+00
1.744786148449593011e+00
1.727694949506562772e+00
1.710777557168417395e+00
1.694038864337479744e+00
1.677492458238763362e+00
1.661138884613246436e+00
1.644987383524596281e+00
1.629042847875135092e+00
1.613314517728531738e+00
1.597801811025541197e+00
1.582517023151412294e+00
1.567449585884444607e+00
1.552606319648318856e+00
1.537989697705372416e+00
1.523593498995247986e+00
1.509424543941628949e+00
1.495480958645505121e+00
1.481760869207866094e+00
1.468271096052393698e+00
1.455005418118732852e+00
1.441970655830564940e+00
1.429160588127534881e+00
1.416586382594669624e+00
1.404237471010268301e+00
1.392120673798012076e+00
1.380238464220237660e+00
1.368584621216589081e+00
1.357161618049402163e+00
1.345971927981014060e+00
1.335013677112413477e+00
1.324293685867282466e+00
1.313805733185265945e+00
1.303556639490045743e+00
1.293544530882611676e+00
1.283776227786645352e+00
1.274245509141791688e+00
1.264963542533078300e+00
1.255919759738802988e+00
1.247125328343993811e+00
1.238569680126950567e+00
1.230259635511352423e+00
1.222188973436846071e+00
1.214364514327112676e+00
1.206784384283142719e+00
1.199442362244579785e+00
1.192349615796452156e+00
1.185495576717057631e+00
1.178887065430078929e+00
1.172526555197851872e+00
1.166407824960020045e+00
1.160533347978920160e+00
1.154905597516888704e+00
1.149518352513569486e+00
1.144378433392643890e+00
1.139475271932411271e+00
1.134815688556553015e+00
1.130393462204714039e+00
1.126211066139229722e+00
1.122270973622436774e+00
1.118566972410169003e+00
1.115097232684369777e+00
1.111868627765863593e+00
1.108874989491436480e+00
1.106114496859222696e+00
1.103594023190046514e+00
1.101303053159348400e+00
1.099248460087953294e+00
1.097419728651302995e+00
1.095819385008875324e+00
1.094441260997457865e+00
1.093292229937875337e+00
1.092361776505568649e+00
1.091648079698670948e+00
1.091153665676661166e+00
1.090876713437671564e+00
1.090806707657143937e+00
1.090950521655902783e+00
1.091301987270735019e+00
1.091859283499773792e+00
1.092620589341151582e+00
1.093579736631656196e+00
1.094734904369419892e+00
1.096088618713921825e+00
1.097626017179257341e+00
1.099353973086250713e+00
1.101266318271689748e+00
1.103356884572360919e+00
1.105623850986397594e+00
1.108065396511932255e+00
1.110671005824406699e+00
1.113443205083299636e+00
1.116375826125397763e+00
1.119467047948834004e+00
1.122706355229050379e+00
1.126091926964179146e+00
1.129621942152353675e+00
1.133290232630360883e+00
1.137094977396333695e+00
1.141025661125713464e+00
1.145080462816633116e+00
1.149257561467225797e+00
1.153546441752932417e+00
1.157945282671886345e+00
1.162447916060874498e+00
1.167043826595338452e+00
1.171735540434756917e+00
1.176512542254570803e+00
1.181368663891567694e+00
1.186297737182534728e+00
1.191294322289855989e+00
1.196355892678303334e+00
1.201480650138246675e+00
1.206666796460054591e+00
1.211916880595441892e+00
1.217220410012086029e+00
1.222579933661703144e+00
1.227989306173315365e+00
1.233446729337292158e+00
1.238954752105348556e+00
1.244502881945162232e+00
1.250089320647102431e+00
1.255716617162883519e+00
1.261374278960183837e+00
1.267064854990717970e+00
1.272782199883509380e+00
1.278524515428926867e+00
1.284285656255994335e+00
1.290068171316426371e+00
1.295857220916554864e+00
1.301659701169440853e+00
1.307465119542761567e+00
1.313271677826886252e+00
1.319073230650838369e+00
1.324872326966332725e+00
1.330654127079701432e+00
1.336421179942659521e+00
1.342167340184229340e+00
1.347890809594781469e+00
1.353581095641992915e+00
1.359236400116232257e+00
1.364854924807869629e+00
1.370426177184582262e+00
1.375948359036739177e+00
1.381419672154709177e+00
1.386829624006171269e+00
1.392172069220147135e+00
1.397449556748353139e+00
1.402647246897120059e+00
1.407767688618163371e+00
1.412800389379160526e+00
1.417743550970480770e+00
1.422586680859802000e+00
1.427327980837493016e+00
1.431965652693922619e+00
1.436484856735423588e+00
1.440888141913710285e+00
1.445165015696460387e+00
1.449309332712696907e+00
1.453319294752789981e+00
1.457185756942024568e+00
1.460909312197466559e+00
1.464496248255134025e+00
1.467948505689701255e+00
1.471263677914494528e+00
1.474443705504187907e+00
1.477494876194800355e+00
1.480414783399659262e+00
1.483209714854783590e+00
1.485877263973500950e+00
1.488423718491830083e+00
1.490846671823098823e+00
1.493148064541980569e+00
1.495334184384494058e+00
1.497402624763966683e+00
1.499355326255072063e+00
1.501194229432482929e+00
1.502925622032218911e+00
1.504542750306261389e+00
1.506056249151975113e+00
1.507459364821341907e+00
1.508758385050381179e+00
1.509955250413765659e+00
1.511047554324822961e+00
1.512041584519572046e+00
1.512939281572686534e+00
1.513738238897493593e+00
1.514440397068666400e+00
1.515052043822224359e+00
1.515570772571494862e+00
1.516002871052496870e+00
1.516345932678557773e+00
1.516606245185696311e+00
1.516781401987240985e+00
1.516873343657863860e+00
1.516888357933584786e+00
1.516819691066385367e+00
1.516677977953629908e+00
1.516460812008646464e+00
1.516165786644762203e+00
1.515803536759341874e+00
1.515371655765713532e+00
1.514872084238550132e+00
1.514311109913870190e+00
1.513681979043655756e+00
1.512995326525272022e+00
1.512248745772046377e+00
1.511448524519997560e+00
1.510587909021106956e+00
1.509677534172740199e+00
