# te
1.732189520071833133e+00
2.183720789816189889e+00
2.271187304671525187e+00
2.136598256930781758e+00
1.893099850680505014e+00
1.613335357296828754e+00
1.342150972021710187e+00
1.103238584853963866e+00
9.102693532244572339e-01
7.689435451063815208e-01
6.812221908396260961e-01
6.386557351470395494e-01
6.299071352574343585e-01
6.461666550359074224e-01
6.805663352446541525e-01
7.239268883667414611e-01
7.686212924693188731e-01
8.121770187562125098e-01
8.486436308303697551e-01
8.804612398143308871e-01
9.087292755291638269e-01
9.345613550524592972e-01
9.591303708146698970e-01
9.812238325937200356e-01
1.005653114196648268e+00
1.032719514965586782e+00
1.058849464122172401e+00
1.086590411927855326e+00
1.111144310780546096e+00
1.135507827587908025e+00
1.153685197198210499e+00
1.165299964600172933e+00
1.172213163543126324e+00
1.169683209003343771e+00
1.163729789273816317e+00
1.149199170299004980e+00
1.125902637359023073e+00
1.095654631958170810e+00
1.060172649971753867e+00
1.020867699734542500e+00
9.778857149670526772e-01
9.308227008139032810e-01
8.783356755690301387e-01
8.189034239111926405e-01
7.515315191843132681e-01
6.762458990565285433e-01
5.933167243736633401e-01
5.030576275950000564e-01
4.058635330969871391e-01
3.020835109436856847e-01
1.917649711610040497e-01
7.475705798568124671e-02
-4.959387702679365906e-02
-1.821577970694963355e-01
-3.239172930754835034e-01
-4.748044790682737215e-01
-6.340913454105451263e-01
-8.008816473208949516e-01
-9.740356989825582623e-01
-1.152672288088224528e+00
-1.337152760112998440e+00
-1.528157794300278871e+00
-1.726363722732119355e+00
-1.932481654781339486e+00
-2.147099013304409443e+00
-2.369817245860331933e+00
-2.599988045812732906e+00
-2.836980495170621897e+00
-3.080276702137997979e+00
-3.329565257835522374e+00
-3.585260700339550688e+00
-3.847831899996000171e+00
-4.117121735916999370e+00
-4.392777464954116695e+00
-4.674425432630277655e+00
-4.961295343536927582e+00
-5.253235023654699631e+00
-5.550266185418051279e+00
-5.852497484488356605e+00
-6.159882116784530126e+00
-6.472186155390208917e+00
-6.789237571713855779e+00
-7.110690450710102084e+00
-7.436416235400871599e+00
-7.766049210112608847e+00
-8.099274871499387629e+00
-8.435758915587088680e+00
-8.775210510015064358e+00
-9.117425765649564084e+00
-9.462075954395421817e+00
-9.809028538127060770e+00
-1.015798266814401352e+01
-1.050881138219965472e+01
-1.086121383159351339e+01
-1.121493263923858663e+01
-1.156971042804787153e+01
-1.192528982093435985e+01
-1.228136996919758772e+01
-1.263765002413709126e+01
-1.299382913705241194e+01
-1.334973687408345455e+01
-1.370489850007592381e+01
-1.405910010955627598e+01
-1.441199738221059157e+01
-1.476320252611148653e+01
-1.511245816417195620e+01
-1.545941997607808638e+01
-1.580370016990249127e+01
-1.614504136855816796e+01
-1.648314446822012158e+01
-1.681758692972488589e+01
-1.714816531685173473e+01
-1.747450230692613360e+01
-1.779630752050045217e+01
-1.811329057812705301e+01
-1.842511762874484660e+01
-1.873145482129275052e+01
-1.903205524793660075e+01
-1.932658505761529355e+01
-1.961471039926775362e+01
-1.989618436505979915e+01
-2.017067310393035129e+01
-2.043784276481832052e+01
-2.069744643988953214e+01
-2.094919374969635228e+01
-2.119275084317769853e+01
-2.142787081249939973e+01
-2.165426327821382202e+01
-2.187159438925987942e+01
-2.207961932039896880e+01
-2.227805810516129625e+01
-2.246667633128610575e+01
-2.264515264328571931e+01
-2.281333957212627439e+01
-2.297087229070665515e+01
-2.311751638676608422e+01
-2.325308091965726476e+01
-2.337733147711942294e+01
-2.349003364689180628e+01
-2.359099648832710372e+01
-2.367994211755109646e+01
-2.375672306552992907e+01
-2.382110492000284907e+01
-2.387280979709563056e+01
-2.391173369938788440e+01
-2.393755527139193617e+01
-2.395012704407392334e+01
-2.394921460517309342e+01
-2.393458354242867969e+01
-2.390608856663064330e+01
-2.386359310786410859e+01
-2.380696277603801647e+01
-2.373615012428822268e+01
-2.365097729091020540e+01
-2.355139682903981679e+01
-2.343727434858598713e+01
-2.330851893107112005e+01
-2.316503965801760856e+01
-2.300678908256130129e+01
-2.283363281461113914e+01
-2.264556687891642639e+01
-2.244241341377265186e+01
-2.222421191554257902e+01
-2.199082799413513456e+01
-2.174225767429964051e+01
-2.147845350917194907e+01
-2.119949846672827576e+01
-2.090534510010447988e+01
-2.059598943404987281e+01
-2.027142749331375526e+01
-1.993169877425890490e+01
-1.957679930163461890e+01
-1.920676857180367847e+01
-1.882173302435575835e+01
-1.842169035748869987e+01
-1.800668843480791281e+01
-1.757682026498080674e+01
-1.713213538506131783e+01
-1.667277027533030775e+01
-1.619886141606864172e+01
-1.571050181594370798e+01
-1.520782795523637709e+01
-1.469101978584095924e+01
-1.416008337319794386e+01
-1.361528561242855950e+01
-1.305671951220021576e+01
-1.248460849602067668e+01
-1.189908904417080393e+01
-1.130038458015836689e+01
-1.068871852749115270e+01
-1.006418389483655318e+01
-9.427004105702343040e+00
-8.777489526823217147e+00
-8.115820110093483919e+00
-7.442306222247838221e+00
-6.757171286794049436e+00
-6.060682198853353242e+00
-5.353062381933522573e+00
-4.634665674382705269e+00
-3.905665890753135194e+00
-3.166429654296010643e+00
-2.417100092853168292e+00
-1.657994220720267586e+00
-8.893855805795138902e-01
-1.115042434996532106e-01
6.754153722892192180e-01
1.471008433716638919e+00
2.274949232164252599e+00
3.086899017529670441e+00
3.906524256304115816e+00
4.733483590088387594e+00
5.567440877076905714e+00
6.408056497735008961e+00
7.254974313314922263e+00
8.107833837907527652e+00
8.966261544119667803e+00
9.829949111978370624e+00
1.069848388963836960e+01
1.157154886280400063e+01
1.244869660233922914e+01
1.332965356556185021e+01
1.421392885172237186e+01
1.510120544652513352e+01
1.599099244922064145e+01
1.688297284551322974e+01
1.777669920626687272e+01
1.867176757395898434e+01
1.956777399106698923e+01
2.046431450006831909e+01
2.136094167182692516e+01
2.225725154882023560e+01
2.315279670191221939e+01
2.404712970196684196e+01
2.493989006307497291e+01
2.583058688448713269e+01
2.671877273706727962e+01
2.760404366329283476e+01
2.848595223402777066e+01
2.936396407690913080e+01
3.023776217764125107e+01
3.110681216386119630e+01
3.197066660643291414e+01
3.282896501944729550e+01
3.368121650215483953e+01
3.452701709703298150e+01
3.536591937494567617e+01
3.619743243514343334e+01
3.702119579171713326e+01
3.783671854391728573e+01
3.864347973404785108e+01
3.944114247792082040e+01
4.022929636278821164e+01
4.100748750428853384e+01
4.177539243290070914e+01
4.253260073587672707e+01
4.327883241530894765e+01
4.401354664360901126e+01
4.473707202545767814e+01
4.544817218745125587e+01
4.614734962072433433e+01
4.683380266800779879e+01
4.750759910430168276e+01
4.816793727233684308e+01
4.881531966324791227e+01
4.944850990363115528e+01
5.006714105235204926e+01
5.067171560054519119e+01
5.126099717480688156e+01
5.183548826627172446e+01
5.239395250153600614e+01
5.293689237173435203e+01
5.346350621959761895e+01
5.397429653626041812e+01
5.446802694831905001e+01
5.494519994690812581e+01
5.540501387475850237e+01
5.584710179073564973e+01
5.627196618597417199e+01
5.667880540320491178e+01
5.706768721742794526e+01
5.743824468750869272e+01
5.779011087231260291e+01
5.812291883070513876e+01
5.843673633768633380e+01
5.873163116825620733e+01
5.900723638128022230e+01
5.926275031948922845e+01
5.949911019015242175e+01
5.971507961986610979e+01
5.991116109976487536e+01
6.008698768871418849e+01
6.024262716171407561e+01
6.037727786149538645e+01
6.049144227919274641e+01
6.058475347367163266e+01
6.065640978766287361e+01
6.070691371230108047e+01
6.073633302258630806e+01
6.074430077738398381e+01
6.073088928902339489e+01
6.069618901915080755e+01
6.064029496674170616e+01
6.056330213077161773e+01
6.046487079408148446e+01
6.034509595564678364e+01
6.020407261444306357e+01
6.004189576944581574e+01
5.985866041963053163e+01
5.965446156397275246e+01
5.942852476917881432e+01
5.918181446649337829e+01
5.891399093875740078e+01
5.862514918494636618e+01
5.831538420403579437e+01
5.798479099500118394e+01
5.763389927295263249e+01
5.726236932073106090e+01
5.687029613731198907e+01
5.645820943780551460e+01
5.602620422118710763e+01
5.557394077029772461e+01
5.510194880024747022e+01
5.461075802614639230e+01
5.410002873083545438e+01
5.357029062942470432e+01
5.302120400475510564e+01
5.245329857193674883e+01
5.186753876221427362e+01
5.126315014229405875e+01
5.064066242728616629e+01
5.000017061616610192e+01
4.934263914017855512e+01
4.866772828216443258e+01
4.797596775723384610e+01
4.726745256436228004e+01
4.654314713479438836e+01
4.580271175137113460e+01
4.504711084533715848e+01
4.427643941566797992e+01
4.349079246133909749e+01
4.269026498132602399e+01
4.187582140687342047e+01
4.104712202082222205e+01
4.020469653828251921e+01
3.934863995822979632e+01
3.847948199577417938e+01
3.759731764989113145e+01
3.670354606795990549e+01
3.579782753282146501e+01
3.488111190158460317e+01
3.395385601868024850e+01
3.301606743826890522e+01
3.206905786291481775e+01
3.111240013064393395e+01
3.014653651175133220e+01
2.917190927653209798e+01
2.818896069528132386e+01
2.719769832215951766e+01
2.619899914359634252e+01
2.519226211116390601e+01
2.417858156935916014e+01
2.315831284525027556e+01
2.213185473751888210e+01
2.109969298807353155e+01
2.006231333882275081e+01
1.902011458844818748e+01
1.797362595047183476e+01
1.692328969518878878e+01
1.586950462128067230e+01
1.481279994226949093e+01
1.375357445683686741e+01
1.269231390689136241e+01
1.162950403434150815e+01
1.056550016625547528e+01
9.500831516155280099e+00
8.435896882722540013e+00
7.371138536252344053e+00
6.307042218653242216e+00
5.244050200220318203e+00
4.182561279635205409e+00
3.123061198806443173e+00
2.066035699642578827e+00
1.012013995665619115e+00
-3.856164282934840259e-02
-1.085118530706872697e+00
-2.127214397671860713e+00
-3.164320030202300682e+00
-4.195949686389663924e+00
-5.221617624325396889e+00
-6.240838102100954465e+00
-7.253125377807795537e+00
-8.258037181150827521e+00
-9.255131241834961386e+00
-1.024387834633820482e+01
-1.122384057152680548e+01
-1.219454086981491159e+01
-1.315553262374609922e+01
-1.410634748005719352e+01
-1.504652838810454263e+01
-1.597564237451177505e+01
-1.689333190859728973e+01
-1.779927657843081690e+01
-1.869312815024946772e+01
-1.957456447325843740e+01
-2.044330252111502944e+01
-2.129894189412021532e+01
-2.214116913580187074e+01
-2.296967078968788556e+01
-2.378408992769268693e+01
-2.458424350818452453e+01
-2.536977460307783261e+01
-2.614050017074086085e+01
-2.689610675470149204e+01
-2.763636784171453087e+01
-2.836105691853476785e+01
-2.906981705707663721e+01
-2.976246521570838510e+01
-3.043868793795790140e+01
-3.109825871057998725e+01
-3.174090754871597753e+01
-3.236632099589376566e+01
-3.297427253886813503e+01
-3.356453566439389391e+01
-3.413688385922583990e+01
-3.469126449657260025e+01
-3.522749453480243176e+01
-3.574543440389704330e+01
-3.624498800545161714e+01
-3.672592882622094379e+01
-3.718820423941365760e+01
-3.763167467501146035e+01
-3.805611361976917095e+01
-3.846146844689538824e+01
-3.884751264314493824e+01
-3.921415011011298191e+01
-3.956124127778122102e+01
-3.988864657613139997e+01
-4.019622643514520632e+01
-4.048397169964473363e+01
-4.075178627122514285e+01
-4.099961752309508967e+01
-4.122732588523626163e+01
-4.143490220247075229e+01
-4.162229384800718890e+01
-4.178944819505421293e+01
-4.193648650327428129e+01
-4.206339961748945200e+01
-4.217022185413530622e+01
-4.225703100126082745e+01
-4.232386301815063945e+01
-4.237071696387223341e+01
-4.239763701195565204e+01
-4.240462386431748598e+01
-4.239172169448774952e+01
-4.235893120438303328e+01
-4.230629656753334444e+01
-4.223377501424184288e+01
-4.214154113287889913e+01
-4.202976951181495480e+01
-4.189815655167235064e+01
-4.174813751761178793e+01
-4.157897409412105105e+01
-4.139123211409167169e+01
-4.118504269428060383e+01
-4.096097166757936492e+01
-4.071871543461033127e+01
-4.045883982826502745e+01
-4.018147596530040033e+01
-3.988675496247341101e+01
-3.957437322040642158e+01
-3.924533128812552718e+01
-3.889889085011855485e+01
-3.853648717154615611e+01
-3.815738193689613666e+01
-3.776214097906002110e+01
-3.735133013092931975e+01
-3.692508050926102214e+01
-3.648413183340044696e+01
-3.602826744719689600e+01
-3.555805318354188671e+01
-3.507379404564621694e+01
-3.457583850833411532e+01
-3.406453504642981045e+01
-3.354018866314409308e+01
-3.300319130491465813e+01
-3.245384797495228213e+01
-3.189259409130811207e+01
-3.131986507203330561e+01
-3.073605286356556121e+01
-3.014163635556949217e+01
-2.953696402286932354e+01
-2.892255822674313137e+01
-2.829872397040168508e+01
-2.766602708673652344e+01
-2.702481605057188219e+01
-2.637556975157236749e+01
-2.571876707940259976e+01
-2.505484345211370112e+01
-2.438419081614340556e+01
-2.370730764236133581e+01
-2.302459684000346130e+01
-2.233635048467041528e+01
-2.164307801003010212e+01
-2.094511496329662137e+01
-2.024284036329751046e+01
-1.953663322886031395e+01
-1.882691605042603555e+01
-1.811406784682221272e+01
-1.739851110848984206e+01
-1.668058138264302670e+01
-1.596070115972275438e+01
-1.523929293017002706e+01
-1.451669224119893720e+01
-1.379332158325047963e+01
-1.306964691837911374e+01
-1.234600379379892665e+01
-1.162285817156437773e+01
-1.090063254211647070e+01
-1.017970592428274301e+01
-9.460544280117659355e+00
-8.743526628448755389e+00
-8.029075459717040175e+00
-7.317656735976965976e+00
-6.609649476056081774e+00
-5.905476170395383306e+00
-5.205559309435876081e+00
-4.510364855232018577e+00
-3.820228354997893039e+00
-3.135702714014875880e+00
-2.457166951110509423e+00
-1.785173971566168971e+00
-1.120059322595937434e+00
-4.623759094811912274e-01
1.874972489505256912e-01
8.290072474178432627e-01
1.461818538706672221e+00
2.085465160762555392e+00
2.699481151531031298e+00
3.303487492184558949e+00
3.897061692282139944e+00
4.479737789769308698e+00
5.051123724334494192e+00
5.610801352698029376e+00
6.158382961709691017e+00
6.693476491057889000e+00
7.215681186108357181e+00
7.724613680872201016e+00
8.219867569405405305e+00
8.701054703841595739e+00
9.167791502827997263e+00
9.619796985996330818e+00
1.005681430171795832e+01
1.047859529268694345e+01
1.088487876011330791e+01
1.127540785236841181e+01
1.164996918943708870e+01
1.200828853104532179e+01
1.235022639892080676e+01
1.267555637156433868e+01
1.298405202747670550e+01
1.327561735999906212e+01
1.354993900440528343e+01
1.380687748242307578e+01
1.404629331578013840e+01
1.426804702620417409e+01
1.447191219219597258e+01
1.465779280709669230e+01
1.482554939263403782e+01
1.497504247053571014e+01
1.510608909091595464e+01
1.521868019034284814e+01
1.531263281893063777e+01
1.538793791324739324e+01
1.544454293824773927e+01
1.548235188727282896e+01
1.550126875366382961e+01
1.550119753076189433e+01
1.548217262674856620e+01
1.544409803496499833e+01
1.538687774875235093e+01
1.531045923306524159e+01
1.521483342447175247e+01
1.509990431631303487e+01
1.496566284515717271e+01
1.481205647595877828e+01
1.463916308851284320e+01
1.444697361938744073e+01
1.423552247676411042e+01
1.400480059721092552e+01
1.375488586052287054e+01
1.348572573165457200e+01
1.319744156201447183e+01
1.289011123139756165e+01
1.256381261959883489e+01
1.221862360641327605e+01
1.185457860002242647e+01
1.147184242344818905e+01
1.107044948487209624e+01
1.065056460731604560e+01
1.021234991414468851e+01
9.756000201707031749e+00
9.281577151854452978e+00
8.789272861278696780e+00
8.279235955058055652e+00
7.751658529884276838e+00
7.206645739222190983e+00
6.644433151377000968e+00
6.065256334653918557e+00
5.469263914131227367e+00
4.856647986500674641e+00
4.227600648454009402e+00
3.582357468296437197e+00
2.921197485946620986e+00
2.244399741323221509e+00
1.552330217571814330e+00
8.452244829976105489e-01
1.234485207461778894e-01
-6.127186292638115983e-01
-1.362954455500242412e+00
-2.126979918044454632e+00
-2.904429033750866473e+00
-3.694979291087359563e+00
-4.498351650135270496e+00
-5.314223599362484229e+00
-6.142229155623413206e+00
-6.982089278999408677e+00
-7.833437986344878645e+00
-8.695822351287343821e+00
-9.568876390681216648e+00
-1.045223412138092556e+01
-1.134544261701397971e+01
-1.224817936604825519e+01
-1.315999144211125405e+01
-1.408044330747587303e+01
-1.500911246589904025e+01
-1.594555033816961398e+01
-1.688930834507643652e+01
-1.783995094889240463e+01
-1.879703043983864319e+01
-1.976009563040718575e+01
-2.072865707807024904e+01
-2.170222186257095487e+01
-2.268028923876200054e+01
-2.366236715581879224e+01
-2.464796356291672197e+01
-2.563653859045638228e+01
-2.662767408935604507e+01
-2.762074324678938808e+01
-2.861529313638392225e+01
-2.961077124161568364e+01
-3.060679181632987067e+01
-3.160304341067400458e+01
-3.259917110318219358e+01
-3.359481997238849971e+01
-3.458954815360011992e+01
-3.558308766857805239e+01
-3.657495318101599935e+01
-3.756483324106152111e+01
-3.855232945563524538e+01
-3.953704343165779989e+01
-4.051862024766326442e+01
-4.149661803895883594e+01
-4.247063841246509952e+01
-4.344032644671619892e+01
-4.440528374863274053e+01
-4.536506845352188577e+01
-4.631928216830428369e+01
-4.726756997151401407e+01
-4.820948999845824545e+01
-4.914464385605760555e+01
-5.007267662284620258e+01
-5.099310296251772456e+01
-5.190561142521974602e+01
-5.280971667464596209e+01
-5.370502031771700047e+01
-5.459116743296696939e+01
-5.546762921247611189e+01
-5.633400726316505569e+01
-5.718990319195444982e+01
-5.803478819092452312e+01
-5.886830733860939091e+01
-5.968997529870276253e+01
-6.049948062135216276e+01
-6.129642491347824063e+01
-6.208019242393434212e+01
-6.285090641900258390e+01
-6.360816850560358660e+01
-6.435114557452342865e+01
-6.507943923268273068e+01
-6.579308580313667676e+01
-6.649168689280591593e+01
-6.717484410861108302e+01
-6.784172434133823515e+01
-6.849236391404254221e+01
-6.912592971751011817e+01
-6.974245807479611869e+01
-7.034111587668662935e+01
-7.092193944623683421e+01
-7.148453039036738232e+01
-7.202851743586114708e+01
-7.255363778894997040e+01
-7.306009049186255311e+01
-7.354677043842380613e+01
-7.401431138699702217e+01
-7.446204294754173247e+01
-7.489016416228658102e+01
-7.529887407346026862e+01
-7.568706757488773462e+01
-7.605537842493222911e+01
-7.640357094968787521e+01
-7.673097475911418996e+01
-7.703778889543983155e+01
-7.732377768475892310e+01
-7.758914016930013702e+01
-7.783364067515759643e+01
-7.805660881229076153e+01
-7.825824362292838998e+01
-7.843830943316453386e+01
-7.859744000136248587e+01
-7.873496493748173464e+01
-7.885108328375096676e+01
-7.894599408239888305e+01
-7.901946165951953560e+01
-7.907125034120706175e+01
-7.910199388582474000e+01
-7.911102190333204476e+01
-7.909896815209226872e+01
-7.906472752593033704e+01
-7.900936849934409167e+01
-7.893265539842761314e+01
-7.883391783314047530e+01
-7.871378956184589981e+01
-7.857160019450338950e+01
-7.840841820561082898e+01
-7.822357320512770684e+01
-7.801726423528269549e+01
-7.778969033830449575e+01
-7.754061584028718812e+01
-7.726980506732490994e+01
-7.697832649391544635e+01
-7.666594444615293469e+01
-7.633242325013146967e+01
-7.597796194807968106e+01
-7.560275958222632653e+01
-7.520744991093459930e+01
-7.479136254416405905e+01
-7.435513124027792742e+01
-7.389895504150491945e+01
-7.342303299007366491e+01
-7.292712307203636612e+01
-7.241139262941194943e+01
-7.187687209644654729e+01
-7.132285304284796723e+01
-7.074993118672779246e+01
-7.015826753006300009e+01
-6.954802307483060986e+01
-6.892022825527671159e+01
-6.827417464110918388e+01
-6.761045795043955309e+01
-6.692923918524483895e+01
-6.623067934750200436e+01
-6.551537415532258990e+01
-6.478261517841447414e+01
-6.403343285102378957e+01
-6.326755345899291427e+01
-6.248513800429886089e+01
-6.168634748891861364e+01
-6.087221234709829787e+01
-6.004289358081491201e+01
-5.919855219204544738e+01
-5.833934918276685266e+01
-5.746631498722532427e+01
-5.657961060739779668e+01
-5.567939704526127542e+01
-5.476670473506190717e+01
-5.384125996264209846e+01
-5.290409316224796754e+01
-5.195493061972196358e+01
-5.099523748544474699e+01
-5.002474004525877405e+01
-4.904403401727559242e+01
-4.805284568733759443e+01
-4.705220548969094096e+01
-4.604183971017803856e+01
-4.502190935077587142e+01
-4.399344484573056491e+01
-4.295573776474996919e+01
-4.191025325821479441e+01
-4.085671761196744711e+01
-3.979703069252321512e+01
-3.873091878572451918e+01
-3.765941232581749176e+01
-3.658310703091367344e+01
-3.550303333525923222e+01
-3.441891752469656041e+01
-3.333179003347180469e+01
-3.224181186356194928e+01
-3.114957873307854896e+01
-3.005481692786402448e+01
-2.895895697729258700e+01
-2.786155206217414815e+01
-2.676299017458127949e+01
-2.566409402272112317e+01
-2.456438216639709182e+01
-2.346511202995092304e+01
-2.236536745705143758e+01
-2.126684058817493650e+01
-2.016904998312484310e+01
-1.907238363397371828e+01
-1.797775119215562256e+01
-1.688549717812967543e+01
-1.579613999880880826e+01
-1.471015458949250743e+01
-1.362801588548025045e+01
-1.255019882207152548e+01
-1.147696097649852653e+01
-1.040838603953962149e+01
-9.344688116813555823e+00
-8.286081313939050119e+00
-7.232736264921398650e+00
-6.184780132152413401e+00
-5.142470492864309684e+00
-4.106369225583464733e+00
-3.077125152063199920e+00
-2.055387094056827735e+00
-1.041803873317664220e+00
-3.693736837210699619e-02
9.585201274130767946e-01
1.944006735511479844e+00
2.919351821917834933e+00
3.884297809399933854e+00
4.838761007179414264e+00
5.782570781250996994e+00
6.715513025995944574e+00
7.637504050635900654e+00
8.548242806325189846e+00
9.447341300991265456e+00
1.033419418449426175e+01
1.120832652153469411e+01
1.206913296197271279e+01
1.291613857050883141e+01
1.374878146861664696e+01
1.456654324938322098e+01
1.536916633557636658e+01
1.615627577660753644e+01
1.692764442537396974e+01
1.768296253870731860e+01
1.842194993413638215e+01
1.914431686543501598e+01
1.984981311640523671e+01
2.053831876912917664e+01
2.120974474139444865e+01
2.186400195098866206e+01
2.250100131569942974e+01
2.312067548912109416e+01
2.372293104187992796e+01
2.430763107298874104e+01
2.487450826661996572e+01
2.542329530694603434e+01
2.595368140652594136e+01
2.646535577791865990e+01
2.695805110529662230e+01
2.743141312960535672e+01
2.788526147824421386e+01
2.831958966506638120e+01
2.873460856199231728e+01
2.913031168287522021e+01
2.950690989963554856e+01
2.986444019773994185e+01
3.020306997749542788e+01
3.052287969598208406e+01
3.082373245221273450e+01
3.110557828842710393e+01
3.136823683202453950e+01
3.161165812524476237e+01
3.183561832387367474e+01
3.204011094176446761e+01
3.222495560631647749e+01
3.239010235976942909e+01
3.253545777274960216e+01
3.266097188749672142e+01
3.276650780302359323e+01
3.285205903318339438e+01
3.291748867698892411e+01
3.296279024829340187e+01
3.298808767579035361e+01
3.299354835978680001e+01
3.297942664381666589e+01
3.294580298496006066e+01
3.289293172675090204e+01
3.282093679788275153e+01
3.273002907027606767e+01
3.262033247262441193e+01
3.249192746200788662e+01
3.234502491034696448e+01
3.217970527472173359e+01
3.199609248382575544e+01
3.179435393796604004e+01
3.157457009422268612e+01
3.133690074062572606e+01
3.108147521609725317e+01
3.080832830405546474e+01
3.051762520275891788e+01
3.020944416723929038e+01
2.988386345252821030e+01
2.954100478527081108e+01
2.918107683533911256e+01
2.880424480099168605e+01
2.841071735210054783e+01
2.800070315853773906e+01
2.757441089017527247e+01
2.713204921688517857e+01
2.667378333692603931e+01
2.619986539178332663e+01
2.571054752294252665e+01
2.520599492866220714e+01
2.468654669365477616e+01
2.415236801617879081e+01
2.360371103771974077e+01
2.304082789976312284e+01
2.246410115863476875e+01
2.187382642743363803e+01
2.127038626248559439e+01
2.065411974850301746e+01
2.002545291342523015e+01
1.938468137035117778e+01
1.873218767560672049e+01
1.806831091390424504e+01
1.739334669834269675e+01
1.670763411363448725e+01
1.601146877287854409e+01
1.530523323240073452e+01
1.458917963368653936e+01
1.386369053306180987e+01
1.312910501523895412e+01
1.238584910815728790e+01
1.163426189652919973e+01
1.087476940829401073e+01
1.010775419977757394e+01
9.333555355692297439e+00
8.552598903977491673e+00
7.765310872572469769e+00
6.972160761029999598e+00
6.173531125675950193e+00
5.369891466063084096e+00
4.561711281744173618e+00
3.749416600658534549e+00
2.933389979132029257e+00
2.114187859944339998e+00
1.292114821096551402e+00
4.675113001983390859e-01
-3.594471866923268366e-01
-1.188454708677074034e+00
-2.019292278084474646e+00
-2.851697435629628963e+00
-3.685407722027639998e+00
-4.520030263153230088e+00
-5.355215656494593190e+00
-6.190657971153368244e+00
-7.026051276231207510e+00
-7.861002697602836875e+00
-8.695162832756437865e+00
-9.528312694020575790e+00
-1.036014635049689758e+01
-1.119035787128704307e+01
-1.201864132549266095e+01
-1.284473425382884670e+01
-1.366833072539724725e+01
-1.448916828091297226e+01
-1.530689751786420061e+01
-1.612116903373912535e+01
-1.693172036925283663e+01
-1.773820212189353285e+01
-1.854022141753594255e+01
-1.933755926850862750e+01
-2.012977932907284639e+01
-2.091666261155717521e+01
-2.169784232480440878e+01
-2.247302992656156917e+01
-2.324191948593031753e+01
-2.400420072485093925e+01
-2.475956336526374102e+01
-2.550771060530919598e+01
-2.624836129290859787e+01
-2.698124123144144093e+01
-2.770608317974533819e+01
-2.842261598421269397e+01
-2.913056849123593040e+01
-2.982963476991668017e+01
-3.051960452690619974e+01
-3.120008488807921765e+01
-3.187076992253737728e+01
-3.253126675615542496e+01
-3.318131292964843482e+01
-3.382051556889115318e+01
-3.444856874298522342e+01
-3.506512304941883684e+01
-3.566974214245324504e+01
-3.626212009119011270e+01
-3.684188985706654051e+01
-3.740878774376918869e+01
-3.796257589054705051e+01
-3.850305990826264235e+01
-3.903004540777842379e+01
-3.954346841479724617e+01
-4.004335189824890051e+01
-4.052976229867658731e+01
-4.100263564178318632e+01
-4.146199489649845304e+01
-4.190781956013870513e+01
-4.234017607324715726e+01
-4.275900046152668921e+01
-4.316414180745321261e+01
-4.355557960834304509e+01
-4.393324988989905933e+01
-4.429708867782409243e+01
-4.464698852620755076e+01
-4.498288546075229277e+01
-4.530454162070731883e+01
-4.561176261693513112e+01
-4.590435406029821763e+01
-4.618203461843211954e+01
-4.644465337381280534e+01
-4.669192899407581621e+01
-4.692371056169711352e+01
-4.714023840367373452e+01
-4.734166590377583361e+01
-4.752823338900046934e+01
-4.770018118634468607e+01
-4.785779309441902996e+01
-4.800122249699359855e+01
-4.813070972106547885e+01
-4.824610384911060379e+01
-4.834721049199145426e+01
-4.843387873218398454e+01
-4.850591418055065418e+01
-4.856316591956739614e+01
-4.860548303171017182e+01
-4.863267112784145496e+01
-4.864488359173138576e+01
-4.864227380715011861e+01
-4.862486474302740902e+01
-4.859320102765452987e+01
-4.854704480028048152e+01
-4.848702763242346236e+01
-4.841291166333249407e+01
-4.832489374839116181e+01
-4.822273602684851568e+01
-4.810750478635726779e+01
-4.797895492077983448e+01
-4.783681234243194780e+01
-4.768123043437732633e+01
-4.751236257967966736e+01
-4.733079687753721743e+01
-4.713625199487911033e+01
-4.692844659863446566e+01
-4.670840350413612185e+01
-4.647540666217862793e+01
-4.622960945582568115e+01
-4.597203470041011997e+01
-4.570153163059190149e+01
-4.541955777783846315e+01
-4.512539709294434687e+01
-4.481920295897324280e+01
-4.450199819125798939e+01
-4.417306674059314986e+01
-4.383299670617696364e+01
-4.348194147107315644e+01
-4.312005441834540420e+01
-4.274748893105740422e+01
-4.236483310840742433e+01
-4.197180561732458415e+01
-4.156899455700715862e+01
-4.115655331051883792e+01
-4.073420054478874164e+01
-4.030295907514970111e+01
-3.986298228466544202e+01
-3.941398884026505556e+01
-3.895700155728140146e+01
-3.849130438650900032e+01
-3.801792014328073321e+01
-3.753700221066026188e+01
-3.704870397171131202e+01
-3.655361352563210886e+01
-3.605101482321724404e+01
-3.554236539593410527e+01
-3.502738391071183344e+01
-3.450622375061409741e+01
-3.397947301483918636e+01
-3.344771980258536814e+01
-3.291068278078174814e+01
-3.236938476476118609e+01
-3.182354442145279805e+01
-3.127418456618941534e+01
-3.072102386590018241e+01
-3.016465041978335293e+01
-2.960565232703718763e+01
-2.904418297072540156e+01
-2.848083045004624125e+01
-2.791528212539608234e+01
-2.734840427944395103e+01
-2.677972773992237165e+01
-2.621000053974071875e+01
-2.563927516599300915e+01
-2.506769104900019229e+01
-2.449547456231012887e+01
-2.392285207947068315e+01
-2.335000650241624598e+01
-2.277716420469469583e+01
-2.220455155985388629e+01
-2.163230799821476324e+01
-2.106079030816555431e+01
-2.049009444841375682e+01
-1.992049026412068358e+01
-1.935224760044766157e+01
-1.878550588771562602e+01
-1.822049149947244828e+01
-1.765751775249289679e+01
-1.709668060548446533e+01
-1.653829337522192233e+01
-1.598253896363968174e+01
-1.542964374428559360e+01
-1.487983409070752572e+01
-1.433333637645334413e+01
-1.379046391829780482e+01
-1.325144308978879515e+01
-1.271658720770107465e+01
-1.218607917396905371e+01
-1.166023230536750255e+01
-1.113931644705774815e+01
-1.062351450097418137e+01
-1.011309631227813455e+01
-9.608288254517461269e+00
-9.109316701240027569e+00
-8.616364554380227858e+00
-8.129745130712842993e+00
-7.649641332172285146e+00
-7.176279532306400810e+00
-6.709929576276517871e+00
-6.250861309243953556e+00
-5.799301104756565017e+00
-5.355475336362218286e+00
-4.919653849222228814e+00
-4.492063016884459969e+00
-4.072972684510228980e+00
-3.662565754033937804e+00
-3.261068599003453361e+00
-2.868751064580087107e+00
-2.485796052698244551e+00
-2.112406806049709207e+00
-1.748737515515396135e+00
-1.394832297893228379e+00
-1.050778741594579735e+00
-7.166644350308354339e-01
-3.926204382268268511e-01
-7.864739636702144931e-02
2.250801589102861544e-01
5.185181108071791334e-01
8.016223425257352764e-01
1.074305265654569075e+00
1.336566235009223780e+00
1.588317662178320822e+00
1.829471958750472416e+00
2.060028479541225810e+00
2.279899636139198993e+00
2.489084783359923225e+00
2.687496332792021381e+00
2.875133639251032491e+00
3.051952585939035512e+00
3.217865584444645766e+00
3.372915461196866804e+00
3.517014627784309511e+00
3.650140703215786875e+00
3.772314778113563083e+00
3.883514471486442687e+00
3.983743485311313393e+00
4.072983785758323094e+00
4.151234727643009492e+00
4.218486971458218271e+00
4.274748566342174705e+00
4.320040602917147865e+00
4.354366348443880597e+00
4.377744285247834100e+00
4.390184201331772229e+00
4.391700231859807069e+00
4.382313032738069936e+00
4.362074124718245294e+00
4.331030681390672044e+00
4.289242917829727553e+00
4.236766701948443625e+00
4.173653554498503837e+00
4.099968037715632008e+00
4.015761672351511713e+00
3.921116409287250804e+00
3.816118546565300029e+00
3.700850035066763244e+00
3.575405867156784545e+00
3.439820174941666142e+00
3.294266199690773611e+00
3.138736779826153178e+00
2.973416046263178014e+00
2.798307727069896611e+00
2.613545965154734585e+00
2.419177960199200061e+00
2.215337855111717325e+00
2.002116321187249692e+00
1.779560558107310841e+00
1.547848180393780471e+00
1.307026387728164485e+00
1.057316266245803771e+00
7.988084872416658655e-01
5.315937220107158634e-01
2.558061134613742738e-01
-2.837672388447196048e-02
-3.208641187318592158e-01
-6.214784565589085430e-01
-9.300855944571911893e-01
-1.246594861131743670e+00
-1.570741698833768796e+00
-1.902522379495215965e+00
-2.241672345367291541e+00
-2.588013981928110052e+00
-2.941413146269246770e+00
-3.301561809028453087e+00
-3.668325827297300279e+00
-4.041527586553909757e+00
-4.420859057436029360e+00
-4.806186097035227256e+00
-5.197287619216172772e+00
-5.593986009456980213e+00
-5.995973238395396088e+00
-6.403158634736458410e+00
-6.815234169117906582e+00
-7.232065698631322093e+00
-7.653388665527906198e+00
-8.078981983672321121e+00
-8.508581095315767229e+00
-8.941964914322911184e+00
-9.378868882944951579e+00
-9.819028443433092335e+00
-1.026217903803854270e+01
-1.070809958062595690e+01
-1.115656898505999806e+01
-1.160724444468764815e+01
-1.205989183188953007e+01
-1.251424224175549682e+01
-1.297003111653676122e+01
-1.342699389848452185e+01
-1.388484864120459861e+01
-1.434332314877843828e+01
-1.480223639312616690e+01
-1.526143448528891255e+01
-1.572077223063048734e+01
-1.618008704586933888e+01
-1.663923373636928460e+01
-1.709806145618439643e+01
-1.755641622941258007e+01
-1.801414703622145197e+01
-1.847110059625473255e+01
-1.892712875880652845e+01
-1.938207850435022550e+01
-1.983580029108831511e+01
-2.028813153573922889e+01
-2.073890965502140915e+01
-2.118795032984656146e+01
-2.163508662977178076e+01
-2.208013858287011999e+01
-2.252292621721463917e+01
-2.296329564384646460e+01
-2.340102341922519003e+01
-2.383600782032810272e+01
-2.426797323767864611e+01
-2.469681794825409682e+01
-2.512230981419137166e+01
-2.554430364085428096e+01
-2.596261076199319717e+01
-2.637699903974501936e+01
-2.678736675108702414e+01
-2.719348175815612834e+01
-2.759519886631614582e+01
-2.799228593770398632e+01
-2.838459777768346726e+01
-2.877190224839150190e+01
-2.915405415519190768e+01
-2.953086483183504640e+01
-2.990214561207127630e+01
-3.026766435803752131e+01
-3.062723240348412546e+01
-3.098070455377492394e+01
-3.132784867104681581e+01
-3.166851956066362561e+01
-3.200244161314880387e+01
-3.232955657709307928e+01
-3.264958884301991304e+01
-3.296239321629312258e+01
-3.326778103066305192e+01
-3.356556361988009485e+01
-3.385559578930806168e+01
-3.413764540108384438e+01
-3.441163070257866963e+01
-3.467737593628564241e+01
-3.493494267315906399e+01
-3.518417512608598230e+01
-3.542509139440727495e+01
-3.565757916262340643e+01
-3.588161305846179516e+01
-3.609716770964983823e+01
-3.630417427230150196e+01
-3.650252043091727217e+01
-3.669226775645145722e+01
-3.687330393340454293e+01
-3.704556011789051695e+01
-3.720909788086366632e+01
-3.736376143521101767e+01
-3.750961235188691489e+01
-3.764662525861877640e+01
-3.777473131152051167e+01
-3.789390513831955332e+01
-3.800416483835675763e+01
-3.810544156774606250e+01
-3.819775342582836686e+01
-3.828107504033103936e+01
-3.835538103898149132e+01
-3.842064604950715534e+01
-3.847688817124885929e+01
-3.852412550354748788e+01
-3.856228920251699321e+01
-3.859139736749823868e+01
-3.861151156944552554e+01
-3.862260643608627930e+01
-3.862470006676136336e+01
-3.861781056081161978e+01
-3.860191254596449539e+01
-3.857702412156080385e+01
-3.854325033016836244e+01
-3.850056579951456115e+01
-3.844903210055373677e+01
-3.838862386101327218e+01
-3.831944612346095624e+01
-3.824151698723765236e+01
-3.815481108007077182e+01
-3.805947691614155559e+01
-3.795548912317737944e+01
-3.784290927213260858e+01
-3.772179893396153005e+01
-3.759221967961848065e+01
-3.745418960844430956e+01
-3.730777029139336776e+01
-3.715315371426032698e+01
-3.699039628834292870e+01
-3.681953378631261131e+01
-3.664068376441112918e+01
-3.645392030726679167e+01
-3.625927402789447029e+01
-3.605686248253590520e+01
-3.584675975581941998e+01
-3.562899646075985771e+01
-3.540373362521243905e+01
-3.517095839057857631e+01
-3.493078831310000965e+01
-3.468334094901851472e+01
-3.442864691134893462e+01
-3.416686722794651132e+01
-3.389811945505299207e+01
-3.362247767729670045e+01
-3.334005945091939793e+01
-3.305098233216283887e+01
-3.275536387726879894e+01
-3.245336511409249169e+01
-3.214510359887569280e+01
-3.183069688786017437e+01
-3.151030600890113575e+01
-3.118409198985382602e+01
-3.085217238695999598e+01
-3.051466475646141063e+01
-3.017177359782675694e+01
-2.982361646729779991e+01
-2.947035439272975665e+01
-2.911206145875094720e+01
-2.874898563644349636e+01
-2.838120101043572063e+01
-2.800886860858283356e+01
-2.763219293035352919e+01
-2.725137847521648382e+01
-2.686667321425382937e+01
-2.647819470370734152e+01
-2.608623438627261137e+01
-2.569095328980485959e+01
-2.529255591377276247e+01
-2.489129022925846257e+01
-2.448727379250373559e+01
-2.408075457459070634e+01
-2.367189360337460968e+01
-2.326093884993757399e+01
-2.284800787052136073e+01
-2.243339210782158943e+01
-2.201720911808000380e+01
-2.159979381560565770e+01
-2.118135069986723806e+01
-2.076210508598821392e+01
-2.034210472203043807e+01
-1.992154858655095495e+01
-1.950050524326638168e+01
-1.907904325589338868e+01
-1.865727465976207000e+01
-1.823535496181601090e+01
-1.781330925415838351e+01
-1.739129304373275531e+01
-1.696941836586923102e+01
-1.654775378428447041e+01
-1.612649827753548237e+01
-1.570567693772545859e+01
-1.528557568663834942e+01
-1.486621961637733769e+01
-1.444780770549943760e+01
-1.403045198933476634e+01
-1.361435144644034523e+01
-1.319953116891936240e+01
-1.278623360694229127e+01
-1.237457079583925257e+01
-1.196461129932687939e+01
-1.155655409596220551e+01
-1.115046774946187647e+01
-1.074655123838291182e+01
-1.034496006966887371e+01
-9.945762807036414799e+00
-9.549114957429100770e+00
-9.155258971017408598e+00
-8.764219939904526413e+00
-8.376240314260936515e+00
-7.991388657803287110e+00
-7.609863949088597757e+00
-7.231778223446982956e+00
-6.857330459435459602e+00
-6.486632692384130650e+00
-6.119883900850023650e+00
-5.757152648549774376e+00
-5.398681385653886444e+00
-5.044538675878984968e+00
-4.694923497782103716e+00
-4.349947886693342092e+00
-4.009767349556273786e+00
-3.674580864927910806e+00
-3.344456996524912906e+00
-3.019551251290830240e+00
-2.700106079396159320e+00
-2.386146572944074506e+00
-2.077958653718520843e+00
-1.775610885436142095e+00
-1.479285132793602076e+00
-1.189051333432627366e+00
-9.049623111345843629e-01
-6.270708896808365740e-01
-3.553864212392977007e-01
-8.991825797786914820e-02
1.692373047086190851e-01
4.220709146522654276e-01
6.685732196851542630e-01
9.086479244124716637e-01
1.142329148279759954e+00
1.369520595892201209e+00
1.590212915081882228e+00
1.804396753680895804e+00
2.012062759521336730e+00
2.213071165594922896e+00
2.407499562960660811e+00
2.595251656223727110e+00
2.776318093216215921e+00
2.950732993383671676e+00
3.118400061331275452e+00
3.279353416504578345e+00
3.433540235122209960e+00
3.580951165016263538e+00
3.721533382405373569e+00
3.855364478348550339e+00
3.982348157450966930e+00
4.102518539158172217e+00
4.215874965624952786e+00
4.322386348876670503e+00
4.422056378229452633e+00
4.514884395838084430e+00
4.600887132502733401e+00
4.680063930378179471e+00
4.752422825941899909e+00
4.817980549994063111e+00
4.876732097528102550e+00
4.928698546505533962e+00
4.973892280565175739e+00
5.012337420681483913e+00
5.044057218396639009e+00
5.069074055820563807e+00
5.087405098469555575e+00
5.099077510331010643e+00
5.104116716527785869e+00
5.102556836505432791e+00
5.094453725516228992e+00
5.079845850167068910e+00
5.058780371387540775e+00
5.031300102945884589e+00
4.997444540271725799e+00
4.957252946924262105e+00
4.910752573801384635e+00
4.857996754769059677e+00
4.799021435047869488e+00
4.733866907019742776e+00
4.662573463066607360e+00
4.585172701247699933e+00
4.501770121365134436e+00
4.412336461219309669e+00
4.317016345064449645e+00
4.215867453927866215e+00
4.108990940450328644e+00
3.996401014045690037e+00
3.878242298968178403e+00
3.754529004631646849e+00
3.625362283676862418e+00
3.490843288744595707e+00
3.351073172475615980e+00
3.206066144283775454e+00
3.055966828423302584e+00
2.900876377534964856e+00
2.740809001032616710e+00
2.575909323170483489e+00
2.406278496589334903e+00
2.232017673929940216e+00
2.053271479446526104e+00
1.870097594166401533e+00
1.682684113957253258e+00
1.491045248232933496e+00
1.295325621247668701e+00
1.095669857255686219e+00
8.921791088977542028e-01
6.849980004280995516e-01
4.742276844874917519e-01
2.599693137166980694e-01
4.236751236994595882e-02
-1.784330952985382357e-01
-4.022878850345280033e-01
-6.290087609703407523e-01
-8.585380420786651312e-01
-1.090644160878354363e+00
-1.325225964728644401e+00
-1.562095357761853487e+00
-1.801107715723751390e+00
-2.042118414360110545e+00
-2.284982829416708050e+00
-2.529512865025857593e+00
-2.775563896933332497e+00
-3.022991300884910082e+00
-3.271624914183526744e+00
-3.521409778428089332e+00
-3.772221925161206357e+00
-4.024067800765867453e+00
-4.276823436784683352e+00
-4.530451807987179613e+00
-4.784828945915971410e+00
-5.039917825340586965e+00
-5.295594477803638789e+00
-5.551865349688110740e+00
-5.808519529309704055e+00
-6.065563463051400817e+00
-6.322873182455813534e+00
-6.580368190679015683e+00
-6.837924519263615331e+00
-7.095505142979146918e+00
-7.352986093368217624e+00
-7.610330345200353896e+00
-7.867370458404717048e+00
-8.124025936137375226e+00
-8.380242364522471732e+00
-8.635908816586658432e+00
-8.890914365356580973e+00
-9.145139389536204533e+00
-9.398477309313520323e+00
-9.650804156231142628e+00
-9.902017697638411775e+00
-1.015198961791659649e+01
-1.040061768441503709e+01
-1.064779097016038456e+01
-1.089340289534063544e+01
-1.113734688014378094e+01
-1.137952069191916848e+01
-1.161981340369344196e+01
-1.185811843565460322e+01
-1.209433790231333816e+01
-1.232834783521225575e+01
-1.256003513379733683e+01
-1.278928800166296043e+01
-1.301598942580989160e+01
-1.324002587096797789e+01
-1.346127641169277034e+01
-1.367963446817226725e+01
-1.389497607194907758e+01
-1.410718594888850497e+01
-1.431614447769451104e+01
-1.452173638423239943e+01
-1.472384204720612821e+01
-1.492234184531965901e+01
-1.511712050443829014e+01
-1.530808134978267887e+01
-1.549518471534949349e+01
-1.567840084016806301e+01
-1.585770431042905848e+01
-1.603308710096853673e+01
-1.620449771500909009e+01
-1.637188465577332508e+01
-1.653529641119479265e+01
-1.669460758275319989e+01
-1.684986665838211550e+01
-1.700094823956124301e+01
-1.714790081422414403e+01
-1.729064245546399547e+01
-1.742913470798742637e+01
-1.756338258811453912e+01
-1.769339111216541838e+01
-1.781907835323324463e+01
-1.794044932763810607e+01
-1.805750905170011578e+01
-1.817017559851242225e+01
-1.827854092762205340e+01
-1.838247964050873051e+01
-1.848204022510599387e+01
-1.857714075450702040e+01
-1.866782971664536817e+01
-1.875406865622767327e+01
-1.883581911796056474e+01
-1.891304264655068579e+01
-1.898583120154503590e+01
-1.905405938442334346e+01
-1.911781915473261506e+01
-1.917702858556602052e+01
-1.923173616485712145e+01
-1.928190343731253620e+01
-1.932757889086584058e+01
-1.936868059861019020e+01
-1.940530052009260586e+01
-1.943735672840626094e+01
-1.946489771148470993e+01
-1.948797195726150022e+01
-1.950649753882980519e+01
-1.952052294412317934e+01
-1.953009666107517717e+01
-1.953518023439243123e+01
-1.953577868039503329e+01
-1.953198395862998638e+01
-1.952375761380393371e+01
-1.951110466223697060e+01
-1.949407359186263733e+01
-1.947266941900103632e+01
-1.944693899424109418e+01
-1.941692261879326864e+01
-1.938261548490991970e+01
-1.934401278484343223e+01
-1.930119665407309881e+01
-1.925420575646473864e+01
-1.920299181265728095e+01
-1.914763695813000055e+01
-1.908817985674874862e+01
-1.902465917237934079e+01
-1.895711356888761756e+01
-1.888553823852594604e+01
-1.881005878838708156e+01
-1.873067041072339123e+01
-1.864736829778724925e+01
-1.856027805667140740e+01
-1.846943835124169198e+01
-1.837484437375048074e+01
-1.827657825967706273e+01
-1.817467867288727135e+01
-1.806922774886039207e+01
-1.796026415146225830e+01
-1.784791348778561471e+01
-1.773217095008283906e+01
-1.761316214544667957e+01
-1.749096920935641819e+01
-1.736563080567788830e+01
-1.723722906989038961e+01
-1.710584613747320049e+01
-1.697152067229215433e+01
-1.683437828144000292e+01
-1.669450110039603175e+01
-1.655188432141260790e+01
-1.640669702319594947e+01
-1.625897786961188274e+01
-1.610880899613968964e+01
-1.595635948148559002e+01
-1.580166798951539953e+01
-1.564481665570841962e+01
-1.548593108715738786e+01
-1.532509341934159863e+01
-1.516238578774034274e+01
-1.499797727105981870e+01
-1.483186306155240786e+01
-1.466421223792430517e+01
-1.449510693565481034e+01
-1.432467276183666272e+01
-1.415294838033569746e+01
-1.398014634147157587e+01
-1.380630530911013132e+01
-1.363158085028083910e+01
-1.345598754207938619e+01
-1.327965686476509433e+01
-1.310258988375692368e+01
-1.292483113608728651e+01
-1.274646863040204892e+01
-1.256745996050671010e+01
-1.238793660666060603e+01
-1.220789963428268621e+01
-1.202739358040536111e+01
-1.184650645367450927e+01
-1.166528279112253763e+01
-1.148376712978186021e+01
-1.130196053507143716e+01
-1.112003795886404589e+01
-1.093800046657865011e+01
-1.075589259524765673e+01
-1.057384582513039994e+01
-1.039181775003237185e+01
-1.020998332182636581e+01
-1.002834360593133489e+01
-9.846986610993138100e+00
-9.666043817271122052e+00
-9.485472818570773512e+00
-9.305448566764880525e+00
-9.125972127272401480e+00
-8.947131508739206041e+00
-8.769014719811158542e+00
-8.591709769134141084e+00
-8.415217722127097844e+00
-8.239670059049364781e+00
-8.065111316933350594e+00
-7.891629504424930275e+00
-7.719269158556514299e+00
-7.548161759587435071e+00
-7.378395316163554263e+00
-7.210014365317293894e+00
-7.043193858921437567e+00
-6.877934862394941007e+00
-6.714368855997123298e+00
-6.552540376760413565e+00
-6.392624376557587418e+00
-6.234578449194144056e+00
-6.078534074929411446e+00
-5.924579262409265468e+00
-5.772802020279571344e+00
-5.623203413959288355e+00
-5.476001866934654849e+00
-5.331154973011173581e+00
-5.188837684061629929e+00
-5.049083148330426596e+00
-4.911965902136855355e+00
-4.777462149785281831e+00
-4.645591567193524618e+00
-4.516417301892869496e+00
-4.389872086574226451e+00
-4.266062540382328017e+00
-4.144964867621544258e+00
-4.026598744209696434e+00
-3.910940374451150170e+00
-3.798052905877189911e+00
-3.687912542792177284e+00
-3.580625904340853705e+00
-3.476125723214124719e+00
-3.374431675329818692e+00
-3.275650379832666825e+00
-3.179714569413583991e+00
-3.086687391603846642e+00
-2.996545050707824842e+00
-2.909350694256795933e+00
-2.825123998168582951e+00
-2.743797695134096770e+00
-2.665434932684617397e+00
-2.590055386737969201e+00
-2.517635261598513807e+00
-2.448237704797536995e+00
-2.381795449025946532e+00
-2.318371641815019757e+00
-2.257942487469128956e+00
-2.200571133519545697e+00
-2.146190312657186183e+00
-2.094906644026786058e+00
-2.046609388705796562e+00
-2.001361694225498589e+00
-1.959183236503714509e+00
-1.920006748231352756e+00
-1.883938848553153189e+00
-1.850868798546565941e+00
-1.820903217356329540e+00
-1.793931366059893673e+00
-1.770016392188540788e+00
-1.749134500046635177e+00
-1.731305365552001652e+00
-1.716505193009005836e+00
-1.704710186722012688e+00
-1.695896550995388496e+00
-1.690127433360414155e+00
-1.687379038121455732e+00
-1.687540626355963802e+00
-1.690718817208677560e+00
-1.696842499474779720e+00
-1.705907782432131148e+00
-1.717911278624212557e+00
-1.732832211949120627e+00
-1.750645459143610250e+00
-1.771334591267122338e+00
-1.794874485056411118e+00
-1.821244364409574379e+00
-1.850427800386055477e+00
-1.882399669722606861e+00
-1.917130501994635416e+00
-1.954586479616201578e+00
-1.994742479324057127e+00
-2.037569030693609839e+00
-2.083032316138920148e+00
-2.131098518074047377e+00
-2.181742513235746195e+00
-2.234921789715384577e+00
-2.290598182765677837e+00
-2.348733527639340402e+00
-2.409289659589088028e+00
-2.472224066706289136e+00
-2.537502931405006823e+00
-2.605083741776606843e+00
-2.674910944428424031e+00
-2.746942027451826807e+00
-2.821117090292801333e+00
-2.897384926720025344e+00
-2.975698677663522140e+00
-3.056007136891969900e+00
-3.138250403851355230e+00
-3.222372925149008971e+00
-3.308319147392264181e+00
-3.396024822865761905e+00
-3.485434398176832094e+00
-3.576483625610116679e+00
-3.669116951772947832e+00
-3.763270128949965265e+00
-3.858878909425810466e+00
-3.955870351162431575e+00
-4.054175859283123629e+00
-4.153722491749836543e+00
-4.254441653685862690e+00
-4.356264750214498882e+00
-4.459114492136348140e+00
-4.562922284574705500e+00
-4.667610838330172207e+00
-4.773098517042008382e+00
-4.879312378672160833e+00
-4.986170786859887905e+00
-5.093615055526355739e+00
-5.201608745138837087e+00
-5.310125324962471360e+00
-5.419133917101058628e+00
-5.528594949335700726e+00
-5.638486238092887959e+00
-5.748772558315071279e+00
-5.859418684944699862e+00
-5.970393740085571999e+00
-6.081662498680139528e+00
-6.193185388509503397e+00
-6.304922837354774323e+00
-6.416843967319745268e+00
-6.528909206185524283e+00
-6.641078981733211428e+00
-6.753313721743919196e+00
-6.865573853998748532e+00
-6.977806764794766359e+00
-7.089972881913080727e+00
-7.202023938812103232e+00
-7.313911668950247247e+00
-7.425592152947277036e+00
-7.537017124261598866e+00
-7.648138316351631438e+00
-7.758898768353094333e+00
-7.869250213724405363e+00
-7.979140038762627007e+00
-8.088515629764831516e+00
-8.197324373028083144e+00
-8.305513654849454142e+00
-8.413030861526008763e+00
-8.519819032193471031e+00
-8.625821205987561413e+00
-8.730989116366696834e+00
-8.835270149627943326e+00
-8.938598650584330230e+00
-9.040930699855620034e+00
-9.142196295093494740e+00
-9.242334128272329252e+00
-9.341282891366507357e+00
-9.438981276350396854e+00
-9.535359280875688626e+00
-9.630359944078103140e+00
-9.723921957932015303e+00
-9.815975320089112444e+00
-9.906463069685115030e+00
-9.995328245855745308e+00
-1.008250954057537996e+01
-1.016794564581839744e+01
-1.025157090639782353e+01
-1.033333728304412169e+01
-1.041322372854399525e+01
-1.049120507579485384e+01
-1.056733005943697457e+01
-1.064149526346354335e+01
-1.071374942251484974e+01
-1.078409779961770987e+01
-1.085245871457203926e+01
-1.091888090201812389e+01
-1.098336962498278169e+01
-1.104584320326593172e+01
-1.110630689989439901e+01
-1.116480944950846244e+01
-1.122126917190803574e+01
-1.127573480173340492e+01
-1.132816813039793225e+01
-1.137853094931499243e+01
-1.142687199312486612e+01
-1.147310958162746353e+01
-1.151729244946307240e+01
-1.155938238804505680e+01
-1.159938466040024352e+01
-1.163726105794200016e+01
-1.167301684369715709e+01
-1.170665728069253397e+01
-1.173818763195496473e+01
-1.176752621728435244e+01
-1.179476524293444228e+01
-1.181982302870514445e+01
-1.184270483762328752e+01
-1.186341593271569472e+01
-1.188196157700918931e+01
-1.189834703353060164e+01
-1.191253409369329930e+01
-1.192452802052410732e+01
-1.193433407704985427e+01
-1.194191405468390599e+01
-1.194731668806654490e+01
-1.195050376861114216e+01
-1.195152403095798022e+01
-1.195033926652043021e+01
-1.194691126671185444e+01
-1.194133223778599806e+01
-1.193352049954277661e+01
-1.192352478662246540e+01
-1.191130689043843915e+01
-1.189691554563097320e+01
-1.188031254361344402e+01
-1.186150314741267664e+01
-1.184053609166895349e+01
-1.181737342115898848e+01
-1.179202166572635591e+01
-1.176453108019142846e+01
-1.173490844776112674e+01
-1.170311708002891393e+01
-1.166925070342861837e+01
-1.163331610116716064e+01
-1.159523311322454653e+01
-1.155513893764806355e+01
-1.151295341441771747e+01
-1.146877026996734195e+01
-1.142255281589039839e+01
-1.137435130700725772e+01
-1.132417252652484585e+01
-1.127202325765007629e+01
-1.121795375520332527e+01
-1.116197080239151695e+01
-1.110412465403501869e+01
-1.104442209334075820e+01
-1.098291337512910104e+01
-1.091956181099351753e+01
-1.085450459898129338e+01
-1.078766157907243439e+01
-1.071908300608731857e+01
-1.064886260645977067e+01
-1.057696369178325924e+01
-1.050343651687816404e+01
-1.042833133656485245e+01
-1.035165493405024684e+01
-1.027345756415472344e+01
-1.019378948169865673e+01
-1.011270094150242471e+01
-1.003024219838640541e+01
-9.946420035557508754e+00
-9.861284707836119878e+00
-9.774886470042613240e+00
-9.687275576997359749e+00
-9.598502283520739198e+00
-9.508573372819668634e+00
-9.417582571327985264e+00
-9.325536662252602582e+00
-9.232485900413902158e+00
-9.138524012245710537e+00
-9.043614309341496238e+00
-8.947893989748546772e+00
-8.851369836673779190e+00
-8.754092104937573282e+00
-8.656154520973757371e+00
-8.557563867989253836e+00
-8.458413872417896329e+00
-8.358704225827642276e+00
-8.258536668070991738e+00
-8.157875432521111136e+00
-8.056728224164626084e+00
-7.955146219601613389e+00
-7.853137123818702214e+00
-7.750752113415970257e+00
-7.647955421766589268e+00
-7.544798225470636943e+00
-7.441288229514738006e+00
-7.337433138885519845e+00
-7.233284130183060157e+00
-7.128848908393982775e+00
-7.024178650118372502e+00
-6.919281060342852285e+00
-6.814207315667503373e+00
-6.709008592692408790e+00
-6.603692596404192372e+00
-6.498310503402933591e+00
-6.392913490288718137e+00
-6.287465790434709767e+00
-6.182062052054448920e+00
-6.076753451748016843e+00
-5.971504222888579960e+00
-5.866365542076222184e+00
-5.761432057524479511e+00
-5.656668002606520140e+00
-5.552124553922424433e+00
-5.447852888072277189e+00
-5.343904181656157881e+00
-5.240286139660691234e+00
-5.137093410299416796e+00
-5.034333698558958403e+00
-4.932058181039398193e+00
-4.830274562727359111e+00
-4.729077491836384262e+00
-4.628431201739632961e+00
-4.528473812264109277e+00
-4.429169556782976969e+00
-4.330613083509775585e+00
-4.232812097431129850e+00
-4.135817775147119235e+00
-4.039681293257826766e+00
-3.944453828363335468e+00
-3.850186557063727033e+00
-3.756887184345623520e+00
-3.664693830036025002e+00
-3.573614199121553092e+00
-3.483699468202286376e+00
-3.394957342264856681e+00
-3.307475547033548402e+00
-3.221227175048738456e+00
-3.136221867975006461e+00
-3.052512739090392113e+00
-2.970022486832565090e+00
-2.888847696093019835e+00
-2.808911065309423805e+00
-2.730309179373276773e+00
-2.653008208335699170e+00
-2.576974322247818971e+00
-2.502304106001131956e+00
-2.428920258033305135e+00
-2.356919363235835618e+00
-2.286267591659847387e+00
-2.216931113356466643e+00
-2.149006513217187386e+00
-2.082416489679680627e+00
-2.017257627635441697e+00
-1.953452625522138053e+00
-1.891054596617806061e+00
-1.830073182587033109e+00
-1.770518025094396819e+00
-1.712398765804481693e+00
-1.655681574768412601e+00
-1.600419565264228794e+00
-1.546578907343052922e+00
-1.494212714282926235e+00
-1.443330627748429018e+00
-1.393898817790690137e+00
-1.345970397687745512e+00
-1.299511537490718904e+00
-1.254575350477653117e+00
-1.211171478313128658e+00
-1.169266091048269507e+00
-1.128912301961116693e+00
-1.090076281102793754e+00
-1.052767670137882305e+00
-1.016996110730965519e+00
-9.827712445466240121e-01
-9.501027132494418437e-01
-9.189566868905419961e-01
-8.893862787479663856e-01
-8.614011304862930762e-01
-8.349239405431934102e-01
-8.100512938101607219e-01
-7.867493603383222123e-01
-7.650016988241846727e-01
-7.448353395777127517e-01
-7.262425356181057001e-01
-7.092198871259082216e-01
-6.937675462169528018e-01
-6.798824841028406896e-01
-6.675565296077667909e-01
-6.567902058786196928e-01
-6.475709945782507360e-01
-6.398863773695091517e-01
-6.337368773992836379e-01
-6.291099763304239811e-01
-6.260018501484737596e-01
-6.243956333549370852e-01
-6.242875019353553157e-01
-6.256692847139261326e-01
-6.285154218694618544e-01
-6.328264365488511789e-01
-6.385767689309066464e-01
-6.457582478398254944e-01
-6.543540077771122787e-01
-6.643558775669626826e-01
-6.757426445495365863e-01
-6.884930960649930931e-01
-7.025947137761825445e-01
-7.180262850232639327e-01
-7.347709443077424796e-01
-7.528118261311232962e-01
-7.721277178335647084e-01
-7.926974067552265968e-01
-8.145040273976130729e-01
-8.375220199395380094e-01
-8.617258245598145017e-01
-8.871029229212932243e-01
-9.136277552027878279e-01
-9.412791087444571936e-01
-9.700227294024231783e-01
-9.998374045168446633e-01
-1.030697574266535188e+00
-1.062568984507616943e+00
-1.095426075418902689e+00
-1.129238940017860626e+00
-1.163982018483303627e+00
-1.199625403832699222e+00
-1.236134841922169825e+00
-1.273476078607836737e+00
-1.311623554068513720e+00
-1.350539971147380447e+00
-1.390197596442577010e+00
-1.430562610526360467e+00
-1.471599889822582830e+00
-1.513272571890559304e+00
-1.555544229005737966e+00
-1.598378868159703092e+00
-1.641744904673503536e+00
-1.685629691334452840e+00
-1.730024989259331125e+00
-1.774919081835840906e+00
-1.820298557058760203e+00
-1.866150089866094319e+00
-1.912460659497142501e+00
-1.959217027833136227e+00
-2.006406174113375407e+00
-2.054013947315208366e+00
-2.102025022682421085e+00
-2.150421597576833488e+00
-2.199188042940936061e+00
-2.248306990852683374e+00
-2.297761942822297065e+00
-2.347536400359999664e+00
-2.397611691395342248e+00
-2.447965231412661424e+00
-2.498571827599489481e+00
-2.549407156575626665e+00
-2.600446894960871447e+00
-2.651665415226622802e+00
-2.703039263424949379e+00
-2.754542812027246157e+00
-2.806152172369450248e+00
-2.857842151639090389e+00
-2.909588426455969046e+00
-2.961366238723749600e+00
-3.013151265062234074e+00
-3.064918312658953425e+00
-3.116642319116277537e+00
-3.168293918346847260e+00
-3.219843092189099032e+00
-3.271259692066629921e+00
-3.322513873704330045e+00
-3.373574879923209480e+00
-3.424413301164294321e+00
-3.474999162737632652e+00
-3.525301185804873949e+00
-3.575288526243799225e+00
-3.624931644080592541e+00
-3.674198391044633194e+00
-3.723058792445971488e+00
-3.771482438878523524e+00
-3.819437182071666825e+00
-3.866887830741838616e+00
-3.913800063037740973e+00
-3.960133036366063397e+00
-4.005857645469124151e+00
-4.050933917185878919e+00
-4.095335787463711519e+00
-4.139045009908915773e+00
-4.182065941558903432e+00
-4.224389897967053109e+00
-4.266012541848082762e+00
-4.306938230239406806e+00
-4.347158278694401190e+00
-4.386668349927787425e+00
-4.425464106654287910e+00
-4.463541211588624158e+00
-4.500890980284169451e+00
-4.537509075455647967e+00
-4.573382465495088312e+00
-4.608511160278559338e+00
-4.642886475359435217e+00
-4.676495379129748109e+00
-4.709337881465561537e+00
-4.741400950758909438e+00
-4.772680249724510659e+00
-4.803171441077086712e+00
-4.832865840370016208e+00
-4.861750415995327756e+00
-4.889825177829088432e+00
-4.917077094263327730e+00
-4.943506175174112727e+00
-4.969099388953474694e+00
-4.993852398316134256e+00
-5.017760865976814699e+00
-5.040811760327541968e+00
-5.063000744083042903e+00
-5.084319132796689900e+00
-5.104762589183205357e+00
-5.124322428795965223e+00
-5.142989967188344558e+00
-5.160756519913720197e+00
-5.177613402525467201e+00
-5.193560624899652645e+00
-5.208585155428306912e+00
-5.222682656826151515e+00
-5.235853138969254417e+00
-5.248083570249646002e+00
-5.259373960543392457e+00
-5.269711278242523278e+00
-5.279099880384450216e+00
-5.287526735361208985e+00
-5.294996200210206894e+00
-5.301495243323477879e+00
-5.307019527415739901e+00
-5.311573409524408262e+00
-5.315143858041512459e+00
-5.317731966449493086e+00
-5.319338815494939254e+00
-5.319966569530812706e+00
-5.319626087232761869e+00
-5.318315185792408251e+00
-5.316044723885404721e+00
-5.312812518703363907e+00
-5.308629428921939564e+00
-5.303497618894094323e+00
-5.297423600134136379e+00
-5.290413884156372148e+00
-5.282479329636450949e+00
-5.273622100927340739e+00
-5.263848709543345272e+00
-5.253165666998771854e+00
-5.241605567776005614e+00
-5.229122757453199100e+00
-5.215767219158122359e+00
-5.201523728598348661e+00
-5.186464004708377651e+00
-5.170529351582327848e+00
-5.153748016541233490e+00
-5.136148246906133252e+00
-5.117714818384603070e+00
-5.098475978297681621e+00
-5.078459973966404029e+00
-5.057651581098349780e+00
-5.036079047014551335e+00
-5.013770619036049148e+00
-4.990711072870420040e+00
-4.966885184225241723e+00
-4.942364672035009399e+00
-4.917177783620758191e+00
-4.891265823076610175e+00
-4.864700509337056111e+00
-4.837466618109679040e+00
-4.809635868328967057e+00
-4.781149564089048454e+00
-4.752079424324409551e+00
-4.722410224742633389e+00
-4.692213684278211616e+00
-4.661474578638723720e+00
-4.630177683531746524e+00
-4.598438189505235307e+00
-4.566153929039849402e+00
-4.533440092683542311e+00
-4.500281456143889969e+00
-4.466749738355389354e+00
-4.432786243412158989e+00
-4.398419218635236660e+00
-4.363760629226988819e+00
-4.328692180940165279e+00
-4.293353183862677724e+00
-4.257622118401690692e+00
-4.221594823031657562e+00
-4.185236721386660363e+00
-4.148556708714234986e+00
-4.111563680261923537e+00
-4.074266531277260128e+00
-4.036717628621244280e+00
-3.998882395927954470e+00
-3.960726256831472281e+00
-3.922345049806251538e+00
-3.883747670099830795e+00
-3.844856069732831561e+00
-3.805766087179708990e+00
-3.766443146074542891e+00
-3.726896141664873596e+00
-3.687177440811694407e+00
-3.647295938762543877e+00
-3.607217059151505367e+00
-3.566993168839573070e+00
-3.526633163074284205e+00
-3.486145937103177772e+00
-3.445583857787251958e+00
-3.404912348760585239e+00
-3.364140305270715281e+00
-3.323363565792098573e+00
-3.282547553958813147e+00
-3.241701165018398445e+00
-3.200876765831849546e+00
-3.160039780033248480e+00
-3.119242574483591657e+00
-3.078494044430415411e+00
-3.037803085121259183e+00
-2.997222063417118498e+00
-2.956759874565531909e+00
-2.916381942200580557e+00
-2.876184104796717378e+00
-2.836175257601480926e+00
-2.796320824248952785e+00
-2.756673171600126704e+00
-2.717284666516000868e+00
-2.678164204244113389e+00
-2.639277208418543186e+00
-2.600719517513745416e+00
-2.562456555163799443e+00
-2.524540688229703456e+00
-2.486980811958993787e+00
-2.449829293212666848e+00
-2.413048092348903051e+00
-2.376715731462647252e+00
-2.340776854532572226e+00
-2.305306520377723878e+00
-2.270205901363315348e+00
-2.235550056308392541e+00
-2.201370572418542171e+00
-2.167612093672437013e+00
-2.134306207275664669e+00
-2.101397557206896582e+00
-2.069004673898636515e+00
-2.037028729716098940e+00
-2.005544783478326210e+00
-1.974497479163993985e+00
-1.943961875592146837e+00
-1.913882616741454212e+00
-1.884291289817506154e+00
-1.855176010412431742e+00
-1.826611837345276879e+00
-1.798499942981253819e+00
-1.770915386139410019e+00
-1.743846282411873672e+00
-1.717324219004232155e+00
-1.691337311508616326e+00
-1.665873675517156149e+00
-1.640964898235437675e+00
-1.616599095255591312e+00
-1.592790465137821965e+00
-1.569553206442334536e+00
-1.546892823406639028e+00
-1.524810473106906317e+00
-1.503311659780645737e+00
-1.482406234826718405e+00
-1.462095355321289425e+00
-1.442388872663220800e+00
-1.423292291090020978e+00
-1.404819809161897304e+00
-1.386976931116361555e+00
-1.369769161190927065e+00
-1.353202003623105831e+00
-1.337289656973103646e+00
-1.322037625478431844e+00
-1.307447066215258191e+00
-1.293523483421094911e+00
-1.280276728494802674e+00
-1.267712305673891038e+00
-1.255831372034530435e+00
-1.244643778975576875e+00
-1.234150683573198792e+00
-1.224361937226254859e+00
-1.215280751570834150e+00
-1.206896820675985360e+00
-1.199210587493372060e+00
-1.192205106329273345e+00
-1.185876472974007667e+00
-1.180212088895200351e+00
-1.175208049883167405e+00
-1.170847410244190590e+00
-1.167121918607240127e+00
-1.164027670762633804e+00
-1.161547721016651158e+00
-1.159673817998263745e+00
-1.158397710336443120e+00
-1.157706799498815053e+00
-1.157592834114351099e+00
-1.158043215650675917e+00
-1.159049692736762616e+00
-1.160604014001581419e+00
-1.162689233751412310e+00
-1.165297100615227510e+00
-1.168410668899306781e+00
-1.172026034393966354e+00
-1.176121904244141092e+00
-1.180690027078802995e+00
-1.185717804365576722e+00
-1.191188290410743145e+00
-1.197088886681927145e+00
-1.203406994646754935e+00
-1.210130015772852063e+00
-1.217236657205152728e+00
-1.224723014733974047e+00
-1.232567795504250219e+00
-1.240758400983607013e+00
-1.249277885478324412e+00
-1.258109303294682402e+00
-1.267240055900306084e+00
-1.276653197601476331e+00
-1.286327435543126452e+00
-1.296250171192882661e+00
-1.306404458857024720e+00
-1.316773352841832834e+00
-1.327335560292240757e+00
-1.338074135514528473e+00
-1.348972132814976854e+00
-1.360012606499864107e+00
-1.371169916552780421e+00
-1.382435811602695797e+00
-1.393780304471853748e+00
-1.405190796627880045e+00
-1.416641648054362435e+00
-1.428122441324983116e+00
-1.439640177760339146e+00
-1.451221428432465377e+00
-1.462884070090707533e+00
-1.474637285161717770e+00
-1.486503297556185821e+00
-1.498495636862111180e+00
-1.510636526990182915e+00
-1.522939497528400299e+00
-1.535418078064761938e+00
-1.548090145348612001e+00
-1.560973576129295104e+00
-1.574077552833463622e+00
-1.587419952210462615e+00
-1.601014303848290021e+00
-1.614874137334944670e+00
-1.629012982258425168e+00
-1.643444368206730344e+00
-1.658181824767858359e+00
-1.673238881529808042e+00
-1.688624720919232436e+00
-1.704352872524129925e+00
-1.720436865932499115e+00
-1.736885883570992606e+00
-1.753717802188955455e+00
-1.770937457051693809e+00
-1.788554030585861820e+00
-1.806581052379456542e+00
-1.825023357697786341e+00
-1.843898823290194722e+00
-1.863203590099297813e+00
-1.882959882035785348e+00
-1.903172534364964807e+00
-1.923846382352143003e+00
-1.944994955585318763e+00
-1.966623089329798457e+00
-1.988739966012236016e+00
-2.011359115220629601e+00
-2.034481025058940240e+00
-2.058114877953820976e+00
-2.082269856331924629e+00
-2.106950795458558456e+00
-2.132166877760375723e+00
-2.157918591341336789e+00
-2.184215118628094476e+00
-2.211065642047302493e+00
-2.238470649702922088e+00
-2.266439324021605639e+00
-2.294976500268659958e+00
-2.324087013709393190e+00
