# tt
6.125587044523646227e+02
5.797277699682898628e+02
5.467722806305797576e+02
5.208235333118798280e+02
5.017760972983439842e+02
4.885051240868755826e+02
4.796301738445882847e+02
4.741503538940795579e+02
4.713179815226750975e+02
4.704064697542226554e+02
4.716931028313560432e+02
4.738542915572596144e+02
4.768680265923247248e+02
4.801148033165278548e+02
4.845745461965074128e+02
4.901027119116182575e+02
4.959856061932735543e+02
5.026614674306429720e+02
5.091892796466581217e+02
5.159708951017718164e+02
5.230160298466399809e+02
5.300964910828524808e+02
5.373956295543763417e+02
5.449768376433606818e+02
5.525395000142335675e+02
5.603249025237248588e+02
5.682402862731595405e+02
5.762492989488073363e+02
5.844729879439805700e+02
5.925492326881992540e+02
6.009415730340227810e+02
6.093478805609533993e+02
6.177652713360963617e+02
6.265363636294023308e+02
6.351340230435963576e+02
6.438624121109555745e+02
6.527800087729780216e+02
6.618266486033385263e+02
6.709527178262031839e+02
6.801061002349443925e+02
6.892898773199464131e+02
6.985133224634904536e+02
7.078074448545872883e+02
7.172119480049386766e+02
7.267091181857441597e+02
7.362906665802101998e+02
7.459430530671895667e+02
7.556614318482272665e+02
7.654800815769797282e+02
7.754348396034810094e+02
7.854938763204005454e+02
7.956138793327473877e+02
8.057819663749515939e+02
8.159939495041351165e+02
8.263141923448487205e+02
8.368030464652347291e+02
8.474372643537631120e+02
8.581675155308297462e+02
8.689835939689422730e+02
8.798910845743417894e+02
8.908935285680162224e+02
9.020015637819958556e+02
9.132171337256193056e+02
9.245552233922625192e+02
9.360377879518239297e+02
9.476538030214530863e+02
9.593818257494389172e+02
9.711960661227246874e+02
9.830794284509447607e+02
9.950192251161622607e+02
1.007081261048991223e+03
1.019331402091128098e+03
1.031774653825428004e+03
1.044411674673401649e+03
1.057216495639784625e+03
1.070117498321056246e+03
1.083107727285182364e+03
1.096215004390894819e+03
1.109454110012888350e+03
1.122840510999865955e+03
1.136379378612521577e+03
1.150054834778828308e+03
1.163864042910797252e+03
1.177799819259093056e+03
1.191858188313850860e+03
1.206021924555012674e+03
1.220281357863337007e+03
1.234644206764965247e+03
1.249113842624693461e+03
1.263697423753254043e+03
1.278395520438401036e+03
1.293216837075171497e+03
1.308157036574565382e+03
1.323224823331619973e+03
1.338415860257334771e+03
1.353730157424055278e+03
1.369172072065473003e+03
1.384728572769896346e+03
1.400408363932362136e+03
1.416207108463870327e+03
1.432124816436766650e+03
1.448152803600704829e+03
1.464291080028030819e+03
1.480535308629744122e+03
1.496881152316844464e+03
1.513324274000332252e+03
1.529855989429860983e+03
1.546480655839122164e+03
1.563189588977769745e+03
1.579978431838281494e+03
1.596847094900391994e+03
1.613791121563966954e+03
1.630806055228872992e+03
1.647887439294976957e+03
1.665035164323490335e+03
1.682244773714279518e+03
1.699507463705865803e+03
1.716823124859460449e+03
1.734187300574930532e+03
1.751595534252141988e+03
1.769039022129614978e+03
1.786517654768563034e+03
1.804026975568851185e+03
1.821558180769000955e+03
1.839111160930223377e+03
1.856677112291039975e+03
1.874251578251316914e+03
1.891834449372266590e+03
1.909416921892408709e+03
1.926990291199749663e+03
1.944559290764271054e+03
1.962111364560058519e+03
1.979646998045232976e+03
1.997157982355224703e+03
2.014644802948154620e+03
2.032099250959453684e+03
2.049517464685898176e+03
2.066891235262917235e+03
2.084225395309978921e+03
2.101507388801167508e+03
2.118733354033258820e+03
2.135903776464374005e+03
2.153006100068598244e+03
2.170040810304052684e+03
2.186991003983476730e+03
2.203852819403644844e+03
2.220618047699989347e+03
2.237278480007937560e+03
2.253825907462921805e+03
2.270247723202648103e+03
2.286548505664693039e+03
2.302719740966219888e+03
2.318761609547081662e+03
2.334669944685786504e+03
2.350449273983534113e+03
2.366086736396140623e+03
2.381586859524806641e+03
2.396941129486692716e+03
2.412145379560308356e+03
2.427186748701468787e+03
2.442061070188682606e+03
2.456764177300457959e+03
2.471283208992611435e+03
2.485618345704996045e+03
2.499761073554775066e+03
2.513707225820454823e+03
2.527452635780545734e+03
2.540993136713553213e+03
2.554324561897986769e+03
2.567438397451008314e+03
2.580339170973818000e+03
2.593014021422231053e+03
2.605458782074756073e+03
2.617673633371246524e+03
2.629650162886281578e+03
2.641384711185446577e+03
2.652869373130401073e+03
2.664104937905492989e+03
2.675087847533726290e+03
2.685810196876757800e+03
2.696272775118937261e+03
2.706472024283266364e+03
2.716400039231404207e+03
2.726057609147699168e+03
2.735436828893808979e+03
2.744538487654083383e+03
2.753359027451523616e+03
2.761890543147788321e+03
2.770133823927226786e+03
2.778085311812842519e+03
2.785737101666291892e+03
2.793085635510578868e+03
2.800136049691398966e+03
2.806880439070407647e+03
2.813319592831955561e+03
2.819454300160391995e+03
2.825285350240064872e+03
2.830800490771286150e+03
2.836009205261096213e+03
2.840903563800118718e+03
2.845479884556184970e+03
2.849725766603398824e+03
2.853646197661250426e+03
2.857224429642498308e+03
2.860465450266630342e+03
2.863361205769098888e+03
2.865907989546698900e+03
2.868123830802956945e+03
2.870000675773324019e+03
2.871543512177288903e+03
2.872761674895683882e+03
2.873655804486653778e+03
2.874230888669684646e+03
2.874487568002919943e+03
2.874417788721811121e+03
2.874022191384500729e+03
2.873301416549130863e+03
2.872251757612496931e+03
2.870869507971397979e+03
2.869159655345321426e+03
2.867114145969718720e+03
2.864737967564075916e+03
2.862036107847884068e+03
2.859009207379283907e+03
2.855653559555073571e+03
2.851974152094740475e+03
2.847971625556426261e+03
2.843650967659621529e+03
2.839008471801121232e+03
2.834049125700414152e+03
2.828777917076988160e+03
2.823191139327640485e+03
2.817289433010513221e+03
2.811082133006440927e+03
2.804561185550874143e+03
2.797740272685993205e+03
2.790615687808594430e+03
2.783192418638166146e+03
2.775471105732850901e+03
2.767452389650790337e+03
2.759145605272820376e+03
2.750551393157081748e+03
2.741670393861718367e+03
2.732511942267562972e+03
2.723081026094104800e+03
2.713373938738141078e+03
2.703404362241849412e+03
2.693168590002027940e+03
2.682675956899511220e+03
2.671922660110243214e+03
2.660913206249453651e+03
2.649647658550175493e+03
2.638134774568129615e+03
2.626365923213658334e+03
2.614349862042484801e+03
2.602091001448985935e+03
2.589598098988884885e+03
2.576875565056560390e+03
2.563936504369080467e+03
2.550780980159477622e+03
2.537422097144820327e+03
2.523864265719487321e+03
2.510111896277854157e+03
2.496165052052955161e+03
2.482028143439165888e+03
2.467709927992210851e+03
2.453210468945121193e+03
2.438529829530928964e+03
2.423672420144011994e+03
2.408651345501440574e+03
2.393462321674897794e+03
2.378122800542800178e+03
2.362628498176834910e+03
2.346988172132723321e+03
2.331214927127535702e+03
2.315308826394303651e+03
2.299274280327404540e+03
2.283120046482561975e+03
2.266854882415499105e+03
2.250478851359247983e+03
2.234000710869531758e+03
2.217429218502074036e+03
2.200764437489905959e+03
2.184015125388752040e+03
2.167185692592988744e+03
2.150289243819685453e+03
2.133325842301874218e+03
2.116299898433933777e+03
2.099224516932930783e+03
2.082104108193244429e+03
2.064938735447906311e+03
2.047737156252639579e+03
2.030508128163167157e+03
2.013251714412522233e+03
1.995976672556427047e+03
1.978683065827913424e+03
1.961383998944050973e+03
1.944083882299217066e+03
1.926787126287789079e+03
1.909502312092371994e+03
1.892237315403097227e+03
1.874995488375631794e+03
1.857784530326988261e+03
1.840612140574179193e+03
1.823477324111525832e+03
1.806392127417387201e+03
1.789359902647429635e+03
1.772384001957320379e+03
1.755463430341380445e+03
1.738614581439314634e+03
1.721832113084097045e+03
1.705128071754088069e+03
1.688505809604953811e+03
1.671964331631014829e+03
1.655515684310630604e+03
1.639163219799467697e+03
1.622914637414538902e+03
1.606768942150165230e+03
1.590729486162013472e+03
1.574812663089788657e+03
1.559008783605120016e+03
1.543334241347711895e+03
1.527783694150539532e+03
1.512369188491961268e+03
1.497089729366299025e+03
1.481953016090564688e+03
1.466962400820426183e+03
1.452121235711549616e+03
1.437437220080948237e+03
1.422909358922943056e+03
1.408545351554546642e+03
1.394344202970080460e+03
1.380313612486557759e+03
1.366461279420990195e+03
1.352786208767699236e+03
1.339291752682352580e+03
1.325981263320616563e+03
1.312862439999504204e+03
1.299938634874682066e+03
1.287208852940471616e+03
1.274676446352540324e+03
1.262344767266554527e+03
1.250212820676835463e+03
1.238283958739050377e+03
1.226561533608866057e+03
1.215044550280603971e+03
1.203736360909930681e+03
1.192644664813859663e+03
1.181768466986711019e+03
1.171115423601181192e+03
1.160688671091348169e+03
1.150486955585629175e+03
1.140513370373785392e+03
1.130775355906924460e+03
1.121267311152116690e+03
1.111992329399123946e+03
1.102953503937707865e+03
1.094149580896284533e+03
1.085579306403270266e+03
1.077245773748426473e+03
1.069147729060169240e+03
1.061292612789606437e+03
1.053670476742461915e+03
1.046293108531189773e+03
1.039154907122859868e+03
1.032258965807234063e+03
1.025604030712728218e+03
1.019188847967758875e+03
1.013020858023432766e+03
1.007090112685475219e+03
1.001404052404993422e+03
9.959570761490575705e+02
9.907522772074298700e+02
9.857840545471801761e+02
9.810555014580704665e+02
9.765697112298621505e+02
9.723167356682805575e+02
9.683040152244325327e+02
9.645302960267340495e+02
9.609899770422561005e+02
9.576861515607599813e+02
9.546175657106616654e+02
9.517786184590316907e+02
9.491680559342859169e+02
9.467889714261862082e+02
9.446401110631485381e+02
9.427115266508975537e+02
9.410063114791948919e+02
9.395232116764565262e+02
9.382609733710989985e+02
9.372096483688462740e+02
9.363766771208062210e+02
9.357521114327031455e+02
9.353346974329532486e+02
9.351231812499723901e+02
9.351119618508308804e+02
9.353041325252906972e+02
9.356940922404220373e+02
9.362805871246408742e+02
9.370625155146917677e+02
9.380350374192863683e+02
9.391978122168110303e+02
9.405504992856514264e+02
9.420840636815025846e+02
9.437981647827499501e+02
9.456924619677803321e+02
9.477622674536332852e+02
9.499985462960038376e+02
9.524096521959692154e+02
9.549778558865327796e+02
9.577115110687718698e+02
9.606059299597268364e+02
9.636564247764379161e+02
9.668539605745996823e+02
9.702068910552899297e+02
9.737018341128570000e+02
9.773427962870329111e+02
9.811207426335124637e+02
9.850396796920268798e+02
9.890905725182710739e+02
9.932687333292853964e+02
9.975781686648015238e+02
1.002009843580513802e+03
1.006559070293463151e+03
1.011225508182035014e+03
1.015995775140578303e+03
1.020878224870170698e+03
1.025855128103815105e+03
1.030926144219897651e+03
1.036090932596804578e+03
1.041340458290229662e+03
1.046678727839905832e+03
1.052092359140181088e+03
1.057585358730787448e+03
1.063153038828765375e+03
1.068790711651154652e+03
1.074493689414996197e+03
1.080261631498675570e+03
1.086085502957887684e+03
1.091960616009672549e+03
1.097877935709724852e+03
1.103837121436430380e+03
1.109829138245484273e+03
1.115849298353926088e+03
1.121892913978796742e+03
1.127955297337136244e+03
1.134040454968676386e+03
1.140139351929111626e+03
1.146247300435482430e+03
1.152364171283010592e+03
1.158490680934261263e+03
1.164614715784597365e+03
1.170737203713420286e+03
1.176850378277438949e+03
1.182950820194708967e+03
1.189035110183284360e+03
1.195095481799875415e+03
1.201124168601190604e+03
1.207130792789322868e+03
1.213098893598289351e+03
1.219042440391528771e+03
1.224944972403058046e+03
1.230820458996315665e+03
1.236652439405319910e+03
1.242450535832162132e+03
1.248206981833552163e+03
1.253914010966198930e+03
1.259572551109503820e+03
1.265174835820175304e+03
1.270713098654922987e+03
1.276188267493148032e+03
1.281592575891559136e+03
1.286926951729557231e+03
1.292187975725197475e+03
1.297376575757881028e+03
1.302484985384316360e+03
1.307518479645250409e+03
1.312477986420083880e+03
1.317351392104180377e+03
1.322148318899631931e+03
1.326852306040456597e+03
1.331468628567400629e+03
1.335989520037173634e+03
1.340407214006484992e+03
1.344726985516080958e+03
1.348941068122670231e+03
1.353046042544308875e+03
1.357047183821742465e+03
1.360936725511681288e+03
1.364715595493525370e+03
1.368384721646676098e+03
1.371945031850533269e+03
1.375393106823152493e+03
1.378725527282588928e+03
1.381943221108243506e+03
1.385038421856824698e+03
1.388012057407734346e+03
1.390860708479026698e+03
1.393580955788756910e+03
1.396169435033151785e+03
1.398627348982470721e+03
1.400951608223798758e+03
1.403143470505567166e+03
1.405208540737552312e+03
1.407139382345494596e+03
1.408941600239169702e+03
1.410612105005663352e+03
1.412147807232060586e+03
1.413558658989484229e+03
1.414832876542328222e+03
1.415980411961714708e+03
1.416993828673383177e+03
1.417874384425764674e+03
1.418623336967290470e+03
1.419241944046391154e+03
1.419727116250151994e+03
1.420075764165658939e+03
1.420293492702687900e+03
1.420372865286978822e+03
1.420319486828308300e+03
1.420130267913761600e+03
1.419802119130424444e+03
1.419344992549418521e+03
1.418751451596484003e+03
1.418031448342743033e+03
1.417181893375281106e+03
1.416204044442529494e+03
1.415099159292918330e+03
1.413872842836225118e+03
1.412517658498188894e+03
1.411043558349932482e+03
1.409447452978541151e+03
1.407726252971100166e+03
1.405889910398731899e+03
1.403930988687176068e+03
1.401859439907554815e+03
1.399672174646953863e+03
1.397374797815149350e+03
1.394959872837881449e+03
1.392441698947617851e+03
1.389817186731444735e+03
1.387083246776445776e+03
1.384249831153745163e+03
1.381318197611772803e+03
1.378285256737614645e+03
1.375156613441047057e+03
1.371933525470501309e+03
1.368617250574407535e+03
1.365209046501198145e+03
1.361718705564504035e+03
1.358137992402613008e+03
1.354475900541703595e+03
1.350737076346609911e+03
1.346917471859473608e+03
1.343017386283783708e+03
1.339050160307064289e+03
1.335007398810111908e+03
1.330893748157760228e+03
1.326709507553497815e+03
1.322463670523503424e+03
1.318147841948573387e+03
1.313771015354886913e+03
1.309337837107278574e+03
1.304839912086544018e+03
1.300286233818862911e+03
1.295681448669068914e+03
1.291021508679303906e+03
1.286311060214401778e+03
1.281550402477850184e+03
1.276744181834482788e+03
1.271897044649133704e+03
1.267009290125290136e+03
1.262081217466440648e+03
1.257126167360109775e+03
1.252135744687094757e+03
1.247123290134919671e+03
1.242084755745727307e+03
1.237024787884351099e+03
1.231948032915625163e+03
1.226859137204382250e+03
1.221758399954110928e+03
1.216646120368299080e+03
1.211531291973125917e+03
1.206414213972079324e+03
1.201295185568647412e+03
1.196178853127663160e+03
1.191074210175306916e+03
1.185972861592374102e+03
1.180888148066390841e+03
1.175820368800844562e+03
1.170769822999222924e+03
1.165741157026359815e+03
1.160734670085743346e+03
1.155759355703552728e+03
1.150815513083275619e+03
1.145903441428400129e+03
1.141027787103759920e+03
1.136193196474188653e+03
1.131399968743173986e+03
1.126656894261598154e+03
1.121954562033768298e+03
1.117309440856769925e+03
1.112711916559612973e+03
1.108165416455344939e+03
1.103677715018359095e+03
1.099243545239011610e+03
1.094870681591695529e+03
1.090562551389458122e+03
1.086309540461310235e+03
1.082128117604336239e+03
1.078008668647546301e+03
1.073954620903988143e+03
1.069978096009401042e+03
1.066065132631448932e+03
1.062232199567216867e+03
1.058474029807060333e+03
1.054794050664027964e+03
1.051191342289820341e+03
1.047669331997485870e+03
1.044235794261417368e+03
1.040885462071970551e+03
1.037617415580847592e+03
1.034439429262441990e+03
1.031350583268454784e+03
1.028354304911933923e+03
1.025445327183235577e+03
1.022635771718098113e+03
1.019916024345532378e+03
1.017293859539931532e+03
1.014768357452997293e+03
1.012338598236430812e+03
1.010012356364626498e+03
1.007784364827939385e+03
1.005658050939417308e+03
1.003636842012107991e+03
1.001719818197712812e+03
9.999060596479336027e+02
9.981989936758183148e+02
9.965977004330678710e+02
9.951056072327304491e+02
9.937174470651618776e+02
9.924453415661010922e+02
9.912753294032128224e+02
9.902195322122357766e+02
9.892770301448714463e+02
9.884425561914766831e+02
9.877195376650980734e+02
9.871070547174380181e+02
9.866128818228895625e+02
9.862273681188028149e+02
9.859537574599261234e+02
9.857952570093472104e+02
9.857507267688080219e+02
9.858233739013970762e+02
9.860033640861646518e+02
9.862982516475445891e+02
9.867068965872792887e+02
9.872281589071108101e+02
9.878608986087813264e+02
9.886039756940328971e+02
9.894605973259539269e+02
9.904252763449408121e+02
9.915012199140810480e+02
9.926872880351174899e+02
9.939779935484461930e+02
9.953765436171552210e+02
9.968861454043324102e+02
9.984969645890286074e+02
1.000216555495677881e+03
1.002039430964676171e+03
1.003964450997765653e+03
1.005990475596689066e+03
1.008116364763188130e+03
1.010345325660351023e+03
1.012671871128574708e+03
1.015094861169600335e+03
1.017608808623824984e+03
1.020221267815682495e+03
1.022926751585568923e+03
1.025719772773881459e+03
1.028599191382361141e+03
1.031568214574097283e+03
1.034625702350831489e+03
1.037761820391613810e+03
1.040979775859533220e+03
1.044278428756331778e+03
1.047656639083751315e+03
1.051113266843533893e+03
1.054642824876076475e+03
1.058244173183121120e+03
1.061916171766410116e+03
1.065657680627685522e+03
1.069463212607343849e+03
1.073335974868473386e+03
1.077261785928778636e+03
1.081252547274039216e+03
1.085294077421959855e+03
1.089393930696974849e+03
1.093542272778134475e+03
1.097738127655617063e+03
1.101976828112000021e+03
1.106262565240987669e+03
1.110595182974938780e+03
1.114961483762175249e+03
1.119374353019092950e+03
1.123820593194014009e+03
1.128300048219297423e+03
1.132816909188647060e+03
1.137362325711730819e+03
1.141936141720907699e+03
1.146542548309882022e+03
1.151168347926975457e+03
1.155817731665893007e+03
1.160490543458993216e+03
1.165177932915943529e+03
1.169879743969103174e+03
1.174595820550830695e+03
1.179321659432139313e+03
1.184057104545388029e+03
1.188797652661589836e+03
1.193543147713103963e+03
1.198293433632288952e+03
1.203044007190158254e+03
1.207794712319070186e+03
1.212541045790038652e+03
1.217282851535421969e+03
1.222019973487579591e+03
1.226739214094832505e+03
1.231449111612231263e+03
1.236145162810789543e+03
1.240818517300174562e+03
1.245473366174090415e+03
1.250105206203550779e+03
1.254705186998223098e+03
1.259281846813157472e+03
1.263821988096675341e+03
1.268329801942481936e+03
1.272800785121590025e+03
1.277230434405013284e+03
1.281614246563764027e+03
1.285952065530201935e+03
1.290243735236684870e+03
1.294480405292881642e+03
1.298661919631149885e+03
1.302783775022503505e+03
1.306845815399301273e+03
1.310843537532555956e+03
1.314776785354627009e+03
1.318641055636527426e+03
1.322432033777715105e+03
1.326146159691430967e+03
1.329788756242051932e+03
1.333356451971263596e+03
1.336845875420751327e+03
1.340253655132200720e+03
1.343589461131334929e+03
1.346845574798493544e+03
1.350022971836707711e+03
1.353118280787663480e+03
1.356132477354391767e+03
1.359062190078578169e+03
1.361908394663254285e+03
1.364663372488759705e+03
1.367328099258125803e+03
1.369903550674384178e+03
1.372382008117873966e+03
1.374768794452972998e+03
1.377051843898674861e+03
1.379240826480702708e+03
1.381328023579396358e+03
1.383310063736441180e+03
1.385192269816213638e+03
1.386966923199054918e+03
1.388634999587995708e+03
1.390201821847412702e+03
1.391664018518991952e+03
1.393022565305764829e+03
1.394278437910762023e+03
1.395428264875670038e+03
1.396477369064865343e+03
1.397418031858687982e+03
1.398255576121514878e+03
1.398982283233685621e+03
1.399599128898232266e+03
1.400098394495493949e+03
1.400485402889848274e+03
1.400756782622980609e+03
1.400904815075230545e+03
1.400939170272321007e+03
1.400852129594592043e+03
1.400649015906420573e+03
1.400326457749492192e+03
1.399885430826838046e+03
1.399322563680143958e+03
1.398643179173787303e+03
1.397848253010798999e+03
1.396934413732864414e+03
1.395906984204361152e+03
1.394762592966974353e+03
1.393502242254861812e+03
1.392131387588031430e+03
1.390642469533580652e+03
1.389040970142644028e+03
1.387319329982318095e+03
1.385474336781045849e+03
1.383507125428616064e+03
1.381418830814817738e+03
1.379206240668092960e+03
1.376870489878230728e+03
1.374412713335020044e+03
1.371842740250940324e+03
1.369157358354435246e+03
1.366362049696638451e+03
1.363462296328684261e+03
1.360459233140362358e+03
1.357349647860114601e+03
1.354134675377729764e+03
1.350811103421650841e+03
1.347375719720321058e+03
1.343825312002182727e+03
1.340161015157024849e+03
1.336379616913289965e+03
1.332486599322112852e+03
1.328487444434627378e+03
1.324383287140622542e+03
1.320179609491232668e+03
1.315877546376246528e+03
1.311486927008143766e+03
1.307008886276713383e+03
1.302444559071743925e+03
1.297790733121678386e+03
1.293044196154959309e+03
1.288210430222721698e+03
1.283281875892062317e+03
1.278255320891423253e+03
1.273136247271940192e+03
1.267930137084746775e+03
1.262629430896940221e+03
1.257252652243692410e+03
1.251796588853445655e+03
1.246266722777335190e+03
1.240664188905148876e+03
1.235003163610713045e+03
1.229271740299778685e+03
1.223479748184825894e+03
1.217619627832952347e+03
1.211696861295292365e+03
1.205708236300288036e+03
1.199650540576382809e+03
1.193533443604283775e+03
1.187352934453565922e+03
1.181113536784723465e+03
1.174815427096904386e+03
1.168471823373294455e+03
1.162074207790349874e+03
1.155635798331256410e+03
1.149156771495161593e+03
1.142637303781214086e+03
1.136077571688561648e+03
1.129482098877698263e+03
1.122846714686426367e+03
1.116180289936585723e+03
1.109478653965978083e+03
1.102741983273752567e+03
1.095979148681747802e+03
1.089181632366421127e+03
1.082353957988265847e+03
1.075500649207775950e+03
1.068617535362753870e+03
1.061709140113693593e+03
1.054779987121089107e+03
1.047825905722742164e+03
1.040855766740493209e+03
1.033869746673489544e+03
1.026872369182225839e+03
1.019863810765849735e+03
1.012857289407546318e+03
1.005844287283773042e+03
9.988336752163686469e+02
9.918212825431359079e+02
9.848159800859147026e+02
9.778135971825067827e+02
9.708143103320605860e+02
9.638226431950703272e+02
9.568387722706836485e+02
9.498628740580484191e+02
9.429038193790051992e+02
9.359530904100096222e+02
9.290239051342474568e+02
9.221120928895212501e+02
9.152221773363248758e+02
9.083543349738059760e+02
9.015174366238045423e+02
8.947029644627771177e+02
8.879241364739087885e+02
8.811767819950023295e+02
8.744654246865517280e+02
8.677945882090504028e+02
8.611644490616465646e+02
8.545750085289034814e+02
8.480342613597340460e+02
8.415413327657761329e+02
8.350953479586660251e+02
8.286997793113866919e+02
8.223537520355750985e+02
8.160650856655594225e+02
8.098285582516309660e+02
8.036476421667725845e+02
7.975214626226209020e+02
7.914534919921590017e+02
7.854472026483693980e+02
7.795017198028889425e+02
7.736161686673546001e+02
7.677896744534033360e+02
7.620300566953636690e+02
7.563320934435266736e+02
7.506949099095293150e+02
7.451263256277001119e+02
7.396254658096759158e+02
7.341871085057476876e+02
7.288190732502444007e+02
7.235248324161482287e+02
7.182948168924050378e+02
7.131411933746887826e+02
7.080587399132906512e+02
7.030509288811934994e+02
6.981212326513796143e+02
6.932687764354864157e+02
6.884926854451506415e+02
6.837920848920090293e+02
6.791747943103903253e+02
6.746355917505856041e+02
6.701779495855774940e+02
6.658009930270031873e+02
6.615038472864990808e+02
6.572899847370484849e+02
6.531585305902879099e+02
6.491129572192003252e+02
6.451480426740765779e+02
6.412716064892456416e+02
6.374784267149980224e+02
6.337719757243169170e+02
6.301513787288390631e+02
6.266201081015473164e+02
6.231729418927327515e+02
6.198176996367237734e+02
6.165491593838114568e+02
6.133664463456331077e+02
6.102773800565165629e+02
6.072767123043412312e+02
6.043634369886816557e+02
6.015408689080460363e+02
5.988036285382511323e+02
5.961593778391506930e+02
5.936027372865615916e+02
5.911370216789919141e+02
5.887568514922581926e+02
5.864655415248689678e+02
5.842664065753322120e+02
5.821540671194645711e+02
5.801318379557742446e+02
5.781986867214236554e+02
5.763535810535754536e+02
5.745954885893916071e+02
5.729233769660348798e+02
5.713405609820134714e+02
5.698416611131438003e+02
5.684299921579344073e+02
5.671045217535474876e+02
5.658598703757996873e+02
5.646993528231993196e+02
5.636219367329086936e+02
5.626309369034361225e+02
5.617166266492523619e+02
5.608823207688658385e+02
5.601313340607844111e+02
5.594582870008248392e+02
5.588621472261498866e+02
5.583462295352672982e+02
5.579051544039940609e+02
5.575378894694924838e+02
5.572434023689248761e+02
5.570250079007995510e+02
5.568773265409331543e+02
5.567993259264882226e+02
5.567943208559727282e+02
5.568569318052036579e+02
5.569861264113430934e+02
5.571808723115534576e+02
5.574401371429975143e+02
5.577672357041831219e+02
5.581524413095814907e+02
5.586034159190463697e+02
5.591104328470487417e+02
5.596768068920966925e+02
5.603015056913526450e+02
5.609834968819791357e+02
5.617174009397929240e+02
5.625065326633019822e+02
5.633413002912026286e+02
5.642300404044749484e+02
5.651638358629420509e+02
5.661468110104633524e+02
5.671700487068613938e+02
5.682420204573421643e+02
5.693538091217278634e+02
5.705095390438784761e+02
5.717089874063083244e+02
5.729432370688394940e+02
5.742207595366780879e+02
5.755326376696464195e+02
5.768786486502586968e+02
5.782672639837204542e+02
5.796852193685085695e+02
5.811409863098283495e+02
5.826343419901943435e+02
5.841563692694289784e+02
5.857111924913921257e+02
5.872985888385976523e+02
5.889139883322141031e+02
5.905571681547556864e+02
5.922192111660447154e+02
5.939085888712869519e+02
5.956120369689591598e+02
5.973380269642668736e+02
5.990776417170328614e+02
6.008306584097712175e+02
6.026055485476873628e+02
6.043890478292581747e+02
6.061896277596894151e+02
6.079983711988035111e+02
6.098237496518061107e+02
6.116568459785197547e+02
6.135017845228043143e+02
6.153496481444825577e+02
6.171958668647224613e+02
6.190489121887299007e+02
6.208998669763273028e+02
6.227441612486833264e+02
6.245859193496572743e+02
6.264205713004181462e+02
6.282435471221338048e+02
6.300633183200097847e+02
6.318709677538690812e+02
6.336662726062254478e+02
6.354490100595933200e+02
6.372189572964862236e+02
6.389715443380731585e+02
6.407065483668677643e+02
6.424195497234143204e+02
6.441110771871063889e+02
6.457818098567132665e+02
6.474324268310043635e+02
6.490549128860574228e+02
6.506542942819871769e+02
6.522269029562178275e+02
6.537734180075183303e+02
6.552901713733122051e+02
6.567821893137147526e+02
6.582458037661492654e+02
6.596816938293850399e+02
6.610861914408461644e+02
6.624599756993014807e+02
6.637993785421747361e+02
6.651094262295807766e+02
6.663821035375976862e+02
6.676267838876860878e+02
6.688311048945782886e+02
6.700044399797350252e+02
6.711387739192340405e+02
6.722391329731902943e+02
6.732975019176818705e+02
6.743189070128237290e+02
6.752996801960395032e+02
6.762448477274439256e+02
6.771463943831153074e+02
6.780093464231683811e+02
6.788256886236812306e+02
6.796047944061143653e+02
6.803386485465458691e+02
6.810279301437448112e+02
6.816733182964806019e+02
6.822754921035229927e+02
6.828307835022948211e+02
6.833398715915659523e+02
6.838034354701054554e+02
6.842178070753368502e+02
6.845836655060297744e+02
6.849016898609532973e+02
6.851725592388767154e+02
6.853926055772237760e+02
6.855625079747635482e+02
6.856829455302655560e+02
6.857545973424992098e+02
6.857737953488878020e+02
6.857455658095465196e+02
6.856662406618991099e+02
6.855321518433686379e+02
6.853526727754165222e+02
6.851154662486760571e+02
6.848300315641149609e+02
6.844885045532199683e+02
6.841004096928597846e+02
6.836578828145213720e+02
6.831617540723822231e+02
6.826172007819661758e+02
6.820163587747592828e+02
6.813687525276309316e+02
6.806665178720675158e+02
6.799148321235927597e+02
6.791101782750387201e+02
6.782577336419285530e+02
6.773539812170948835e+02
6.763997511547155455e+02
6.753958736089679178e+02
6.743431787340300616e+02
6.732424966840800380e+02
6.720903104519496765e+02
6.708874501918168107e+02
6.696390932192052787e+02
6.683417225269467963e+02
6.669961682692194245e+02
6.656076077615470012e+02
6.641681768354152382e+02
6.626787056450024238e+02
6.611487186671777181e+02
6.595746988947732916e+02
6.579531293206214286e+02
6.562935344215910618e+02
6.545880500291686985e+02
6.528418534588779494e+02
6.510557748648966481e+02
6.492262972400570789e+02
6.473585978998823975e+02
6.454535069985507789e+02
6.435075075288941662e+02
6.415257768064360562e+02
6.395091449853546237e+02
6.374497478971360351e+02
6.353614571799952273e+02
6.332364086654185940e+02
6.310797796689298593e+02
6.288880531833608529e+02
6.266664065242356401e+02
6.244156698457315997e+02
6.221366733020267930e+02
6.198258998859531630e+02
6.174885269130344341e+02
6.151253845374483262e+02
6.127371957279641492e+02
6.103242547117155254e+02
6.078910956917733301e+02
6.054292113871717902e+02
6.029474831623272166e+02
6.004417508976189310e+02
5.979165487961181498e+02
5.953720638995497438e+02
5.928084832496392664e+02
5.902259938881117023e+02
5.876247828566923772e+02
5.850093843584518254e+02
5.823756382737700505e+02
5.797280788057175869e+02
5.770668929960197602e+02
5.743879207250558920e+02
5.716956961958969714e+02
5.689904064502683241e+02
5.662765856912408253e+02
5.635500737991939104e+02
5.608154049771983409e+02
5.580727662669794427e+02
5.553223447102625414e+02
5.525643273487725082e+02
5.497989012242347826e+02
5.470306005397201261e+02
5.442596123369539782e+02
5.414817764963154332e+02
5.387059743822214841e+02
5.359280458750513390e+02
5.331481780165302098e+02
5.303709050097291993e+02
5.275964138963734058e+02
5.248248917181880415e+02
5.220565255168982048e+02
5.192915023342291079e+02
5.165343563732518533e+02
5.137852746756911984e+02
5.110444442832728100e+02
5.083077050763760099e+02
5.055882855807629426e+02
5.028776785154677214e+02
5.001804180835608804e+02
4.975010384881135792e+02
4.948353796095053099e+02
4.921836284894611140e+02
4.895503193310519805e+02
4.869399863373487278e+02
4.843484693887311323e+02
4.817759555269239513e+02
4.792268578535455390e+02
4.767007579030566262e+02
4.741971161084654227e+02
4.717197400641254035e+02
4.692637430416989446e+02
4.668329326355397484e+02
4.644267692786559678e+02
4.620490605654011347e+02
4.596992669287834588e+02
4.573725016404649182e+02
4.550725722947996132e+02
4.528032864861410758e+02
4.505597574861514545e+02
4.483457928891848496e+02
4.461652002895945088e+02
4.440087457976974292e+02
4.418845841691928626e+02
4.397921758370887915e+02
4.377309812343933118e+02
4.356961136327686290e+02
4.337000749492599994e+02
4.317292841328381883e+02
4.297962431005483950e+02
4.278917179627071619e+02
4.260238634750140250e+02
4.241877929091311330e+02
4.223873138594123020e+02
4.206218867588655712e+02
4.188953192018444156e+02
4.172027244600115523e+02
4.155435629663747363e+02
4.139216423152875564e+02
4.123407701011040558e+02
4.107917124341405497e+02
4.092826240700966309e+02
4.078086182806345619e+02
4.063735026601078744e+02
4.049767376415247782e+02
4.036177836578932556e+02
4.022961011422212891e+02
4.010154976888625811e+02
3.997754337308252275e+02
3.985710225397713202e+02
3.974060717100547890e+02
3.962800416746835026e+02
3.951967400280112770e+02
3.941512800417003746e+02
3.931474693101044977e+02
3.921804211048859088e+02
3.912582901817440870e+02
3.903718223543561407e+02
3.895247237338787727e+02
3.887206801348291947e+02
3.879546830490332923e+02
3.872304182910082204e+02
3.865472245139255847e+02
3.859044403709567632e+02
3.853014045152734184e+02
3.847331084387012083e+02
3.842119322784491260e+02
3.837241732036511621e+02
3.832778641901704759e+02
3.828723438911786161e+02
3.825026037985012977e+02
3.821723297266557324e+02
3.818765131674678628e+02
3.816231870968005069e+02
3.814073430064796071e+02
3.812283195496765416e+02
3.810854553795629727e+02
3.809780891493102786e+02
3.809099066734358416e+02
3.808758994437653769e+02
3.808749713973358553e+02
3.809108083486644318e+02
3.809814448025191496e+02
3.810862194120712729e+02
3.812244708304924075e+02
3.813955377109542155e+02
3.815991934227626530e+02
3.818347766190890979e+02
3.821016259531053834e+02
3.823990800779827737e+02
3.827264776468929881e+02
3.830835920291419257e+02
3.834693271617666710e+02
3.838834564140733505e+02
3.843248837230987078e+02
3.847929477420144622e+02
3.852878565562611470e+02
3.858080793867412694e+02
3.863529548866262076e+02
3.869218217090875100e+02
3.875144532234314170e+02
3.881288839344255166e+02
3.887653219275106835e+02
3.894222364235890836e+02
3.900994007919669571e+02
3.907952842535466402e+02
3.915092254614996250e+02
3.922406486964447936e+02
3.929888860326560689e+02
3.937533551718548779e+02
3.945334738157623633e+02
3.953299638145035715e+02
3.961409387213962532e+02
3.969666856704306497e+02
3.978066223633281879e+02
3.986601665018101812e+02
3.995263010714631946e+02
4.004053132062779241e+02
4.012961858918408211e+02
4.021983368298735400e+02
4.031111837220971665e+02
4.040341442702328436e+02
4.049666361760022255e+02
4.059080771411263413e+02
4.068578848673266180e+02
4.078154770563244824e+02
4.087798366937063861e+02
4.097508161973284473e+02
4.107278332689117519e+02
4.117094361779086285e+02
4.126954773421749110e+02
4.136849397472972782e+02
4.146772410949970435e+02
4.156717990869956338e+02
4.166675967088796710e+02
4.176636169462358339e+02
4.186597122169200702e+02
4.196548655065191156e+02
4.206476250844850711e+02
4.216382780848085190e+02
4.226253727769413899e+02
4.236078921464707037e+02
4.245856886112520101e+02
4.255573104407376377e+02
4.265226100527835911e+02
4.274801357168417439e+02
4.284288704184990593e+02
4.293686665756113712e+02
4.302980724576306670e+02
4.312165057662784307e+02
4.321225147710068200e+02
4.330159518896714985e+02
4.338953653917249085e+02
4.347601729788881926e+02
4.356089229206135087e+02
4.364414676347567479e+02
4.372563553907700111e+02
4.380531013497737263e+02
4.388311757943492921e+02
4.395914506148810119e+02
4.403291463920035653e+02
4.410507863258507655e+02
4.417524604293263906e+02
4.424346058766803935e+02
4.430976598421621020e+02
4.437377123386756352e+02
4.443552005404704914e+02
4.449505616217965667e+02
4.455285799182490223e+02
4.460809982813861438e+02
4.466126010468032632e+02
4.471238253887502196e+02
4.476064141587850713e+02
4.480694988538488701e+02
4.485091694868456216e+02
4.489215160706793881e+02
4.493156701022911079e+02
4.496790272718932329e+02
4.500207190764269853e+02
4.503368355287962572e+02
4.506278138032506604e+02
4.508897439126942004e+02
4.511274101927222659e+02
4.513412498175845258e+02
4.515273528001848149e+02
4.516861563147727452e+02
4.518137503742524359e+02
4.519192664755648821e+02
4.519944474702683692e+02
4.520397305326124524e+02
4.520555528368468572e+02
4.520466987185669154e+02
4.520092581906766327e+02
4.519393212660799009e+02
4.518416722803720518e+02
4.517124012464570910e+02
4.515562924999304073e+02
4.513694360536958925e+02
4.511522690820031585e+02
4.509095759204477645e+02
4.506330994205877118e+02
4.503232767566727830e+02
4.499848922642983666e+02
4.496183831177140746e+02
4.492154921684780788e+02
4.487853509135315448e+02
4.483197022044326445e+02
4.478276956736253851e+02
4.473011648501822606e+02
4.467450028827159372e+02
4.461597557584930769e+02
4.455416223034348491e+02
4.448911485048080863e+02
4.442088803498796210e+02
4.434997109872621195e+02
4.427554920815307469e+02
4.419854639426439462e+02
4.411814782351769963e+02
4.403484281077425635e+02
4.394825123862615328e+02
4.385886242193467979e+02
4.376629624329191302e+02
4.367104201755914232e+02
4.357271962732845054e+02
4.347181838746110429e+02
4.336795818054922620e+02
4.326119360531947109e+02
4.315157926049853927e+02
4.303916974481310831e+02
4.292445437312445051e+02
4.280661831189009376e+02
4.268615087597127058e+02
4.256310666409470400e+02
4.243710555885247686e+02
4.230863687510585578e+02
4.217775521158152401e+02
4.204451516700615912e+02
4.190853662397188373e+02
4.177030889733993604e+02
4.162945186970244436e+02
4.148645485592065256e+02
4.134093773858667760e+02
4.119338983256176903e+02
4.104343102043804379e+02
4.089111590094219082e+02
4.073693378893544264e+02
4.058093928314451091e+02
4.042275226616149553e+02
4.026242733671306837e+02
4.010001909352592406e+02
3.993601685146132354e+02
3.977004049311136669e+02
3.960214461720273675e+02
3.943281853859670036e+02
3.926168213988536309e+02
3.908879001979540817e+02
3.891463149318809087e+02
3.873925455452459232e+02
3.856224606506950749e+02
3.838362099795650124e+02
3.820382904245381610e+02
3.802288517169514535e+02
3.784080435881411972e+02
3.765760157694442114e+02
3.747285708308515950e+02
3.728702056650453756e+02
3.710010700033625426e+02
3.691213135771397447e+02
3.672310861177136303e+02
3.653305373564207343e+02
3.634198170245979327e+02
3.614990748535818170e+02
3.595728077360548127e+02
3.576368182420077915e+02
3.556956032641233492e+02
3.537449653723921870e+02
3.517850542981511239e+02
3.498247140954282486e+02
3.478554001728688831e+02
3.458772622618095056e+02
3.438991444162785456e+02
3.419125020449209273e+02
3.399261792017649100e+02
3.379359784568014788e+02
3.359420495413672825e+02
3.339488893481446894e+02
3.319523004471246850e+02
3.299567797309896946e+02
3.279581297697305899e+02
3.259608474560298532e+02
3.239694296825699098e+02
3.219753318579959682e+02
3.199873980363361170e+02
3.179970836262355647e+02
3.160132326817223998e+02
3.140359949341334982e+02
3.120589993727867864e+02
3.100889164710376349e+02
3.081250265279534233e+02
3.061679139910055483e+02
3.042177285915305447e+02
3.022754894931344438e+02
3.003417811432883582e+02
2.984176227055981485e+02
2.965031639114003497e+02
2.945994239243011066e+02
2.927069871917713613e+02
2.908263600840069785e+02
2.889586060943705661e+02
2.871029717744112304e+02
2.852600078240812422e+02
2.834302649433334409e+02
2.816134243998511693e+02
2.798096021774523479e+02
2.780193489760898160e+02
2.762427807795813806e+02
2.744800135717451894e+02
2.727311633363992769e+02
2.709976502057652397e+02
2.692787207313920703e+02
2.675753603293669585e+02
2.658881196996424023e+02
2.642166801099018016e+02
2.625615922600979388e+02
2.609234068501832553e+02
2.593018051478413213e+02
2.576973378530246350e+02
2.561101209495513444e+02
2.545402704212391711e+02
2.529879022519065472e+02
2.514535671415057152e+02
2.499373810738548798e+02
2.484398947489065677e+02
2.469607894343442922e+02
2.455006158301205801e+02
2.440599246361880432e+02
2.426383971202301666e+02
2.412365839821995337e+02
2.398541664897795158e+02
2.384921300590573310e+02
2.371501559577164358e+02
2.358283601695749212e+02
2.345272933945852003e+02
2.332462021842963225e+02
2.319865066709299128e+02
2.307478881221695133e+02
2.295304625218330443e+02
2.283343458537385970e+02
2.271605235339733611e+02
2.260082421140861015e+02
2.248784870101640934e+02
2.237705047737561870e+02
2.226852808209494867e+02
2.216229311355620268e+02
2.205827022691427999e+02
2.195655796377788249e+02
2.185712445091536154e+02
2.175997943964168542e+02
2.166512529300447341e+02
2.157260599859799868e+02
2.148233512917612984e+02
2.139435667233311449e+02
2.130867114404976235e+02
2.122527906030685472e+02
2.114418093708519848e+02
2.106537729036557778e+02
2.098882516451534173e+02
2.091452507551527162e+02
2.084252101095964065e+02
2.077272654360231456e+02
2.070522913265100726e+02
2.063994235085959872e+02
2.057691018582234506e+02
2.051604621029312909e+02
2.045739441186619274e+02
2.040095530652233435e+02
2.034664246701544528e+02
2.029454335255322519e+02
2.024452806427610483e+02
2.019664058977832894e+02
2.015088144504069874e+02
2.010720767443055195e+02
2.006557632231522348e+02
2.002603137628896661e+02
1.998852988071912193e+02
1.995307235158648780e+02
1.991957236164493565e+02
1.988807389848873015e+02
1.985853400648520051e+02
1.983090973000167878e+02
1.980515811340551693e+02
1.978123620106404701e+02
1.975918798057152230e+02
1.973892702468182279e+02
1.972041037776228620e+02
1.970363855579370522e+02
1.968856860314342612e+02
1.967515756417877810e+02
1.966340595488056238e+02
1.965322734800265891e+02
1.964462225952585754e+02
1.963754773381750738e+02
1.963191734363147702e+02
1.962777507656202260e+02
1.962503450536302978e+02
1.962360920278837000e+02
1.962358662804576284e+02
1.962479812622082136e+02
1.962726779108757569e+02
1.963098096036525817e+02
1.963592297177309263e+02
1.964207916303030856e+02
1.964939140024267488e+02
1.965788849274287600e+02
1.966751230663668650e+02
1.967824817964333022e+02
1.969008144948203096e+02
1.970299745387202677e+02
1.971698153053253009e+02
1.973197554556932403e+02
1.974796483670162672e+02
1.976493474164867052e+02
1.978287059812968209e+02
1.980171427225043033e+02
1.982145110173014473e+02
1.984202295267459135e+02
1.986341516280299970e+02
1.988561306983459644e+02
1.990855853987514763e+02
1.993223691064389129e+02
1.995659004824658780e+02
1.998160329040247234e+02
2.000726197483076021e+02
2.003346449602377675e+02
2.006023966331419501e+02
2.008752934280779527e+02
2.011527540061034358e+02
2.014346317444106091e+02
2.017203453040573038e+02
2.020093133461010950e+02
2.023018239638688840e+02
2.025968611022837820e+02
2.028938434224035063e+02
2.031930590175549014e+02
2.034934918326610216e+02
2.037949952449142472e+02
2.040969879153722388e+02
2.043988885050926569e+02
2.047005503912678250e+02
2.050013922349554321e+02
2.053012674133476878e+02
2.055991598713677888e+02
2.058949229862080301e+02
2.061879754189260154e+02
2.064777358305794905e+02
2.067640575983607505e+02
2.070459246671928781e+02
2.073232498730648388e+02
2.075961838871521081e+02
2.078636326910231844e+02
2.081266758469193405e+02
2.083842193364090463e+02
2.086360385733299267e+02
2.088827784037886772e+02
2.091237795254882883e+02
2.093592520684010481e+02
2.095885367302299471e+02
2.098118436409470178e+02
2.100285134982554780e+02
2.102391911482619946e+02
2.104432172886695014e+02
2.106403673333157087e+02
2.108304166960381565e+02
2.110135755068090475e+02
2.111896191794660069e+02
2.113578884117119401e+02
2.115185933335191635e+02
2.116715093587251602e+02
2.118164119011676121e+02
2.119530763746840307e+02
2.120817129092466757e+02
2.122016622025584809e+02
2.123131343845916774e+02
2.124159048691838620e+02
2.125101837863071808e+02
2.125948771175301317e+02
2.126701949928248041e+02
2.127367822582979784e+02
2.127931101793835467e+02
2.128398236021882042e+02
2.128766979405496897e+02
2.129035086083054011e+02
2.129200310192930488e+02
2.129260405873502293e+02
2.129217474424490604e+02
2.129069269984272239e+02
2.128809199529876253e+02
2.128439364361025810e+02
2.127961865777441517e+02
2.127365763594808072e+02
2.126661853435538490e+02
2.125834847953971973e+02
2.124895542772521821e+02
2.123837344868217656e+02
2.122653661218090235e+02
2.121350940283206796e+02
2.119926936201943306e+02
2.118379573459643836e+02
2.116707457929527436e+02
2.114913712993126467e+02
2.112997114870628366e+02
2.110960786943564358e+02
2.108799158270776957e+02
2.106515352233798524e+02
2.104108145052815644e+02
2.101585007270707024e+02
2.098936020784967411e+02
2.096168656138476081e+02
2.093277342390073557e+02
2.090265202921293053e+02
2.087135361113666647e+02
2.083886593187381493e+02
2.080522022523970236e+02
2.077036078182273684e+02
2.073431883543825336e+02
2.069716909151502477e+02
2.065881236902801561e+02
2.061936684501946218e+02
2.057877681007777539e+02
2.053703002640482680e+02
2.049424467104285554e+02
2.045032156296681762e+02
2.040529193599203381e+02
2.035923049554729403e+02
2.031208153222101203e+02
2.026387627982851143e+02
2.021464597218511301e+02
2.016437837149269399e+02
2.011310471156657513e+02
2.006081275460862230e+02
2.000753373443417900e+02
1.995325541324509686e+02
1.989809596808362357e+02
1.984199968953817006e+02
1.978499781142406277e+02
1.972712156755663102e+02
1.966840219175119557e+02
1.960887091782308858e+02
1.954851550797417872e+02
1.948736719601978393e+02
1.942541374416178144e+02
1.936277332944241323e+02
1.929934677083662962e+02
1.923520877377321483e+02
1.917043404368095594e+02
1.910492339953480325e+02
1.903883848999046222e+02
1.897212037316339206e+02
1.890482759211764971e+02
1.883697198583089687e+02
1.876852192166732323e+02
1.869948923860458194e+02
1.862992924723379531e+02
1.855981031491915871e+02
1.848914428063831963e+02
1.841794298336893405e+02
1.834626173370212143e+02
1.827406889900206863e+02
1.820137631824643165e+02
1.812823930202633278e+02
1.805462621770596172e+02
1.798063584748989285e+02
1.790623655874231588e+02
1.783144019044088964e+02
1.775630205317672505e+02
1.768083398592747812e+02
1.760504782767080769e+02
1.752895541738435838e+02
1.745256859404579188e+02
1.737594266824621627e+02
1.729904600734983262e+02
1.722197739356121247e+02
1.714466172263109343e+02
1.706719777676403567e+02
1.698959739493770940e+02
1.691182894451630432e+02
1.683399120770438628e+02
1.675605255186615921e+02
1.667806828759272548e+02
1.660005025386175248e+02
1.652205376126435112e+02
1.644404717716471112e+02
1.636612928376740399e+02
1.628831192005008290e+02
1.621056345337695461e+02
1.613298266595257644e+02
1.605558139675460723e+02
1.597832801314725089e+02
1.590132129733507043e+02
1.582457308829571900e+02
1.574805175339339769e+02
1.567185607483267233e+02
1.559595441997774685e+02
1.552044557103318425e+02
1.544529789536318276e+02
1.537061017517231676e+02
1.529635077782477879e+02
1.522261413075043208e+02
1.514939029905334280e+02
1.507666499306289438e+02
1.500446739472191382e+02
1.493282668597321674e+02
1.486172857714618658e+02
1.479115877857017267e+02
1.472114647218802190e+02
1.465167736832908929e+02
1.458278064893620467e+02
1.451444202433874295e+02
1.444669067647952545e+02
1.437951231568791854e+02
1.431293612390675207e+02
1.424699128307885303e+02
1.418166350353359064e+02
1.411698196721378622e+02
1.405293238444881467e+02
1.398954393718150300e+02
1.392680233574121189e+02
1.386473676207077688e+02
1.380337639811301926e+02
1.374266348258385051e+02
1.368262719742609761e+02
1.362334019619605101e+02
1.356474471760961080e+02
1.350686994360961251e+02
1.344974505613887459e+02
1.339339923714022405e+02
1.333777472532958370e+02
1.328298764587668757e+02
1.322898023749744425e+02
1.317578168213468359e+02
1.312337769011777482e+02
1.307179744338953924e+02
1.302107012389280953e+02
1.297113797034349432e+02
1.292207363629787835e+02
1.287381936047187310e+02
1.282644779642175763e+02
1.277994465447690828e+02
1.273429564496669286e+02
1.268957342144739329e+02
1.264572022263491675e+02
1.260276523047209878e+02
1.256073762690175641e+02
1.251966659386672234e+02
1.247945089846945166e+02
1.244020666587967838e+02
1.240187613481331965e+02
1.236448709051931871e+02
1.232806173147108666e+02
1.229253391622123814e+02
1.225796791816275970e+02
1.222434106746172802e+02
1.219167416589767186e+02
1.215990107202320161e+02
1.212908605923130949e+02
1.209916298607460448e+02
1.207023959755953939e+02
1.204216280901181193e+02
1.201504036543786214e+02
1.198884959700376385e+02
1.196356783387559233e+02
1.193917240621942142e+02
1.191564064420132212e+02
1.189303682121427528e+02
1.187133826742436042e+02
1.185047884138418794e+02
1.183052281648675290e+02
1.181144752289811777e+02
1.179318681917090430e+02
1.177580497869809903e+02
1.175923586003231378e+02
1.174354373656653650e+02
1.172866246685338609e+02
1.171461285267238708e+02
1.170137222418961613e+02
1.168891791157114284e+02
1.167722724498304103e+02
1.166636449781829583e+02
1.165626352862952615e+02
1.164690166758280014e+02
1.163825624484419308e+02
1.163034806219323372e+02
1.162319792140945367e+02
1.161669620943200556e+02
1.161090719965388161e+02
1.160576475062769504e+02
1.160128966413297462e+02
1.159745927033579420e+02
1.159429437101568112e+02
1.159172882472525714e+02
1.158973996163058473e+02
1.158834858351120118e+02
1.158753202053317608e+02
1.158726760286258184e+02
1.158753266066549088e+02
1.158830452410797704e+02
1.158960399496956910e+02
1.159132369318967193e+02
1.159353905716252342e+02
1.159619734344223758e+02
1.159933275180983685e+02
1.160289253881943949e+02
1.160691090425206937e+02
1.161133510466184191e+02
1.161615586821632462e+02
1.162145086631000339e+02
1.162712388388353162e+02
1.163316564910448392e+02
1.163961036175388415e+02
1.164640527838584347e+02
1.165354112716793651e+02
1.166105210788118995e+02
1.166888547707971355e+02
1.167703196293107766e+02
1.168548229360285546e+02
1.169427066887606941e+02
1.170330087369138283e+02
1.171260710782981533e+02
1.172218009945894011e+02
1.173196710513286831e+02
1.174204579624608442e+02
1.175227648612579117e+02
1.176269337455301525e+02
1.177333066130877768e+02
1.178409213133373754e+02
1.179501198440892296e+02
1.180608094870190286e+02
1.181724628076678982e+02
1.182845523715769929e+02
1.183978548926911287e+02
1.185114082204168398e+02
1.186255543525644640e+02
1.187397658546750563e+02
1.188539500084243770e+02
1.189680140954881153e+02
1.190814306814073547e+02
1.191941070478578268e+02
1.193059504765152639e+02
1.194168682490553124e+02
1.195267676471536760e+02
1.196346865202169312e+02
1.197409668660553592e+02
1.198455159663446210e+02
1.199478063866258850e+02
1.200477454085748263e+02
1.201448055977325993e+02
1.202388942357748363e+02
1.203303854538488906e+02
1.204184777680461167e+02
1.205032712600641389e+02
1.205848660116005391e+02
1.206633621043528279e+02
1.207384249038840807e+02
1.208101544918917938e+02
1.208786509500735917e+02
1.209435796439924644e+02
1.210050406553459652e+02
1.210631340658317185e+02
1.211170905248780798e+02
1.211678795464518004e+02
1.212147317799813351e+02
1.212573125910296028e+02
1.212965914935633975e+02
1.213317991370111457e+02
1.213626008869358088e+02
1.213899662573040956e+02
1.214126911814098975e+02
1.214313104570853312e+02
1.214459241660280071e+02
1.214557629576662805e+02
1.214613616298323677e+02
1.214628202642238364e+02
1.214593695102690560e+02
1.214511094496656511e+02
1.214381401641111609e+02
1.214201270191686035e+02
1.213976048126701244e+02
1.213698041940441357e+02
1.213372599611228111e+02
1.212996374794690979e+02
1.212566021146460571e+02
1.212086886644858055e+02
1.211551277784167553e+02
1.210964542542710660e+02
1.210323334576117276e+02
1.209624307540017440e+02
1.208872809412732749e+02
1.208065493849892817e+02
1.207199014507128254e+02
1.206270025040068532e+02
1.205288220588381165e+02
1.204241560485004214e+02
1.203139739869605336e+02
1.201975065236468510e+02
1.200744190241223777e+02
1.199456810023538509e+02
1.198100883916350909e+02
1.196686223777970071e+02
1.195205719695885875e+02
1.193661072798922618e+02
1.192053984215903597e+02
1.190386155075652397e+02
1.188654939345646966e+02
1.186857690993365253e+02
1.185000458308976476e+02
1.183080595259958443e+02
1.181099802975134310e+02
1.179055435421982594e+02
1.176949193729326311e+02
1.174778431864643977e+02
1.172549198118104243e+02
1.170258846457185484e+02
1.167904730849365080e+02
1.165497246746158453e+02
1.163025053792351429e+02
1.160498547439459713e+02
1.157910734493615195e+02
1.155267663244987233e+02
1.152571034822398985e+02
1.149813856031983050e+02
1.147002175163908646e+02
1.144137693346999356e+02
1.141213417387386926e+02
1.138235395575241000e+02
1.135205329039385447e+02
1.132120571747297646e+02
1.128982824827801181e+02
1.125798136571065413e+02
1.122559513783222513e+02
1.119268657593096350e+02
1.115931616290855857e+02
1.112545743843978840e+02
1.109112741381289311e+02
1.105629962870264649e+02
1.102103456601074498e+02
1.098530576541196524e+02
1.094913023819454310e+02
1.091248152403325804e+02
1.087542010582980367e+02
1.083796299487241299e+02
1.080008373083586406e+02
1.076184279662185617e+02
1.072321373190516312e+02
1.068417007636056155e+02
1.064481578450320853e+02
1.060512439600787502e+02
1.056511292216280253e+02
1.052475340386987739e+02
1.048409883016635007e+02
1.044311374808966377e+02
1.040180617629072657e+02
1.036018413342043942e+02
1.031829910974315965e+02
1.027607218068287267e+02
1.023359830811740494e+02
1.019079856747074047e+02
1.014776792062069717e+02
1.010442744299126190e+02
1.006087209646025258e+02
1.001702295645165890e+02
9.972931513229839595e+01
9.928649257059154820e+01
9.884097263363594266e+01
9.839327022407516665e+01
9.794390024455285015e+01
9.749207344930883323e+01
9.703873945712133775e+01
9.658354373836475304e+01
9.612613176341358212e+01
9.566745315104601843e+01
9.520715337163650815e+01
9.474574732782861020e+01
9.428244577386224989e+01
9.381819832851560648e+01
9.335265046216308349e+01
9.288631707744835353e+01
9.241927836088036941e+01
9.195161449896824024e+01
9.148340567822094727e+01
9.101473208514754276e+01
9.054567390625703638e+01
9.007718076032760735e+01
8.960802868546460331e+01
8.913916730044610404e+01
8.867111150791582475e+01
8.820307206211356288e+01
8.773556386568297683e+01
8.726866710513309044e+01
8.680246196697285654e+01
8.633746335384600457e+01
8.587375145226147310e+01
8.541097173259376518e+01
8.495007381362101739e+01
8.449070316571769013e+01
8.403293997539283566e+01
8.357729914529005555e+01
8.312342614578379596e+01
8.267181225198724803e+01
8.222241951275735516e+01
8.177518634942066456e+01
8.133005118330373762e+01
8.088738715186762818e+01
8.044669796030437681e+01
8.000879146220961502e+01
7.957273664664079149e+01
7.913977608332810121e+01
7.870897876132895021e+01
7.828115253423908371e+01
7.785580110725041436e+01
7.743329761782405285e+01
7.701314577115201132e+01
7.659615342082990708e+01
7.618182427204975227e+01
7.577053146227268599e+01
7.536177869669060669e+01
7.495637382889925959e+01
7.455338584795602230e+01
7.415405732359111823e+01
7.375745724486196764e+01
7.336395874922969540e+01
7.297436969029000409e+01
7.258732434096563679e+01
7.220406527098694482e+01
7.182409618554585506e+01
7.144779022210346398e+01
7.107508580198631876e+01
7.070548663038640314e+01
7.033980056089939126e+01
6.997753129871728106e+01
6.961905198130111216e+01
6.926430102997750282e+01
6.891365158220754950e+01
6.856704205931775675e+01
6.822397616650009411e+01
6.788526175735029256e+01
6.755083725319487087e+01
6.722064107536033362e+01
6.689461164517327063e+01
6.657312210009474995e+01
6.625567614531679794e+01
6.594308163443504611e+01
6.563484227264147819e+01
6.533089648126264137e+01
6.503161739775964634e+01
6.473694344345905449e+01
6.444724775582191967e+01
6.416203404004025401e+01
6.388166529313649988e+01
6.360602923424380606e+01
6.333543815819124490e+01
6.306933492753869075e+01
6.280846655324985051e+01
6.255184118175000663e+01
6.230020582400284468e+01
6.205343805870283802e+01
6.181098074840988232e+01
6.157358090408762052e+01
6.134068138829599803e+01
6.111259449586404457e+01
6.088919780548624772e+01
6.067036889585713055e+01
6.045598534567116644e+01
6.024635944975739932e+01
6.004136878681035228e+01
5.984089093552450578e+01
5.964480347459431897e+01
5.945341869884889263e+01
5.926617947084812954e+01
5.908383280155566553e+01
5.890582155353141758e+01
5.873245802160445805e+01
5.856361978446925320e+01
5.839918442082032612e+01
5.823902950935212175e+01
5.808303262875917738e+01
5.793150607387052986e+01
5.778432742338068095e+01
5.764093953984951924e+01
5.750208943424071606e+01
5.736721996911415999e+01
5.723664343929893761e+01
5.710980270735495878e+01
5.698701006811128167e+01
5.686857781639697862e+01
5.675351409863737473e+01
5.664256592579611294e+01
5.653561087656768791e+01
5.643209181351203085e+01
5.633232103145817860e+01
5.623617610910061160e+01
5.614309990899927527e+01
5.605383944211779124e+01
5.596827228715066127e+01
5.588584130665780236e+01
5.580642407933368077e+01
5.573033290000739015e+01
5.565744534737336835e+01
5.558764819369159937e+01
5.552086498548366933e+01
5.545702846283659682e+01
5.539650608197203496e+01
5.533879586684245311e+01
5.528383055753487696e+01
5.523197761027092412e+01
5.518273504900307813e+01
5.513647032995297081e+01
5.509311619320760656e+01
5.505217066271947601e+01
5.501400119471021100e+01
5.497854052926683011e+01
5.494572140647638037e+01
5.491504185029133822e+01
5.488730403306790606e+01
5.486200597875856033e+01
5.483908042745031253e+01
5.481802540309563909e+01
5.479964307805074242e+01
5.478343147626810605e+01
5.476932333783475570e+01
5.475768611897230187e+01
5.474758312749866462e+01
5.473981653577001794e+01
5.473344965160426767e+01
5.472928464735760201e+01
5.472681954698249029e+01
5.472555237443137344e+01
5.472628530206050357e+01
5.472851635382230029e+01
5.473217826980382483e+01
5.473676907395753943e+01
5.474309093863966780e+01
5.475020717166806605e+01
5.475891994539894370e+01
5.476829256765019238e+01
5.477869249464342971e+01
5.478961775033113213e+01
5.480187050706948781e+01
5.481407935654179653e+01
5.482704647110429619e+01
5.484070459084399829e+01
5.485455173971337217e+01
5.486852065779947196e+01
5.488254408518933758e+01
5.489655476197001605e+01
5.491048542822852596e+01
5.492426882405195698e+01
5.493783768952732061e+01
5.495114133009988677e+01
5.496376059651317547e+01
5.497572762100354993e+01
5.498750925194189421e+01
5.499826818929537353e+01
5.500890599756950650e+01
5.501902009286600048e+01
5.502864260742123292e+01
5.503737095733692541e+01
5.504567199098398333e+01
5.505357784059872728e+01
5.506068592228294989e+01
5.506659365213837276e+01
5.507220259467047896e+01
5.507711016598103981e+01
5.508134849830635460e+01
5.508451500774820175e+01
5.508664182654290187e+01
5.508819580306136743e+01
5.508877435340534845e+01
5.508840960981116552e+01
5.508713370451514635e+01
5.508497876975363283e+01
5.508154222162836788e+01
5.507685619237570052e+01
5.507138753036651480e+01
5.506429893556799016e+01
5.505605725635102488e+01
5.504669462495197507e+01
5.503624317360716134e+01
5.502430031841831237e+01
5.501089819162177719e+01
5.499563420931932001e+01
5.497940993601638837e+01
5.496138807168019724e+01
5.494203546468163069e+01
5.492094953112244582e+01
5.489816240323897034e+01
5.487370621326752484e+01
5.484761309344447255e+01
5.481948045987153506e+01
5.478977516091961775e+01
5.475809461269048484e+01
5.472447094742045692e+01
5.468893629734586881e+01
5.465108807856848472e+01
5.461139313945919582e+01
5.456944889611975213e+01
5.452572219692107325e+01
5.447937574183032439e+01
5.443088462873492261e+01
5.438032223745372562e+01
5.432690076505293320e+01
5.427200598927162645e+01
5.421441539104147722e+01
5.415464531583238994e+01
5.409277739297972687e+01
5.402845853568429391e+01
5.396177037328142490e+01
5.389322925124108110e+01
5.382248208276403290e+01
5.374917578105107907e+01
5.367382669157213826e+01
5.359651644366257983e+01
5.351689195052319548e+01
5.343503484148934746e+01
5.335102674589639093e+01
5.326494929307968107e+01
5.317644939624002376e+01
5.308604340084733764e+01
5.299337822010240728e+01
5.289853548334060207e+01
5.280203153603185484e+01
5.270307857524237960e+01
5.260219294644212340e+01
5.249902156283184951e+01
5.239408076988151208e+01
5.228701748079188150e+01
5.217834804103289059e+01
5.206728464767078179e+01
5.195434364617545953e+01
5.183960666588230737e+01
5.172315533612667338e+01
5.160463657010934213e+01
5.148413199716569721e+01
5.136172324663105826e+01
5.123792666397540074e+01
5.111195444626490314e+01
5.098432293896953382e+01
5.085511377142464084e+01
5.072397385683100168e+01
5.059141954065857050e+01
5.045709773610811055e+01
5.032109007251497701e+01
5.018347817921457477e+01
5.004477840167680824e+01
4.990420293696789855e+01
4.976226813055777143e+01
4.961862089564721856e+01
4.947377757770617990e+01
4.932781470892511777e+01
4.918035371678033840e+01
4.903144564773781866e+01
4.888114154826356383e+01
4.872992718095812847e+01
4.857698416001833408e+01
4.842323296417933420e+01
4.826785520763795745e+01
4.811177136912932895e+01
4.795416306285029862e+01
4.779551605140143522e+01
4.763544666511413084e+01
4.747444066658894712e+01
4.731211438615731879e+01
4.714895358641977197e+01
4.698500931384231194e+01
4.681946318262178153e+01
4.665323567149329875e+01
4.648637782692285469e+01
4.631807126310730638e+01
4.614923645878176472e+01
4.597948974427763602e+01
4.580931688219551035e+01
4.563789948673219499e+01
4.546615803662283639e+01
4.529370886219884795e+01
4.512016829379163596e+01
4.494645681013633265e+01
4.477219074156436562e+01
4.459785585067628944e+01
4.442263375166893269e+01
4.424701020714284994e+01
4.407103626356403936e+01
4.389476296739848493e+01
4.371867608124675542e+01
4.354195721930566521e+01
4.336509214417579727e+01
4.318856661845769906e+01
4.301199697248277687e+01
4.283499953658246540e+01
4.265849478949187557e+01
4.248253377767699135e+01
4.230629811533467688e+01
4.213070828120005018e+01
4.195538060560451044e+01
4.178080085114864062e+01
4.160658534816383991e+01
4.143278514311609229e+01
4.125988599860596651e+01
4.108750424496486886e+01
4.091567907678586380e+01
4.074527171343948595e+01
4.057495794175045489e+01
4.040602184535094210e+01
4.023757392720029458e+01
4.007002883866150000e+01
3.990336651496302522e+01
3.973713217519874519e+01
3.957217518686630342e+01
3.940760605292494745e+01
3.924427414087234212e+01
3.908128995366774205e+01
3.891950285880879079e+01
3.875845807538934196e+01
3.859813553863785529e+01
3.843894989991738953e+01
3.828044637832178410e+01
3.812303962521409773e+01
3.796627485968820537e+01
3.781100144924170792e+01
3.765632989683390974e+01
3.750267485382785537e+01
3.735045097158656091e+01
3.719876875306933783e+01
3.704847756577378703e+01
3.689912262879379767e+01
3.675068387735781528e+01
3.660357596282887727e+01
3.645777882043545048e+01
3.631283766927138856e+01
3.616916716069974314e+01
3.602674722994895973e+01
3.588555781224749808e+01
3.574601355895839561e+01
3.560722497304094247e+01
3.547004142199275378e+01
3.533400812490771870e+01
3.519953973314884621e+01
3.506618146581003259e+01
3.493434797425432237e+01
3.480401919371013264e+01
3.467517505940595157e+01
3.454736079043564700e+01
3.442142575429681983e+01
3.429734988621793690e+01
3.417424368915830968e+01
3.405339124675009543e+01
3.393390306195263406e+01
3.381575906999433556e+01
3.369980863837284346e+01
3.358515836919082886e+01
3.347263812566274055e+01
3.336133500560816145e+01
3.325207497138489288e+01
3.314437983694709544e+01
3.303864084851802829e+01
3.293481453618637289e+01
3.283242271390626144e+01
3.273142191176636828e+01
3.263263809212457289e+01
3.253559306893497194e+01
3.243980865615169051e+01
3.234654553226714313e+01
3.225445607896630662e+01
3.216436625860703913e+01
3.207579788514342312e+01
3.198914220479877457e+01
3.190435574766176074e+01
3.182139504382107376e+01
3.173978190723084936e+01
3.166034230024893148e+01
3.158259803682942035e+01
3.150650564706103651e+01
3.143202166103245432e+01
3.135953732496695068e+01
3.128857445281865779e+01
3.121952429081083480e+01
3.115234336903216317e+01
3.108698821757137054e+01
3.102298065038255359e+01
3.096114662982355625e+01
3.090100796984850362e+01
3.084252120054610558e+01
3.078564285200503292e+01
3.073076417044856967e+01
3.067784168596540439e+01
3.062639721250966574e+01
3.057682199630460929e+01
3.052863785130437080e+01
3.048223602373221652e+01
3.043800775981140561e+01
3.039504015736149967e+01
3.035372446260575430e+01
3.031423456370015757e+01
3.027635310427958260e+01
3.024016702927307776e+01
3.020558939715590441e+01
3.017266368124365172e+01
3.014130294001156685e+01
3.011155064677526028e+01
