# a
1.000000000000000000e+00
9.090909090909090606e-01
8.333333333333333703e-01
7.692307692307691624e-01
7.142857142857143016e-01
6.666666666666666297e-01
6.250000000000000000e-01
5.882352941176469674e-01
5.555555555555555802e-01
5.263157894736841813e-01
5.000000000000000000e-01
4.761904761904761640e-01
4.545454545454545303e-01
4.347826086956522174e-01
4.166666666666666297e-01
4.000000000000000222e-01
3.846153846153845812e-01
3.703703703703703498e-01
3.571428571428571508e-01
3.448275862068965192e-01
3.333333333333333148e-01
3.225806451612903136e-01
3.125000000000000000e-01
3.030303030303029832e-01
2.941176470588234837e-01
2.857142857142856984e-01
2.777777777777777901e-01
2.702702702702702298e-01
2.631578947368420907e-01
2.564102564102563875e-01
2.500000000000000000e-01
