# d_z
1.000000000000000000e+00
9.480655182616822829e-01
8.986542293930706027e-01
8.520856697805873070e-01
8.085014984388344539e-01
7.679117617367070547e-01
7.302350067008357426e-01
6.953321688279187063e-01
6.630306935250642741e-01
6.331429128890027069e-01
6.054781656175316495e-01
5.798505167426948326e-01
5.560834448278441089e-01
5.340126336102259952e-01
5.134866202879234676e-01
4.943673022677959605e-01
4.765293558916822159e-01
4.598595004372993955e-01
4.442556588252395966e-01
4.296258629310495958e-01
4.158873501996649402e-01
4.029656686308774605e-01
3.907938055376074526e-01
3.793113251956907184e-01
3.684637213730012628e-01
3.582017829410153453e-01
3.484809593050263721e-01
3.392609616323067345e-01
3.305052084030793980e-01
3.221804033763859820e-01
3.142563718422205499e-01
