# da
0.000000000000000000e+00
3.798999484858094320e+02
6.787909299218526940e+02
9.151673398186404711e+02
1.102592748826192292e+03
1.251267725100308326e+03
1.369010400870933836e+03
1.461899015053909125e+03
1.534710915677153025e+03
1.591233291464976901e+03
1.634489439680717851e+03
1.666907174982616198e+03
1.690446266729551098e+03
1.706696088822309548e+03
1.716951172556206984e+03
1.722270116980235798e+03
1.723521820145943138e+03
1.721421964388995093e+03
1.716561956354009908e+03
1.709431990201288272e+03
1.700439509198639144e+03
1.689924046785984956e+03
1.678169206153458617e+03
1.665412367581923263e+03
1.651852589702871001e+03
1.637657053982372418e+03
1.622966352772552227e+03
1.607898835089172735e+03
1.592554193154228415e+03
1.577016431540404938e+03
1.561356332917661803e+03
