# f_z
5.299147754649383701e-01
5.882348368224296076e-01
6.407136452897200796e-01
6.871980186118723521e-01
7.278804154520368552e-01
7.631744759075433926e-01
7.936111101918279509e-01
8.197617582625300603e-01
8.421878754514995347e-01
8.614115465127958338e-01
8.779009362319309950e-01
8.920660670834605899e-01
9.042600523978504556e-01
9.147837497890838332e-01
9.238915846022021094e-01
9.317978500921005880e-01
9.386825091919021036e-01
9.446966057924245375e-01
9.499669774573850090e-01
9.546001462552111683e-01
9.586857591242182730e-01
9.622994714305712627e-01
9.655051715226227182e-01
9.683571171697734625e-01
9.709013126597382248e-01
9.731770137955066957e-01
9.752177969851195671e-01
9.770524301565095548e-01
9.787056117221389906e-01
9.801987339839436375e-01
9.815502073298228991e-01
