# fsigma_8
4.848946312809669368e-01
5.103294506275601883e-01
5.269139453236453274e-01
5.358844001492923947e-01
5.386055286201577585e-01
5.364014881780343469e-01
5.304579497538626232e-01
5.217794239706765591e-01
5.111832378076065497e-01
4.993142587581125835e-01
4.866688130373704735e-01
4.736209932823509661e-01
4.604472784945704555e-01
4.473480112113472629e-01
4.344650895340076424e-01
4.218961845951790801e-01
4.097058181134032306e-01
3.979339924794717542e-01
3.866027040016009053e-01
3.757208792500486005e-01
3.652881120500376944e-01
3.552974426073227110e-01
3.457374039468484872e-01
3.365935707570976709e-01
3.278496510502708072e-01
3.194883226794982267e-01
3.114918280498572556e-01
3.038423849933186704e-01
2.965224828575890870e-01
2.895151049542996069e-01
2.828038309590246158e-01
