# h
6.999999999999998579e+01
7.359319475000980049e+01
7.768409516581324681e+01
8.225534468090260987e+01
8.728510366483016014e+01
9.274925429838647517e+01
9.862307051258574120e+01
1.048823706551622763e+02
1.115042369000863687e+02
1.184674061564421521e+02
1.257524308679326879e+02
1.333416898963664323e+02
1.412193091804378184e+02
1.493710337188847177e+02
1.577840782109912539e+02
1.664469733671365077e+02
1.753494178102100989e+02
1.844821408271722021e+02
1.938367782895613232e+02
2.034057622878564757e+02
2.131822240143449960e+02
2.231599089033115320e+02
2.333331028090131838e+02
2.436965679492526817e+02
2.542454873879646016e+02
2.649754169260183971e+02
2.758822433864193613e+02
2.869621484013866279e+02
2.982115769251104211e+02
3.096272098026974504e+02
3.212059398210145673e+02
