# sigma_8
9.150426705040042297e-01
8.675607405101940506e-01
8.223860209585259762e-01
7.798107468816183330e-01
7.399643089526822815e-01
7.028556445630107508e-01
6.684104379859838740e-01
6.365012989585882019e-01
6.069705498117740072e-01
5.796465821470103696e-01
5.543550450307280775e-01
5.309259154210599352e-01
5.091978543933132206e-01
4.890205049165877726e-01
4.702554896861348421e-01
4.527765164445036183e-01
4.364690021401516629e-01
4.212294085101314089e-01
4.069643610521647692e-01
3.935897985391677012e-01
3.810300805800400092e-01
3.692171233131109620e-01
3.580896448245979302e-01
3.475923962234747644e-01
3.376755667907608283e-01
3.282941521948361530e-01
3.194074482775360879e-01
3.109785878580206275e-01
3.029741316552027608e-01
2.953636797484805454e-01
2.881195774267675258e-01
